-0.5024034845780712
-0.48085059061639557
-0.4606952883298098
-0.44182688291845185
-0.4241450128296902
-0.4075585342206754
-0.39198454182747017
-0.3773475082394377
-0.363578533183765
-0.3506146546108212
-0.33839826850240284
-0.3268766001086003
-0.3160013089784374
-0.3057279331924886
-0.2960156213103907
-0.2868267759566438
-0.2781267570829742
-0.2698836158800141
-0.26206785774805275
-0.2546522295025024
-0.24761152137638176
-0.2409223957221622
-0.23456323119545552
-0.228513977623986
-0.22275603063721164
-0.21727210374663242
-0.21204613260235036
-0.2070631750373148
-0.20230932050767175
-0.19777161323409495
-0.1934379830699554
-0.18929715517785556
-0.185338614731865
-0.1815525419383421
-0.17792976778241443
-0.174461808529335
-0.17114064548779126
-0.1679587919603028
-0.16490922058533997
-0.16198534955258043
-0.15918099298679533
-0.1564903654426764
-0.1539080068104985
-0.15142882294876553
-0.14904801376539853
-0.14676104616723326
-0.14456364753055834
-0.1424518394686215
-0.14042183561490468
-0.13847004056648785
-0.13659311363282725
-0.13478791188340986
-0.1330514729721256
-0.131381011110521
-0.12977388304267753
-0.12822765365403985
-0.12673996668942672
-0.1253084925565726
-0.12393125689011637
-0.1226063067251343
-0.12133178755221459
-0.12010591832706217
-0.1189270654469377
-0.11779364246178528
-0.11670420993062541
-0.1156573913390794
-0.11465164273253702
-0.1136857476046761
-0.1127585489363259
-0.11186892839197471
-0.11101580922136518
-0.1101982172203482
-0.10941509956449136
-0.10866574643218466
-0.10794927256598297
-0.10726491808983676
-0.10661180476459786
-0.10598926945528538
-0.10539661230770243
-0.1048332707316519
-0.10429861277008715
-0.10379204996128438
-0.10331315510888367
-0.10286133934173794
-0.1024362038157449
-0.10203739272963551
-0.10166444488845025
-0.10131703278313628
-0.10099478561367888
-0.10069748589967205
-0.10042478939399886
-0.10017643120590349
-0.09995226428487082
-0.09975203183567208
-0.0995755382917223
-0.09942269028106845
-0.09929337917658583
-0.09918736429137319
-0.09910465134294445
-0.0990451845936519
-0.09900894493132448
-0.09899590243664608
-0.09900605586615092
-0.0990394517864476
-0.09909618145873583
-0.09917629744307255
-0.0992798659309603
-0.09940703429300594
-0.09955797943254097
-0.09973284809276989
-0.09993181385734376
-0.10015511889021451
-0.1004030516909215
-0.10067587329835492
-0.10097381298863384
-0.10129724840894953
-0.10164635423128117
-0.10202169544570784
-0.10242365696077785
-0.10285268991773618
-0.10330927640102702
-0.10379392039794014
-0.10430727465551452
-0.10485003662892872
-0.1054226284419489
-0.10602572628042758
-0.10666002308896212
-0.10732629272979131
-0.10802528813971124
-0.10875786876898193
-0.109524920352154
-0.11032739239907924
-0.11116627239697877
-0.11204261710065873
-0.11295754595793943
-0.1139122111855253
-0.11490785716080087
-0.11594582205713186
-0.11702749789256851
-0.11815436641481189
-0.11932800934701088
-0.1205500681274346
-0.12182223691367362
-0.12314642316936307
-0.12452462538637382
-0.12595886186247868
-0.1274513455564556
-0.12900436389834632
-0.1306203312803201
-0.1323020123550647
-0.13405213637912
-0.1358736065989555
-0.13776956149505565
-0.13974330446749633
-0.141798343659569
-0.14393836792710155
-0.14616734205792645
-0.14848947771109042
-0.1509092530365698
-0.15343140397300373
-0.15606100831185746
-0.158803500740636
-0.16166466374682936
-0.16465064811779936
-0.16776804511905674
-0.17102386095130068
-0.17442561780723237
-0.17798132202663508
-0.1816995719366654
-0.185589548572045
-0.18966112489953998
-0.19392486531861364
-0.19839209418062892
-0.20307496121004606
-0.20798652060311063
-0.21314080507825148
-0.2185528859472794
-0.22423899277366424
-0.2302165978105272
-0.23650453324396187
-0.2431231020615088
-0.2500942915250206
-0.2574417193132819
-0.2651909846136075
-0.27336978917333
-0.2820081329728603
-0.2911385359125301
-0.3007961886982465
-0.3110194621515681
-0.3218500125968616
-0.3333331799327541
-0.345518368856411
-0.3584594776912623
-0.372215378627862
-0.3868504621141883
-0.40243524447885265
-0.4190470433945178
-0.4367707921877337
-0.4556999058212683
-0.47593729469740137
-0.49759651542192884
