-0.4998311717554744
-0.39456502562609175
-0.3141439361311059
-0.25261173404878057
-0.20544808491529848
-0.16922101882862617
-0.14132387080993336
-0.11977604464959288
-0.10307204586437922
-0.09006704023424575
-0.07989007306813432
-0.07187823546496036
-0.06552671892372548
-0.06045087787997785
-0.05635744354999564
-0.05302265200581409
-0.05027562410424821
-0.04798574473101115
-0.046053050137681434
-0.044400940721496786
-0.04297061866149195
-0.041716870679451214
-0.04060485077300563
-0.03960762772643287
-0.0387043249467097
-0.0378786976553619
-0.03711805067830961
-0.03641240909592091
-0.035753890274616056
-0.03513622097727582
-0.03455436663082479
-0.03400425763632313
-0.033482563819196585
-0.03298654543082773
-0.032513923864028155
-0.03206278063862858
-0.03163144167733261
-0.03121856224247507
-0.030822926348725105
-0.03044347381924678
-0.030079262493823873
-0.02972945783977727
-0.029393298315170124
-0.029070096114011422
-0.028759219645735256
-0.028460097354218762
-0.028172190911772796
-0.027895007572743578
-0.02762808949803303
-0.027371003415992575
-0.02712334751953926
-0.02688474462794585
-0.0266548473502697
-0.02643333012416795
-0.026219881376511153
-0.026014211290905566
-0.02581605483341582
-0.02562512764329684
-0.025441206110932858
-0.02526406121351758
-0.025093478318867705
-0.02492924743564821
-0.024771175846544095
-0.02461907327681991
-0.024472768077402337
-0.02433205400357534
-0.024196796921622556
-0.024066846965488366
-0.02394206862367647
-0.023822327752538595
-0.02370749234612527
-0.023597443728469787
-0.023492079318723613
-0.023391284557817
-0.023294959641452184
-0.023203013256960187
-0.023115351448802102
-0.02303188322879265
-0.022952534483572293
-0.02287722950393475
-0.022805894914764643
-0.022738468453131166
-0.02267488520479023
-0.022615082636696593
-0.022559015464268802
-0.022506636285344578
-0.022457889434182757
-0.022412734208211625
-0.02237113197120372
-0.022333043162713367
-0.02229844260450301
-0.022267288706807845
-0.022239558487918913
-0.022215232377253487
-0.02219428031161761
-0.022176696594375885
-0.022162462715083372
-0.022151560688594096
-0.022143980645739223
-0.02213972682470002
-0.022138791203687842
-0.02214117771869158
-0.02214687879103312
-0.022155910420980758
-0.022168276615490215
-0.022183993256626223
-0.022203062776413377
-0.02222551173294042
-0.02225135688183931
-0.02228062715823632
-0.022313335743897433
-0.022349523512213098
-0.02238921806549546
-0.022432463607420648
-0.02247928183880715
-0.022529731293064004
-0.022583822272959155
-0.022641635113161238
-0.022703208822104397
-0.022768608144616693
-0.022837885039782176
-0.02291111032890029
-0.022988356694344004
-0.023069752514092205
-0.023155316967181285
-0.023245145160908604
-0.023339316687750064
-0.02343793741109145
-0.0235410947943659
-0.023648905240246147
-0.02376147183066822
-0.023878918137399226
-0.024001364137058813
-0.024128943869389005
-0.024261800728945508
-0.02440007098366289
-0.024543907143059814
-0.024693481240478467
-0.024848962453804947
-0.02501053622241829
-0.025178394067692088
-0.025352743259502663
-0.02553379641760932
-0.02572178061114638
-0.025916939735949145
-0.02611953252982017
-0.026329818403151233
-0.026548085506775464
-0.026774620058635488
-0.02700978010008633
-0.027253899073359244
-0.027507334514549054
-0.027770469887783804
-0.028043718561050444
-0.028327524133016892
-0.028622356603300945
-0.028928731596375636
-0.029247197444939706
-0.029578358061847963
-0.029922861239986543
-0.030281415749597904
-0.030654802631095504
-0.031043890244406694
-0.031449643152129204
-0.03187315385325251
-0.03231565317280046
-0.03277858550627846
-0.03326359805719378
-0.0337726234528161
-0.034307965119705144
-0.034872389554429964
-0.035469232775118216
-0.036102581269219274
-0.03677747678680618
-0.037500208761857105
-0.03827867315132939
-0.039122849496138645
-0.04004545176656632
-0.04106268048879158
-0.042195392677399114
-0.04347042439483675
-0.04492250739367406
-0.0465967478466048
-0.04855173526667344
-0.05086380532396636
-0.05363257787570912
-0.05698823056823355
-0.06110105749472308
-0.06619417241166109
-0.0725600207687891
-0.08058226768462476
-0.09076458870977092
-0.10376860043621268
-0.12046384936709108
-0.14199370745393705
-0.16986228688360808
-0.20604908798127777
-0.2531603383464387
-0.31462876407816426
-0.3949774974213199
-0.5001688282445256
