-0.5047269524731705
-0.4833938427953834
-0.46342278932306546
-0.44470593064188335
-0.42714544973831586
-0.4106524993907603
-0.39514625255649044
-0.38055307409031724
-0.36680578382784523
-0.35384300622171444
-0.3416085956459561
-0.3300511246465332
-0.3191234283227921
-0.30878220206264145
-0.29898763838073983
-0.28970310431841123
-0.2808948503011893
-0.27253175304621574
-0.2645850810837401
-0.25702828552193063
-0.24983680770586913
-0.24298791635848013
-0.23646054367700528
-0.2302351515744797
-0.2242936054920078
-0.21861905753010208
-0.21319584306575154
-0.20800938424368046
-0.20304610935679454
-0.19829337097160613
-0.19373937324552684
-0.18937310821727804
-0.18518429385605092
-0.1811633215089348
-0.17730120451865541
-0.1735895328705989
-0.17002043059923266
-0.16658651638017571
-0.1632808696206587
-0.16009699664724064
-0.15702879842952924
-0.15407054980464965
-0.15121686641332857
-0.14846268566824244
-0.14580327420938025
-0.14323411260900407
-0.14075097067410208
-0.13834986254364734
-0.1360270277154299
-0.13377891648518433
-0.1316021755501102
-0.1294936405910315
-0.12745031665921971
-0.12546937007891365
-0.12354812473902631
-0.12168404218723403
-0.11987471716252397
-0.11811786995945601
-0.11641133789100644
-0.11475307574164405
-0.11314113256688034
-0.11157366462239839
-0.11004891130260372
-0.1085651991106507
-0.10712094462490135
-0.10571463551633536
-0.10434483730049923
-0.10301018180562871
-0.10170935177726624
-0.10044111350831139
-0.09920428106266233
-0.09799771759113414
-0.09682033829333155
-0.09567111340173358
-0.09454905706358038
-0.0934533077184836
-0.09238289303541206
-0.09133687607269927
-0.0903144863424248
-0.08931497891605122
-0.08833761546909988
-0.08738165017264915
-0.08644638449763173
-0.08553117722654754
-0.08463539450724918
-0.08375842154324983
-0.08289946481019858
-0.08205815822887624
-0.081233955900742
-0.08042637902652303
-0.07963499277319355
-0.078859252640081
-0.07809870292044623
-0.07735290776930631
-0.07662139133619618
-0.07590377957179881
-0.07519966443095921
-0.07450867373148269
-0.07383042825440296
-0.07316458664831658
-0.07251081618817878
-0.0718687881731838
-0.07123815581021412
-0.07061864210883037
-0.07000994305240797
-0.06941177859052106
-0.0688238706462292
-0.06824593709286929
-0.067677743761308
-0.06711901753659817
-0.0665695215636727
-0.06602904109971186
-0.06549734366573785
-0.06497419378622286
-0.06445940471451456
-0.0639527318577162
-0.06345410518468715
-0.06296318339652178
-0.062479816952978655
-0.062003850759695035
-0.06153512687771776
-0.061073464274783704
-0.06061870526971072
-0.06017067683599232
-0.05972923730967859
-0.05929421768323087
-0.05886549437660035
-0.058442928244850624
-0.05802640727092006
-0.05761575161677413
-0.057210872155991944
-0.05681166289416545
-0.05641795996183056
-0.056029755252288434
-0.055646919264875055
-0.05526929672310696
-0.05489673742769382
-0.054529235625576586
-0.05416655477857468
-0.05380864518211633
-0.0534553980520972
-0.053106762676363356
-0.05276262150367861
-0.05242293173852394
-0.05208755462166424
-0.05175640719856616
-0.05142938131957574
-0.051106409720241344
-0.050787399332345134
-0.050472293758173
-0.05016099761133853
-0.049853483450912985
-0.0495497305052839
-0.04924962400554374
-0.04895312795845338
-0.048660198053485225
-0.048370592535838274
-0.0480841183069769
-0.047800719805592966
-0.047520480604360565
-0.047243149807036006
-0.046969007597649715
-0.046698123305621446
-0.04643082492583203
-0.04616702237293427
-0.04590631743188327
-0.04564875142119326
-0.04539399218456187
-0.045142055879607415
-0.04489310174134488
-0.044646867719324
-0.0444033862857308
-0.04416257797154896
-0.04392446897493759
-0.04368907483146806
-0.04345616767378368
-0.04322579975696811
-0.04299793188996734
-0.04277249557605963
-0.04254960505455558
-0.04232901396307252
-0.042110697566641396
-0.04189479607241698
-0.04168115815442549
-0.04146988289486976
-0.04126091488959738
-0.04105408442700679
-0.04084947875052051
-0.040646935448288374
-0.04044662522782664
-0.04024844742767751
-0.04005232750763793
-0.03985822380390396
-0.03966634294591455
-0.03947631773895143
-0.03928824509881133
-0.03910210304621105
-0.03891783101130141
-0.03873548522711287
-0.03855489948359518
-0.03837615441802124
-0.038199184708513696
-0.03802393164893314
-0.037850516330039476
-0.037678603549220216
-0.0375084980543519
-0.037340049797451265
-0.03717317410543447
-0.037008133646598024
-0.036844580714770446
-0.03668257133638904
-0.03652212234875585
-0.03636333307800523
-0.03620607066030198
-0.036050398215462964
-0.0358961028070821
-0.035743469559522706
-0.035591902806369084
-0.0354420612354683
-0.0352936674149488
-0.03514670886295135
-0.03500111559033747
-0.034856855840444984
-0.034713345009564835
-0.03457160370374318
-0.034431317353471096
-0.03429260308413726
-0.0341544737196282
-0.03401784859130953
-0.03388255217141264
-0.03374852972995303
-0.03361621461119193
-0.033484563257120833
-0.03335420909606958
-0.03322528762165631
-0.033097557491745935
-0.03297117719872841
-0.03284607793014447
-0.03272220069847548
-0.0325991144689217
-0.03247738069940514
-0.03235703364310584
-0.03223802126515756
-0.03212029330971577
-0.032003455905518896
-0.03188788197297355
-0.031773532782508516
-0.03166078095257268
-0.03154908780279757
-0.03143851343882183
-0.03132936548144301
-0.031221398883854206
-0.031114819191361512
-0.031009507967853813
-0.030905617449958962
-0.030803095765181195
-0.030701974883946805
-0.030602163015013298
-0.030503402767283187
-0.030395731565891974
-0.0302995574842268
-0.030204636989690434
-0.03010012257773613
-0.030007775002060585
-0.02991697595614623
-0.029827681746493258
-0.02973987716933154
-0.029653178416424987
-0.02955667340704033
-0.029461222271048592
-0.029366648186973505
-0.029273023748066875
-0.029180174019610056
-0.029088282436349356
-0.028997473636200286
-0.028907821528447477
-0.02881845221577896
-0.028729818141634618
-0.02864210549513428
-0.0285551333171454
-0.02846901588554355
-0.028383649485784514
-0.02829916651759067
-0.02821559978844987
-0.02813251605651511
-0.028050133143681603
-0.02796860491067129
-0.027887653974369257
-0.027807666312606213
-0.027728274936070496
-0.027649462214072357
-0.027571249217788203
-0.027493578772563337
-0.02741643472060222
-0.02733985421429104
-0.02726386179380596
-0.027188439797483196
-0.02711350415453403
-0.02703949478633011
-0.02696611107885985
-0.026893344539852142
-0.026821219377469865
-0.02674956172875393
-0.02667819517173656
-0.026607365584914094
-0.02653714843819247
-0.026467616561214158
-0.026399251650831592
-0.026331694404051843
-0.026264983199853247
-0.026198801233825366
-0.0261331704722871
-0.026068106034318556
-0.026003667277086678
-0.025939492399971974
-0.025875882632537782
-0.025812674398951945
-0.025749838851079253
-0.02568759981835457
-0.02562597299935425
-0.025564523098515816
-0.025503522676024074
-0.025443295966423782
-0.025383274657980612
-0.025323809261728083
-0.025270733550814068
-0.025214437328357295
-0.025157874964871325
-0.025101180361100223
-0.025045100203716832
-0.024989368081873672
-0.02493450286267658
-0.024880374915255916
-0.024826850326169925
-0.024774008420981593
-0.02472161355651469
-0.0246695097632072
-0.024617545556868407
-0.02456622508049527
-0.024515343569251183
-0.024465054832646983
-0.02441516273564024
-0.0243658247967874
-0.0243168836678754
-0.024268497124120426
-0.024220423360092627
-0.02417262347333402
-0.02412553877143641
-0.024078855617304284
-0.024032515566257417
-0.023986695216938053
-0.02394112444497295
-0.023895995756845197
-0.02385150622163592
-0.02380740745908804
-0.023763620479121266
-0.023720208549247102
-0.023677421413306997
-0.023634847392804734
-0.023592709475906533
-0.023550865949027888
-0.023509729019524167
-0.02346887966545601
-0.023428318933704045
-0.023388200654284062
-0.023348434763472058
-0.023309217027135478
-0.02327040209600624
-0.023231942704809046
-0.023194118136377163
-0.023156513986633796
-0.023119394786283002
-0.02308263366970254
-0.023046315240126524
-0.0230103469230784
-0.022974768116561715
-0.02293965380833421
-0.02290489753108323
-0.022870442779371225
-0.022836611017044258
-0.022803144242618954
-0.022769991304309345
-0.02273745817118769
-0.022705453481860226
-0.022673984632237944
-0.022642570828779712
-0.02261164706830834
-0.02258095491536182
-0.0225506092052621
-0.022520773397394982
-0.022491269228058997
-0.022462264122508183
-0.022433649270558888
-0.022405202516142413
-0.022377226452556704
-0.02234951414247824
-0.02232221547461657
-0.022295555237312206
-0.02226922882475771
-0.02224309051167957
-0.022217251363453788
-0.022191531295986732
-0.0221662793039508
-0.02214133451753903
-0.02211667557038701
-0.02209241226805543
-0.02206818891706462
-0.022044249410722045
-0.02202020690411761
-0.021996249377287166
-0.021972637266043038
-0.021949321091376414
-0.021926209802226555
-0.021903461700320075
-0.02188091907918203
-0.02185861686754807
-0.021836707195534204
-0.021815182943737146
-0.021794172566946976
-0.02177320007426503
-0.021752211010728557
-0.021732049495094857
-0.021712326393876668
-0.02169271819837154
-0.021673454372362774
-0.021653992255748728
-0.02163525815219879
-0.021617015897090128
-0.021599165382998452
-0.02158126794478319
-0.021564134842073163
-0.02154756861690767
-0.02153106357130292
-0.021514895697164565
-0.021499030006634536
-0.02148404918589494
-0.021468813354367535
-0.021453711561933566
-0.02143921215718864
-0.021424995881167287
-0.02141102791699504
-0.021397407562211125
-0.021384259824577454
-0.021371422503838007
-0.021359012320253536
-0.021347047149946317
-0.02133537112861841
-0.02132396583086044
-0.021312753271452194
-0.021302016560906724
-0.021291539029222813
-0.021281577405013363
-0.021272028711336037
-0.021262708687530364
-0.021253432884198276
-0.02124420133109099
-0.021235382972504824
-0.02122705307316254
-0.02121910646722537
-0.02121142915139948
-0.02120407633422565
-0.021196852597372102
-0.021190139513527193
-0.021183714839726468
-0.021177549879015992
-0.021171865997743882
-0.021166302401969168
-0.02116139963498356
-0.021156537670939432
-0.021151923620225967
-0.02114764395699678
-0.021143752623369868
-0.02114000876494629
-0.021136542790819123
-0.021133345701955592
-0.02113038547031107
-0.02112778092226422
-0.02112523163653417
-0.02112299945607503
-0.021121226938801203
-0.021119503033874748
-0.021118128363536763
-0.02111697578238686
-0.02111598904172395
-0.02111535340032573
-0.02111473227373395
-0.021114503770901367
-0.02111452287021266
-0.021114800529457734
-0.021115379714179032
-0.021116080834020143
-0.021116846147740398
-0.02111806072340234
-0.021119485282655778
-0.021121144763196056
-0.021123085787302383
-0.02112497256753256
-0.02112722934646182
-0.02112930707768817
-0.021131937231581174
-0.02113487573207286
-0.021137767053234672
-0.021141133535460026
-0.021144466138972445
-0.021148346441184452
-0.02115227083327313
-0.02115609699090154
-0.021160101847960765
-0.02116443263153466
-0.021169335740149866
-0.021174264942590098
-0.021179643036289057
-0.0211852368100989
-0.02119101719714305
-0.02119674253330878
-0.021202642035290507
-0.021208773197736744
-0.021214992649387594
-0.021221264484239628
-0.02122792714438531
-0.021234629443635637
-0.02124127130212933
-0.021247738160081384
-0.021254463409189638
-0.021261020836769284
-0.021267509297331528
-0.021273930414155255
-0.02128077069462788
-0.021287637555565106
-0.02129442431335371
-0.021301538891673816
-0.02130865829283275
-0.021316014963421153
-0.021323553387425476
-0.02133096968537351
-0.021338642250572783
-0.021346786705688615
-0.021355307280498614
-0.021363828598190932
-0.02137271542291793
-0.021381926646840684
-0.021391382080118124
-0.02140104287156489
-0.021411062928831253
-0.021421282691075016
-0.02143186935880338
-0.021442877304829452
-0.02145420090501315
-0.02146590396178763
-0.021477759413634723
-0.02149018435184765
-0.02150292315318243
-0.02151606946091737
-0.021529594977350807
-0.021543607786805124
-0.021557947641260466
-0.021572613947363328
-0.021587764171945738
-0.02160340239447282
-0.02161942851733659
-0.021635869112945738
-0.0216527239328212
-0.021670086307241054
-0.02168778995427434
-0.021705879262295436
-0.021724216370582156
-0.021742989026034623
-0.021762152870747883
-0.02178174940251477
-0.021801673710354057
-0.02182194908738868
-0.021842720218103018
-0.021863710657612525
-0.021885088041910052
-0.02190681078448848
-0.021928987025010376
-0.021951462020592928
-0.02197408995975421
-0.021997037076190214
-0.022020261528764688
-0.02204356882732532
-0.022067101315550407
-0.022091052793157758
-0.022115363074897657
-0.022140046484000652
-0.022164960198532844
-0.022190153979599857
-0.02221576365158883
-0.022241554376272663
-0.0222677579889504
-0.022293785943092604
-0.022320500570013887
-0.022347388105271516
-0.022374750409591266
-0.022402509720898592
-0.02243051582778778
-0.02245870983336131
-0.022487596627071976
-0.02251677264868317
-0.022546177293223488
-0.022576038360120586
-0.0226060689362263
-0.022636370929234616
-0.02266731857726574
-0.022698410071151056
-0.022729889101974213
-0.022761752044405354
-0.022793800031932137
-0.02282593651524812
-0.022858307415257056
-0.02289093899075049
-0.02292413495308619
-0.022957667161282808
-0.022991451434622567
-0.02302566118385797
-0.023059990479367208
-0.023094883782588442
-0.023129954555474383
-0.023165536169130137
-0.023201442091391234
-0.023237519685329996
-0.023274124339070553
-0.023311047123510804
-0.023348343920994885
-0.023386017959063376
-0.02342398270066303
-0.02346262629862695
-0.023501408997160828
-0.02354066882985777
-0.02358048994510466
-0.02362079491871222
-0.023661545547068542
-0.023702626120508708
-0.023744196199066075
-0.023785900417236414
-0.023828338253039042
-0.02387119835727512
-0.02391433894029583
-0.023957574227969628
-0.02400150755671159
-0.02404588656176527
-0.024090569128273332
-0.024135791131930758
-0.024181551353083256
-0.024227791978914386
-0.02427455359975396
-0.024321850597890837
-0.02436948934071474
-0.024417763179677195
-0.02446649292169058
-0.024515625014644542
-0.024565150746706458
-0.024615338860592712
-0.024665984492850908
-0.024717113887034996
-0.0247688013546317
-0.024820887117184855
-0.0248733746374295
-0.024926390642012703
-0.024979890629143825
-0.025033827764478718
-0.025088192289110703
-0.025143130103048472
-0.025198573496008965
-0.02525449028982016
-0.025310868386253876
-0.025367744527947815
-0.0254251185005701
-0.02548297190139777
-0.025541334997321086
-0.02560018274569282
-0.02565954200259798
-0.02571941784505202
-0.025779821680516714
-0.025840755796945634
-0.02590220593024964
-0.02596416195301546
-0.02602664682743042
-0.02608967145155028
-0.026153233438855686
-0.026217344182565966
-0.026282001869846243
-0.026347218639774607
-0.026412997378673784
-0.02647932480540116
-0.026546218227491744
-0.026613678437180502
-0.026681745364171387
-0.026750388624156473
-0.026819583539718042
-0.026889388661067628
-0.026959793601153414
-0.02703084365239916
-0.02710249907182031
-0.02717471933105177
-0.027247584660491382
-0.027321004065621057
-0.02739497543187521
-0.027469743302032334
-0.027545030687242983
-0.027621095227638115
-0.027697813242908965
-0.027775056632907778
-0.027853100662694592
-0.02793171694432907
-0.028010991485925677
-0.028090943181493327
-0.02817159346055584
-0.02825289954123025
-0.028334909430034118
-0.02841759954508569
-0.028501008872299047
-0.028585134030076353
-0.02866997417361413
-0.02875553317859105
-0.028841814137047637
-0.028928828588937285
-0.029016597023001894
-0.029105081928304195
-0.029194345189650302
-0.029284371138558776
-0.02937516350061228
-0.02946675422057482
-0.02955914375246053
-0.029652271802491168
-0.02974618300808163
-0.029840874218429618
-0.029936356781422865
-0.03003262773152225
-0.030129831693202085
-0.03022770238081999
-0.030326418571408064
-0.03042598168083006
-0.030526393660681713
-0.030627667285001672
-0.030729824192569685
-0.030832825263359852
-0.03093677287234456
-0.031041640369955294
-0.0311472770268093
-0.03125382357411952
-0.031361289729079166
-0.03146968775226761
-0.03157902268421963
-0.03168930456344802
-0.03180053873886954
-0.03191276533745009
-0.032025960146399246
-0.032140126848830594
-0.03225531265504937
-0.032371503510207005
-0.032488713075009515
-0.03260697158947506
-0.03272625616547106
-0.03284658087646106
-0.032967980503152076
-0.03309042273426129
-0.03321393617763844
-0.033338525226582955
-0.03346417588139247
-0.033590905592243654
-0.03371874591403685
-0.0338476433726394
-0.033977647587815595
-0.034108747193281594
-0.03424096698239577
-0.03437430547012567
-0.03450891581576613
-0.0346445636064276
-0.03478146312463328
-0.034919352068163295
-0.03505850065246711
-0.035198838777741506
-0.03534036989814857
-0.03548314399387836
-0.035627256856482964
-0.03577260429309084
-0.03591924482007386
-0.03606702321481219
-0.036216075413386284
-0.03636652182282537
-0.03651825767893474
-0.036671320519977596
-0.0368258376737006
-0.03698143256046994
-0.03713841523861409
-0.03729682005592667
-0.037456768146331886
-0.03761810281123628
-0.0377808376610934
-0.03794495514516322
-0.03811037315854181
-0.038277467350508916
-0.03844595715450471
-0.03861580186829537
-0.03878714070435154
-0.03895978404957156
-0.03913396266688158
-0.03930980462670235
-0.03948689748746527
-0.03966558862921632
-0.03984590215765685
-0.04002790666631847
-0.04021137465106094
-0.04039641250096418
-0.040583040937812044
-0.04077138295531401
-0.040965195819648324
-0.0411617458104432
-0.041360270318957656
-0.04156074562088188
-0.04176310565410982
-0.04196250511902404
-0.042168414759140516
-0.042376280518793
-0.042586114687834915
-0.04279793246045093
-0.04301186588134859
-0.04322788394512167
-0.043446030491732984
-0.04366633125678027
-0.04388881375108642
-0.04411354354078936
-0.044340541148590165
-0.04456984985758151
-0.04480149174605038
-0.04503551246222987
-0.045271943901508314
-0.045510853761507486
-0.04575227830011904
-0.045996287641352857
-0.04624285954186398
-0.04649203355775077
-0.04674393079946795
-0.046998494906601775
-0.0472558077644418
-0.04751591238330944
-0.047778848303324246
-0.04804466792667293
-0.048313436910783526
-0.04858521913415448
-0.04886001893618796
-0.04913788840736966
-0.049418887066244296
-0.04970309726919005
-0.049990557347197255
-0.05028140108832885
-0.05057563682440377
-0.05087333457920079
-0.05117455942779115
-0.05147935663149757
-0.051787823912228026
-0.05210001348464447
-0.052415996144455496
-0.052735851773603494
-0.05305964917583064
-0.05338743797153416
-0.053719320443038336
-0.054055372074075424
-0.054395680576968745
-0.05474031338114448
-0.05508935408555026
-0.05544289497646753
-0.05580104058649516
-0.05616365096902624
-0.05653091294019251
-0.05690305523652877
-0.05728016669111876
-0.05766240631316475
-0.05804984538420443
-0.058442605293445964
-0.05884081631234494
-0.059244550437721755
-0.05965391551208841
-0.06006907245900127
-0.06049013703791948
-0.06091726198547431
-0.06135058410153651
-0.061790241249738934
-0.0622363726051421
-0.06268913113512685
-0.06314869753269481
-0.06361520302493581
-0.06408879530255121
-0.0645697114697129
-0.06505801727488761
-0.06555395635829758
-0.06605775075016275
-0.06656953165537462
-0.06708952235238275
-0.06761793443322112
-0.0681549987565769
-0.06870093544630122
-0.06925598498211495
-0.06982024590412395
-0.0703939545093567
-0.0709773851049322
-0.07157082498048806
-0.07217456636976999
-0.07278888368861584
-0.07341407324052249
-0.07405042892562784
-0.07469826622130861
-0.07535791630105101
-0.07602971100862645
-0.07671398988932966
-0.07741113553525635
-0.07812149715558708
-0.07884546924042243
-0.07958345446064165
-0.08033588367066131
-0.08110320515474602
-0.0818858593337345
-0.08268431470660466
-0.08349906318380151
-0.08433061649761282
-0.0851794896397856
-0.08604624954271574
-0.08693148931658852
-0.08783579804952847
-0.088759792579262
-0.08970413409191295
-0.09066951707544817
-0.09165664512299228
-0.09266628544318527
-0.0936992051227905
-0.09475621895013858
-0.09583819233427267
-0.09694601115129885
-0.09808061265208332
-0.09924298259484189
-0.10043415031097827
-0.10165520552015728
-0.10290727251921461
-0.10419152991925212
-0.10550921944382975
-0.1068618098891263
-0.10825058029607698
-0.10967688764264874
-0.1111422548565405
-0.11264828538035047
-0.11419666681951186
-0.11578918102675269
-0.11742770166787762
-0.11911420539596673
-0.12085077519426718
-0.12263961146864792
-0.12448303785545653
-0.12638350969939632
-0.12834362333526245
-0.13036612678179674
-0.13245392531014263
-0.134610100290902
-0.13683791249799443
-0.13914082088256097
-0.14152249474456124
-0.14398682906365692
-0.14653795904844194
-0.1491802794440958
-0.15191846347853344
-0.15475749120485063
-0.1577026518960513
-0.1607595821176391
-0.16393429085422412
-0.1672331854877679
-0.17066310733738327
-0.17423135866750472
-0.1779457440075516
-0.1818146059680579
-0.18584686737717745
-0.19005209311158483
-0.19444052859904412
-0.19902315894430933
-0.20381177221090097
-0.20881902246544015
-0.21405850979798985
-0.21954486235754644
-0.22529382109482943
-0.23132234105811292
-0.23764869733507613
-0.24429260992597107
-0.2512753702551818
-0.2586199898075341
-0.266351086394106
-0.27449573751182604
-0.28308320026872785
-0.292145154760727
-0.30171594290152737
-0.3118329929933719
-0.322537039455806
-0.3338724657833029
-0.3458876892720116
-0.3586357585363332
-0.37217442755173563
-0.38656706890952847
-0.40188317042435323
-0.41819904502341565
-0.4355986241868744
-0.4541743607681389
-0.4740282583710489
-0.49527304752682955
