-0.5024034402517837
-0.48085105105646353
-0.46069625654156693
-0.44182834442248975
-0.42414694076971576
-0.4075608933702092
-0.39198729168616986
-0.37735060539763077
-0.36358193310008474
-0.3506183134306977
-0.33840214261787505
-0.32688064801734484
-0.31600549149537116
-0.3057322137621674
-0.29601996618335874
-0.28683115425241534
-0.2781311409960334
-0.269887980272119
-0.2620721801893266
-0.2546564901392616
-0.24761570277831915
-0.2409264828079388
-0.23456721093663474
-0.2285178389923178
-0.22275976446964302
-0.21727570254189246
-0.21204959005692647
-0.20706648654451248
-0.202312482684164
-0.19777462361086925
-0.1934408400247057
-0.1892998579354621
-0.18534116342373919
-0.1815549373918989
-0.1779320119362229
-0.17446390343325563
-0.17114259371840285
-0.1679605964906462
-0.1649108847321478
-0.1619868769175857
-0.1591823874033009
-0.1564916309297362
-0.15390915014525292
-0.15142984568472617
-0.1490489201517596
-0.14676184045993995
-0.14456433396150675
-0.14245242221489715
-0.14042231876811456
-0.13847042812500954
-0.13659340947725987
-0.13478811976537455
-0.13305159648007264
-0.13138105367928923
-0.12977384794808866
-0.12822754401568112
-0.12673978547951417
-0.1253082425607931
-0.12393094071513308
-0.12260592682058442
-0.12133134619475984
-0.12010541763811987
-0.11892650741435681
-0.11779302893758692
-0.11670354271939222
-0.11565667222661066
-0.11465091547433509
-0.11368501429028922
-0.11275780767859638
-0.1118681776082854
-0.11101504755387287
-0.11019744356234146
-0.10941431292094697
-0.10866494600673988
-0.1079484576571417
-0.10726408808146823
-0.10661095911687228
-0.10598840767713939
-0.10539573411751571
-0.10483237584849633
-0.10429770096563301
-0.1037911210662954
-0.1033122090174989
-0.1028603760185964
-0.10243522328979157
-0.10203639510473946
-0.1016634303481657
-0.10131600159428289
-0.10099373813397848
-0.10069642258749488
-0.10042371075187113
-0.10017533783910718
-0.09995115683336725
-0.09975091105867412
-0.09957440506639642
-0.09942154558086498
-0.09929222406984761
-0.09918619992416325
-0.0991034789632495
-0.09904400553484963
-0.09900776061424124
-0.09899471435433835
-0.09900486559130496
-0.09903826096111343
-0.09909499179201497
-0.09917511070703655
-0.09927868395301914
-0.09940585895710664
-0.09955681266537271
-0.0997316917932337
-0.09993067000182711
-0.10015398947733724
-0.10040193873549791
-0.10067477882194614
-0.10097273901494201
-0.10129619694747329
-0.101645327263795
-0.1020206949162609
-0.10242268475199551
-0.10285174784407262
-0.10330836620393434
-0.10379304373862278
-0.10430643313456794
-0.10484923174776371
-0.10542186173134069
-0.10602499917874818
-0.10665933694788592
-0.10732564881424167
-0.10802468764460438
-0.10875731280712206
-0.10952440996799195
-0.1103269285593822
-0.1111658560131469
-0.11204224897768804
-0.11295722683677749
-0.11391194172272366
-0.11490763791375001
-0.11594565346304243
-0.1170273803221235
-0.1181543001500891
-0.11932799460465701
-0.12055010508153681
-0.12182232569473646
-0.12314656395468535
-0.1245248182539989
-0.1259591068540049
-0.12745164273476717
-0.12900471334006963
-0.13062073296815283
-0.13230246640211415
-0.1340526428346561
-0.13587416559243776
-0.1377701732262568
-0.13974396921470467
-0.1417990617932911
-0.14393913990729598
-0.14616816840283303
-0.14849035903265748
-0.15091019005663087
-0.15343239752834797
-0.1560620593558342
-0.1588046103584892
-0.1616658331549019
-0.16465187866942704
-0.1677693383091265
-0.17102521842806728
-0.17442704136946177
-0.17798281362240573
-0.18170113360648624
-0.18559120287582315
-0.18966287501254078
-0.19392671421597266
-0.19839404522590134
-0.20307701749880344
-0.20798868533725534
-0.21314308243108065
-0.21855527980824876
-0.22424150720709693
-0.230219237308139
-0.23650730147612273
-0.24312600237757181
-0.25009732668256107
-0.25744489171504115
-0.2651942951159646
-0.27337323702289323
-0.28201171533766006
-0.29114224724032084
-0.30080002012757845
-0.3110234005017774
-0.3218540395163973
-0.33333727044977324
-0.3455224896846776
-0.35846358478341533
-0.3722194160629484
-0.3868543575452563
-0.40243890594371395
-0.4190503547354366
-0.43677360749402966
-0.4557020427225677
-0.47593852616197524
-0.49759655974821626
