-0.4988004253497872
-0.3942293707672312
-0.31444849303698014
-0.25348479990979095
-0.20681239769822188
-0.17100056382057593
-0.14344772955222962
-0.12218031793146163
-0.10570055116459336
-0.09287126757088646
-0.08282872448724928
-0.07491653718868442
-0.06863564251663681
-0.06360636938915093
-0.05953968805862156
-0.056215405067994065
-0.053465622676436085
-0.05116218626809896
-0.049207165108448365
-0.04752561569710424
-0.04606009491001658
-0.044766478242085295
-0.04361080010793329
-0.04256683647383181
-0.04161427745067284
-0.04073733048586606
-0.03992366003410795
-0.0391635796609186
-0.03844943621613973
-0.03777514289883964
-0.037135818623268264
-0.03652751510549307
-0.03594700979498282
-0.0353916426505544
-0.03485919705268456
-0.03434780293792366
-0.03385586746692013
-0.03338201694181654
-0.03292505475685182
-0.03248392976175902
-0.032057702573653354
-0.031645529583844235
-0.031246656614903272
-0.030860389578000677
-0.030486096138679676
-0.030123194630784514
-0.02977114441957804
-0.029429442578926452
-0.02909762414865798
-0.028775250641593152
-0.028461909716767975
-0.028157215955014463
-0.027860805410150877
-0.027572336675808915
-0.027291485424071983
-0.027017942667469843
-0.02675142291416821
-0.026491650809075278
-0.02623836728676439
-0.02599132558132877
-0.025750290141107652
-0.025515038683467356
-0.02528536160394986
-0.02506106091880701
-0.024841938077190946
-0.024627813743631786
-0.024418514249428813
-0.02421387428785344
-0.02401373587087021
-0.023817946910200005
-0.023626366115138738
-0.0234388546461396
-0.023255278049511365
-0.02307551342325148
-0.022899443474208074
-0.022726958569974448
-0.022557938034030892
-0.022392275346612634
-0.022229871109340302
-0.02207063080996682
-0.021914456212540595
-0.021761273808345548
-0.02161099928840824
-0.021463552202276807
-0.02131887090275358
-0.021176891787800457
-0.021037563871629576
-0.020900837632308482
-0.02076668110002785
-0.020635045403034735
-0.020505588958762776
-0.02037768414629401
-0.02025163173609276
-0.020127656874082835
-0.020005811033776886
-0.019886071063085434
-0.01976841688845489
-0.01965277337803238
-0.01953909539036444
-0.019427320011901842
-0.01931739269570996
-0.019209258131610663
-0.019102864324403182
-0.01899815837099915
-0.01889509334793299
-0.01879362858053722
-0.01869372070589095
-0.018595336820058803
-0.018498438125864627
-0.01840300320110598
-0.018309016912138276
-0.018216446770932638
-0.01812523236932811
-0.018035417225941524
-0.01794692241147283
-0.0178597211818889
-0.017773760804320332
-0.017689012554312506
-0.017605438462688732
-0.017523033854247798
-0.017441778195901966
-0.01736163909054446
-0.01728257199315649
-0.017204570993036995
-0.01712762977564598
-0.01705142105391526
-0.016976480925063958
-0.016902225883982602
-0.016828790461286516
-0.016756346636138054
-0.01668483745184682
-0.016614262234185797
-0.016544595861487713
-0.016475809871383248
-0.016407886652785607
-0.0163408045693959
-0.016274556041545252
-0.0162091265944802
-0.016144506133644935
-0.016080680048651534
-0.016017636354137315
-0.015955355204845575
-0.01589381437443095
-0.01583299598907354
-0.015772879995856897
-0.015713452568968198
-0.01565467833945234
-0.015596541903754617
-0.015539049106912551
-0.01548216426838248
-0.015425855912824374
-0.015370105884594431
-0.01531489691738115
-0.015260209561508146
-0.015206028286128553
-0.015152361521703213
-0.01509918393522128
-0.015046506157167796
-0.01499431786321067
-0.014942614464542906
-0.014891409363506716
-0.014840711771726006
-0.014790522419240754
-0.014740837934289049
-0.014691680666221693
-0.014643040844645117
-0.014594930887810994
-0.014547334730550613
-0.014500255282135424
-0.014453692594855638
-0.014407632977898129
-0.014362070998761267
-0.01431700887114422
-0.01427242663468625
-0.014228324939170246
-0.014184686941214032
-0.014141534215201996
-0.014098819785732516
-0.01405655093300084
-0.01401472239187706
-0.013973310469667391
-0.013932350539099678
-0.013891827825834056
-0.013851706539985013
-0.01381199742741568
-0.013772692572473233
-0.013733786801213071
-0.013695265695354897
-0.013657105671341941
-0.013619304596578117
-0.01358185140281619
-0.013544751215179241
-0.01350800113977491
-0.01347158279506563
-0.013435507551998018
-0.01339974476441059
-0.013364318544903818
-0.013329207337161444
-0.013294415697035695
-0.013259882994137521
-0.013225675243463082
-0.013191754675135108
-0.013158179015202191
-0.013124922881564643
-0.013091966699519425
-0.013059286011535751
-0.013026918225360786
-0.01299480639821994
-0.012962989412845183
-0.012931480639630462
-0.012900265327918214
-0.012869345275743588
-0.012838663608645046
-0.012808261035032801
-0.012778141688350795
-0.012748299071078942
-0.012718748027175339
-0.01268933312704903
-0.012660342258039657
-0.012631621960058327
-0.012603118622031893
-0.01257494877843283
-0.012547028575406094
-0.012519391425965946
-0.012491941941387178
-0.012464778996138931
-0.012437837519206083
-0.012411144801584032
-0.012384639603264844
-0.01235829079727654
-0.012332179569563697
-0.012306271974153155
-0.012280452610717219
-0.012254710421148694
-0.01222929401173688
-0.012204022823922748
-0.012178820598161534
-0.012153793014433485
-0.012128846406314349
-0.012104087022267297
-0.012079615630375014
-0.012055166702994424
-0.012030894070713479
-0.012006957740584244
-0.0119831752190529
-0.011959484409380305
-0.011935950275930092
-0.011912761363412102
-0.011889633583716029
-0.011866701803085732
-0.011844069752233583
-0.01182159588614739
-0.01179935405830648
-0.011777321059608856
-0.011755464401587255
-0.011733855423777074
-0.011712474682529016
-0.011691344263785344
-0.011670459937838256
-0.011649861104062754
-0.011629492509592224
-0.0116093875153387
-0.01158956266196663
-0.011570036666636847
-0.011550724178358267
-0.011531730441589474
-0.011513105352732358
-0.011494999254701451
-0.01147744157913054
-0.011460450290100241
-0.011443477806215022
-0.011426210634919536
-0.011408645924620802
-0.01139086199140982
-0.011372969051214963
-0.011355042566272728
-0.011337100795901013
-0.011319242631827101
-0.011301447542835602
-0.01128373208740387
-0.011266007385226514
-0.011248479668655324
-0.011231097110162448
-0.011213925299047356
-0.01119689393625969
-0.011179943798985497
-0.01116316631965794
-0.011146570261996128
-0.011130097624450745
-0.011113731356153558
-0.011097510966317161
-0.011081374769303924
-0.011065411557356623
-0.01104959199176228
-0.011033902898953748
-0.011018308555139026
-0.011002850664938342
-0.01098751111521344
-0.010972321014084525
-0.01095725038710013
-0.010942254488840984
-0.010927402014154153
-0.010912666281854338
-0.010898023966010495
-0.010883553485149078
-0.010869171338417897
-0.010854875469476458
-0.01084074545472575
-0.010826743231796677
-0.010812773895960096
-0.010798876504992129
-0.010785113647707024
-0.010771546416001542
-0.010758045582073869
-0.010744636543492047
-0.010731369646910922
-0.010718192224792615
-0.0107050971542705
-0.01069210567589527
-0.010679208498956608
-0.010666427160693007
-0.010653743419046159
-0.010641131781478855
-0.010628616544557082
-0.010616173805966373
-0.010603853440442026
-0.010591617990572372
-0.010579472133413525
-0.010567477765219638
-0.010555564286525482
-0.010543734207391825
-0.010532024981744196
-0.010520404103124313
-0.010508867343004765
-0.010497407722303453
-0.010486078400255634
-0.01047481909153884
-0.010463655509900954
-0.010452564670195025
-0.01044152867786569
-0.010430648669686867
-0.010419849323962454
-0.010409149001854629
-0.01039854642246109
-0.010388006614657492
-0.010377540494483884
-0.010367164368684876
-0.010356839557162887
-0.010346596116552568
-0.010336440564888184
-0.01032636375559625
-0.010316352921279399
-0.010306441279250265
-0.01029662733699047
-0.010286855339686124
-0.010277197989018114
-0.01026762649912237
-0.010258109903732335
-0.010248675763835473
-0.010239297820908416
-0.010229991106846059
-0.010220767032517855
-0.010211592522245789
-0.010202497176987528
-0.010193461685025055
-0.01018451649515013
-0.010175628539329443
-0.010166812708954542
-0.010158079591139051
-0.01014942944602537
-0.01014082655773914
-0.01013225946822783
-0.010123757383435789
-0.010115334050021765
-0.010106980796150274
-0.010098709936416615
-0.010090489591498403
-0.010082370935947946
-0.0100743283456483
-0.010066354345538268
-0.010058453759434455
-0.010050618536919274
-0.010042858942806692
-0.010035186351853539
-0.010027577989090004
-0.010020044815715586
-0.010012586314608284
-0.010005197033577093
-0.009997882725392667
-0.009990640812344371
-0.00998346616915687
-0.009976358456321908
-0.009969316166791026
-0.009962338873081077
-0.009955428385756112
-0.00994858352679685
-0.009941806323867573
-0.009935101084452908
-0.009928469881081935
-0.009921902046325653
-0.0099154007492869
-0.009908966013713235
-0.00990259486532505
-0.009896268795047906
-0.009890028067987888
-0.009883759328595679
-0.009877614930707514
-0.009871541012588381
-0.009865542275742798
-0.009859630841805812
-0.009853788442441466
-0.009848018692289575
-0.009842296892799309
-0.009836637906229724
-0.009831031449850291
-0.009825476280495226
-0.009819983504934467
-0.009814542786514188
-0.009809150643556539
-0.009803816836262752
-0.009798548288926831
-0.009793356669579303
-0.009788237470773658
-0.009783194126891832
-0.009778223806333976
-0.009773327523718706
-0.009768502188585309
-0.009763753722985382
-0.009759088993014036
-0.009754493445209941
-0.00974998186830578
-0.009745560485662004
-0.009741214704409468
-0.009736958869735225
-0.009732783353369134
-0.009728695977583827
-0.009724694425765392
-0.009720779987026047
-0.009716961436359188
-0.00971324124388689
-0.009709590936038383
-0.009706045509857913
-0.009702591956700738
-0.009699234975335256
-0.00969611416620891
-0.009692595100826344
-0.009689102877550792
-0.009685637533918882
-0.009682202816678852
-0.009678820543117979
-0.009675491809873805
-0.00967223706086768
-0.009669045385021368
-0.009665929891609814
-0.009662888694018027
-0.009659925008257145
-0.009657033059970599
-0.009654209225479939
-0.009651447069691703
-0.00964875644947693
-0.009646137614704543
-0.009643569268881231
-0.009641066117568006
-0.009638605612734046
-0.00963621323707322
-0.009633865788965997
-0.009631586001094442
-0.009629359009993383
-0.009627188816600157
-0.009625072110821994
-0.00962300645765174
-0.009621001343859391
-0.009619047419100113
-0.009617146282379287
-0.009615299821373375
-0.00961349885116955
-0.009611757972214079
-0.00961007263681679
-0.009608435172822451
-0.009606847838426556
-0.009605321949413565
-0.009603851855684598
-0.009602435911314107
-0.009601076684058449
-0.009599772323854205
-0.009598523109073947
-0.009597332478492149
-0.009596202591560066
-0.00959513386150534
-0.009594129547690672
-0.009593190210924252
-0.009592327794724917
-0.009591530288406902
-0.009590803757002735
-0.00959017818937881
-0.009589591110501415
-0.009589111188365536
-0.009588640764580393
-0.009588188076853278
-0.0095877619882155
-0.009587378994913676
-0.009587033320611015
-0.009586738334966061
-0.009586500296673696
-0.009586324125921685
-0.009586201962257533
-0.009586138572621871
-0.009586141252059628
-0.00958620809858153
-0.009586335796088655
-0.009586522626810017
-0.009586767869391
-0.009587079780055179
-0.009587448617094286
-0.009587884555068888
-0.009588392347225036
-0.009588961730767355
-0.009589586963105058
-0.009590274554976894
-0.009591028248120087
-0.00959184624469835
-0.009592726598335061
-0.009593671204006596
-0.009594686249364492
-0.009595748444784568
-0.00959687953734818
-0.009598071667904787
-0.009599317676694037
-0.009600638180377869
-0.009602010463144045
-0.009603457780638223
-0.009604961857168607
-0.009606527581469673
-0.00960815544518898
-0.009609854152763098
-0.00961161687407348
-0.009613447299211313
-0.009615345422054958
-0.00961730856673536
-0.009619334016777236
-0.009621433391002996
-0.009623594299303498
-0.009625812482710812
-0.00962810052700385
-0.00963045633942023
-0.009632881724871102
-0.009635368510923607
-0.009637917969352235
-0.009640543203240539
-0.009643238227794174
-0.009645996730521283
-0.00964882288093064
-0.009651710660058814
-0.009654670717460543
-0.009657696570831181
-0.009660796940382268
-0.0096639552203681
-0.009667183338862238
-0.0096704936803582
-0.009673860961919186
-0.009677289666483475
-0.009680789206252031
-0.009684372025673389
-0.00968801192523181
-0.009691714464813294
-0.009695490563473604
-0.009699342473504536
-0.009703240971645382
-0.00970720699419928
-0.009711251684902174
-0.009715355683947685
-0.00971952285550778
-0.009723753703277913
-0.00972804919951897
-0.009732402608968073
-0.009736820584412439
-0.009741304331606658
-0.009745853441365275
-0.009750465486574801
-0.009755143879604368
-0.009759887783598426
-0.009764703493430416
-0.009769593496227805
-0.009774553143981434
-0.009779580933475494
-0.009784669517088401
-0.009789826393130464
-0.009795045137600315
-0.009800346931699008
-0.009805705026737289
-0.009811121012697698
-0.009816619258052554
-0.009822233362940509
-0.009827847818597735
-0.009833484785451261
-0.009839165654419066
-0.009844894194882528
-0.0098506930263202
-0.00985655292617737
-0.009862488502197527
-0.009868509150881813
-0.009874598871342878
-0.009880760835395075
-0.009886991084436726
-0.009893279859743673
-0.009899658152806537
-0.009906109318706037
-0.009912648960202901
-0.009919255200693353
-0.009925946552458983
-0.009932726915798957
-0.009939580532373916
-0.00994652028669103
-0.00995354819510528
-0.009960657104325223
-0.00996783955051447
-0.009975107685764758
-0.009982467839063642
-0.009989920978846562
-0.009997448449866681
-0.010005044495733563
-0.010012725407153028
-0.010020501138558654
-0.010028356891712801
-0.010036281283485226
-0.010044283684910464
-0.01005238792958252
-0.01006055795623119
-0.010068812319723687
-0.01007713980605565
-0.010085548290371017
-0.010094039302084681
-0.010102612227105998
-0.010111269977072651
-0.010120012304947931
-0.01012885889743092
-0.010137765137398155
-0.0101467605350671
-0.010155841375524466
-0.010165002009341118
-0.010174255166540974
-0.01018358818633192
-0.010193021979701932
-0.010202520875713958
-0.010212122414920172
-0.010221799648343558
-0.010231574444837143
-0.010241429857136173
-0.01025137961576686
-0.010261415289920786
-0.010271539440902073
-0.01028179136028685
-0.010292122154912323
-0.01030254480447417
-0.010313073572364601
-0.010323657035996654
-0.010334347714159154
-0.010345128830877117
-0.010356003408265313
-0.010366984574334067
-0.010378073639863202
-0.010389258140446996
-0.010400539482284065
-0.0104119184191676
-0.010423397619696203
-0.010434955173085373
-0.010446618675976762
-0.010458364046678157
-0.010470206975164488
-0.01048214916603645
-0.010494195753207517
-0.010506336177255665
-0.010518556157891426
-0.010530887525606943
-0.010543313100949735
-0.01055583781043483
-0.010568467762111245
-0.010581203995698058
-0.010594043002267899
-0.010606990384976598
-0.010620048276696306
-0.010633211741971984
-0.01064647100502381
-0.010659838830841019
-0.010673330054589961
-0.010686929161236303
-0.010700647408189953
-0.010714480224281795
-0.01072842288397669
-0.010742483605478475
-0.010756662532881095
-0.010770969324829276
-0.010785336904656091
-0.010799799841242285
-0.010814453033615739
-0.010829190939482319
-0.010844048544066969
-0.010859029376900121
-0.010874131130224072
-0.01088935577669785
-0.010904702737185504
-0.01092014466480781
-0.010935718468896696
-0.01095139766683988
-0.010967274345297054
-0.010983213929654565
-0.010999279204487027
-0.01101545680856565
-0.011031746502833426
-0.01104816436240534
-0.011064676136961703
-0.011081327963617908
-0.01109807509060581
-0.011115010792999194
-0.011132005819374974
-0.01114918427016113
-0.011166495844723632
-0.011183929251422416
-0.011201492975699012
-0.011219196964593111
-0.011237041314361736
-0.01125501758191449
-0.011273126778378363
-0.011291374076829102
-0.011309745429168088
-0.011328261661170787
-0.01134692516904939
-0.01136572550402957
-0.011384688603739776
-0.011403785607618452
-0.011423021441898287
-0.011442425386860968
-0.011461980992140105
-0.011481668362972888
-0.011501510036405082
-0.011521497263412022
-0.01154166463877786
-0.01156198972652883
-0.011582571827849287
-0.011603243662926468
-0.011624182470944103
-0.011645315336867443
-0.011666588480942366
-0.011688086334429441
-0.011709850461849074
-0.011731820468996988
-0.01175402290999567
-0.011776529374480739
-0.011799180888271891
-0.01182199969042323
-0.011844930406720026
-0.01186792082682934
-0.011891024698830351
-0.011914175263290624
-0.011937414999038689
-0.01196076822703941
-0.011984383840043853
-0.012008243831283941
-0.012032391112975528
-0.01205683789332033
-0.012081550967738854
-0.012106577833158674
-0.012131897253502215
-0.012157478460931685
-0.012183327148611686
-0.012209453488747286
-0.01223584045163648
-0.012262473191641634
-0.01228935041793993
-0.012316465157317711
-0.012343808683134411
-0.012371382055028819
-0.012399187528383468
-0.012427215480972411
-0.012455459319464445
-0.012483922897110637
-0.012512602771982491
-0.012541524005177706
-0.012570668730606159
-0.012600046813987596
-0.012629649897188126
-0.012659475838388097
-0.012689539916818864
-0.012719837671498842
-0.012750372115933996
-0.012781144326615018
-0.012812155224543171
-0.012843411043584907
-0.012874915143526521
-0.012906671076497463
-0.012938662287831698
-0.012970903352618496
-0.013003397183381348
-0.013036149820207885
-0.01306916605013697
-0.013102449598748601
-0.01313600509497602
-0.013169842741839851
-0.013203966259616446
-0.013238375196224806
-0.013273071917849351
-0.013308058651787401
-0.013343330037256029
-0.01337889400453633
-0.013414747255575036
-0.013450890438066715
-0.013487328939916629
-0.013524062840738186
-0.013561099069332653
-0.013598437310622396
-0.013636082844108796
-0.013674041254474396
-0.013712317887774104
-0.013750918715716423
-0.013789847833861866
-0.013829110337368142
-0.013868719454658689
-0.01390867067358379
-0.013948978212474875
-0.013989649120114755
-0.014030690725830894
-0.01407211019609236
-0.014113933361712306
-0.014156154117500968
-0.014198780219022235
-0.014241822339775216
-0.014285279463449992
-0.014329159595070909
-0.01437346731439936
-0.014418205494487557
-0.014463371266085701
-0.014508973926391713
-0.014555021563983164
-0.01460151568487329
-0.01464846163354111
-0.014695868127094539
-0.01474374284897572
-0.01479209830958692
-0.014840940205023646
-0.014890281651542592
-0.014940131667315708
-0.014990501697782448
-0.015041405080299417
-0.015092853788814382
-0.01514486099297951
-0.015197437402279452
-0.015250585606580845
-0.015304336084648054
-0.01535868410924009
-0.015413662965888355
-0.015469271598519034
-0.015525522320275261
-0.015582424795661713
-0.015639998933398912
-0.015698255240838004
-0.015757209791134118
-0.015816878821332866
-0.015877256685865745
-0.015938360416140527
-0.016000204275876832
-0.01606280227212733
-0.016126173244249215
-0.016190330208510607
-0.016255288945447335
-0.01632106699450499
-0.016387678686013752
-0.016455141970295156
-0.016523472538053887
-0.016592695511253877
-0.016662823035859302
-0.01673386843131101
-0.01680587578476482
-0.01687882839932786
-0.016952742841027116
-0.017027644811539927
-0.017103551592740858
-0.01718049014682972
-0.017258477272554123
-0.017337537811272497
-0.017417690967052733
-0.017498960054433
-0.017581368670900318
-0.017664937223303614
-0.01774968949798403
-0.017835645131825863
-0.017922828451818
-0.01801126317976298
-0.018100979749006853
-0.018191996606478647
-0.018284344179295513
-0.018378048484621583
-0.018473136157271582
-0.018569658012175177
-0.01866761337707984
-0.01876704039214466
-0.01886797020872873
-0.018970438712733115
-0.019074478720662553
-0.019180133346909777
-0.01928744194713287
-0.019396444478928465
-0.01950718814146738
-0.019619727400355818
-0.019734094055151963
-0.019850339633286716
-0.019968511873721922
-0.02008866104997419
-0.02021083371839654
-0.020335086203559238
-0.020461472546102675
-0.02059005918026995
-0.020720908401235503
-0.020854090226986415
-0.020989668936532778
-0.021127700783016724
-0.021268410623093138
-0.021411669370954036
-0.021557586918015657
-0.021706245500302535
-0.02185773246757045
-0.02201214366033135
-0.02216958129822651
-0.02233013834246744
-0.022493916090177788
-0.022661020649925652
-0.022831559942741834
-0.023005653477601057
-0.02318341220001755
-0.023364951523336248
-0.02355040168283897
-0.023739903794037984
-0.02393360632205759
-0.02413165855496705
-0.02433420300260447
-0.02454137740546596
-0.02475330500910181
-0.024970100736555662
-0.025192020020308837
-0.025419200574157905
-0.025651848118134063
-0.025890188831095395
-0.026134461775486555
-0.026384916016938653
-0.026641810073233727
-0.02690540953032569
-0.027175981764609655
-0.02745382030637946
-0.027739223873358795
-0.028032505726541986
-0.02833399940603502
-0.0286440575453244
-0.028963052585891345
-0.02929138435245888
-0.02962947843940394
-0.029977780995241482
-0.030336781874615606
-0.03070700025238523
-0.031088996735453178
-0.03148337932770694
-0.03189083108366859
-0.03231201826562435
-0.03274774646954849
-0.03319889738931069
-0.03366644787545112
-0.03415149296321302
-0.03465526914509583
-0.035179193234384246
-0.03572490464501479
-0.03629431751558936
-0.03688969988454511
-0.03751376434201412
-0.03816979147173658
-0.0388617898682232
-0.039594706201319906
-0.04037469754233284
-0.04120948825035209
-0.04210884079834851
-0.04308517195801383
-0.044154361385877354
-0.04533681146490908
-0.046658843465553455
-0.0481545329995473
-0.04986812706971637
-0.05185720299132017
-0.05419685376164472
-0.056985192840715085
-0.06035059117782571
-0.06446123175844187
-0.06953792034831167
-0.07586985161539535
-0.08383736417915859
-0.09394045423094266
-0.10683680861774734
-0.12339200675195154
-0.1447457968218755
-0.17239961069657864
-0.20833218441723358
-0.2551522968000083
-0.316301225520114
-0.39631926517886573
-0.5011995746502128
