-0.49986946914915137
-0.39478309566009356
-0.31459465770122397
-0.2533123887608776
-0.20639415578704753
-0.17039544855804387
-0.14270315733309108
-0.1213341580420884
-0.10478284706905232
-0.09190569720437523
-0.08183382527542897
-0.07390671682857897
-0.06762201043841634
-0.0625974094225466
-0.05854180630339861
-0.055233370419081
-0.052502918417899315
-0.05022128892414979
-0.04828976964691796
-0.04663281114629048
-0.045192503708706575
-0.04392436455736521
-0.04279415362591616
-0.041775443696207996
-0.040847770268640594
-0.039995233687661
-0.03920541850518021
-0.03846858399644481
-0.03777704660342642
-0.037124698399752784
-0.03650664888462075
-0.035918946983095286
-0.03535837822621713
-0.03482229258176877
-0.03430847149664456
-0.03381508185994967
-0.033340535394961866
-0.03288348481758391
-0.03244274511485434
-0.03201728724734404
-0.03160618776228977
-0.0312086130152815
-0.030823834184481837
-0.030451165230894816
-0.030089996554719254
-0.029739762906664042
-0.02939994279954559
-0.029070049033786207
-0.02874963432107353
-0.028438271302064867
-0.028135567450146427
-0.0278411491146135
-0.027554670394671313
-0.02727580037933515
-0.027004214035964758
-0.026739621152822857
-0.02648177312018321
-0.02623036339604395
-0.02598515815471197
-0.025745950217929546
-0.025512478038844755
-0.025284578455951487
-0.025062002302231677
-0.024844569058886205
-0.024632086503662803
-0.02442438387399025
-0.024221290461149993
-0.024022647516186862
-0.023828312839611693
-0.023638133709947686
-0.023451977598688757
-0.023269713254374425
-0.023091212280122463
-0.022916357131875457
-0.022745037198721275
-0.022577119844099987
-0.022412509263686098
-0.02225110094401089
-0.02209280251998274
-0.021937529907108802
-0.021785173768248733
-0.02163565497647413
-0.021488891415769124
-0.021344796489442226
-0.02120330137523808
-0.021064334920431554
-0.02092782952683681
-0.020793711576861617
-0.020661924805788226
-0.02053239940370743
-0.020405073893287967
-0.020279872257924346
-0.02015676323712479
-0.02003572985838984
-0.019916685522936208
-0.019799568539062323
-0.01968434703565463
-0.019570960271449084
-0.01945937571002507
-0.019349538251536118
-0.019241410567748606
-0.019134945983510634
-0.019030104755061134
-0.018926845813841423
-0.018825130977484495
-0.018724933552017466
-0.01862622034473778
-0.01852897562639465
-0.0184331560857948
-0.018338720337579308
-0.01824564160518895
-0.018153873345280427
-0.018063392328437358
-0.017974215626939464
-0.017886266630258763
-0.01779953789599711
-0.017714007129839705
-0.017629652610348743
-0.017546440967495996
-0.017464357586934334
-0.017383405114833803
-0.01730354955806186
-0.01722474734649393
-0.017147006592536818
-0.01707032635332451
-0.016994390186483806
-0.01691973871962007
-0.01684576269674869
-0.01677261542961615
-0.016700442730241898
-0.016629070752897303
-0.016558601791965204
-0.016489014125624746
-0.016420299639326057
-0.016352423126788553
-0.016285363485676656
-0.016219126766893213
-0.016153704807856824
-0.01608909318277249
-0.01602528453925574
-0.015962292285453948
-0.015900144378824515
-0.015838764559898084
-0.015778058742332998
-0.01571796570434834
-0.01565851536872939
-0.01559972493399136
-0.015541576948461632
-0.015484102810814136
-0.01542726599363333
-0.015371043072304523
-0.015315409922896454
-0.01526033866226008
-0.015205805011159373
-0.015151790634040324
-0.015098305304090226
-0.015045324379626798
-0.014992873401943567
-0.0149409280476951
-0.014889483628080168
-0.01483855657294855
-0.014788139724256931
-0.014738220742951424
-0.014688784614619822
-0.014639833715763077
-0.014591339431624113
-0.014543317002963628
-0.014495750719695557
-0.01444864230993897
-0.014401981637571845
-0.01435575827773756
-0.014309976083084739
-0.014264639606387394
-0.014219741856518506
-0.014175285960371318
-0.01413127120493717
-0.014087704059621677
-0.014044559177227094
-0.014001846453063524
-0.01395955968681578
-0.01391766415972048
-0.013876184737992514
-0.01383511196230424
-0.013794413899395497
-0.013754092424704665
-0.013714137382004174
-0.013674568796977881
-0.013635379198029748
-0.013596545144201468
-0.013558059895474366
-0.01351993355831454
-0.013482147923627563
-0.013444712801172574
-0.013407606389793167
-0.013370827153740841
-0.013334366611613179
-0.01329825874200608
-0.01326249658830486
-0.013227080725419654
-0.013191945752265727
-0.013157138427404189
-0.013122617607826952
-0.013088451487087132
-0.013054623352569057
-0.01302112145018957
-0.012987916491413407
-0.012955038673095472
-0.012922466542147857
-0.01289025333217206
-0.012858390722483536
-0.012826836595746497
-0.012795525602873038
-0.012764332885716427
-0.012733298441796763
-0.012702447690255273
-0.012671777367374687
-0.012641288479489475
-0.012610822353895029
-0.012580653700040603
-0.012550660970585548
-0.012520838702518827
-0.01249134412802642
-0.012462125748279101
-0.012433232956242914
-0.012404569950045073
-0.012376232090348374
-0.012348150336002476
-0.012320359665510365
-0.01229281490048483
-0.012265490644556102
-0.012238446453504508
-0.012211648062931074
-0.012184980312156757
-0.012158412939405202
-0.0121321931778132
-0.012106158436920858
-0.012080244793004702
-0.012054568918916661
-0.012029052463563644
-0.012003777900013146
-0.011978844026339586
-0.011953999639988685
-0.011929351345027837
-0.011905049226639102
-0.01188088555423785
-0.011856809582649156
-0.011832889041554969
-0.011809292158869684
-0.011785749677100513
-0.011762408448566707
-0.011739384601663025
-0.011716503976332155
-0.011693849725612914
-0.011671393314832893
-0.011649083696153495
-0.011626979109226217
-0.01160505563332968
-0.01158330793090477
-0.011561725654738262
-0.011540319667466846
-0.011519030224106252
-0.011497897826621932
-0.011476944219061012
-0.01145617199112389
-0.011435507571915967
-0.0114150077071145
-0.011394664364884878
-0.0113744898441056
-0.011354419506916532
-0.011334588524068065
-0.011314921722201488
-0.011295405501588715
-0.011276045879565755
-0.011256848679781658
-0.01123782709398428
-0.011218985463975668
-0.011200285808417131
-0.011181783940106466
-0.011163422939009371
-0.01114520629640769
-0.01112701635697183
-0.011109052034128533
-0.01109122765704403
-0.011073592922416992
-0.01105607461798235
-0.011038611838100149
-0.011021273902470072
-0.011004096987860373
-0.01098703640625085
-0.01097010106952826
-0.010953330914694227
-0.010936656607507223
-0.010920138923135208
-0.010903755708255851
-0.010887504419758897
-0.010871345694634212
-0.010855297001744486
-0.010839354436704219
-0.010823568624747646
-0.010807930461901358
-0.010792394028794148
-0.010777005253155832
-0.010761738603962331
-0.010746568227387359
-0.010731555691279067
-0.010716622572688989
-0.010701775638818741
-0.010687098151049214
-0.010672556959981164
-0.010658053314095329
-0.010643634590920228
-0.010629348121241387
-0.010615248943517843
-0.010601240732939233
-0.010587326661254082
-0.010573559986232559
-0.010559885220525991
-0.010546304916190206
-0.010532826782721681
-0.010519443012098503
-0.010506161978552316
-0.010492973784348722
-0.010479859771268446
-0.010466854404504657
-0.010453936442180638
-0.010441135698462752
-0.010428412877912793
-0.010415789931536792
-0.01040330547727825
-0.010390919684071787
-0.010378618909503527
-0.010366451841730361
-0.010354388264886062
-0.010342428584253355
-0.010330566123323748
-0.010318852205817387
-0.010307231916569551
-0.01029572874036219
-0.010284305786237723
-0.010272935379432356
-0.010261732731793786
-0.01025060661505601
-0.01023959306612586
-0.010228691101644139
-0.010217869723443915
-0.010207151289059583
-0.010196535951289963
-0.010186011561327157
-0.010175599779473495
-0.010165298994169904
-0.010155102379204745
-0.010144993736385171
-0.010134999998114808
-0.010125100546631436
-0.01011523070148403
-0.010105460194151034
-0.010095777111345813
-0.010086126705332703
-0.010076532011380496
-0.01006696400418904
-0.010057453663891797
-0.010048021396191126
-0.010038650494732035
-0.010029376856849256
-0.010020184225278018
-0.010011098582880401
-0.010002080143403544
-0.00999314470161758
-0.00998430550781058
-0.00997557159757212
-0.00996690479933913
-0.009958290318200691
-0.009949752002992331
-0.009941310856484576
-0.009932965155743365
-0.009924698600257548
-0.009916483870144682
-0.009908355829334678
-0.00990029218442568
-0.009892291698853311
-0.009884364131511834
-0.009876495222073978
-0.00986869779780613
-0.009860992951041828
-0.00985336099043001
-0.009845821815531728
-0.009838379572540943
-0.009831030571171268
-0.009823781837821873
-0.009816627845831922
-0.009809559228400046
-0.009802572394289007
-0.009795666216248314
-0.009788837501777604
-0.00978208413526965
-0.009775400464126059
-0.009768783607445809
-0.009762230842172263
-0.009755740000816967
-0.009749308526859053
-0.009742917433262208
-0.009736581370292622
-0.009730299880747691
-0.009724086349129264
-0.009717922646237682
-0.00971182695209162
-0.009705812613054449
-0.009699860388527867
-0.009693986390423976
-0.009688190403921238
-0.009682465369789311
-0.009676820730195124
-0.009671229734410893
-0.009665704776365464
-0.009660234802708471
-0.009654807875676335
-0.009649431229780892
-0.009644092417633357
-0.0096387841725776
-0.009633491579486326
-0.009628238951321574
-0.009623085874232261
-0.009618043905299582
-0.009613115024204697
-0.009608285030788557
-0.009603547528677779
-0.009598895654095422
-0.009594324903958706
-0.009589838454811886
-0.00958541895292205
-0.009581086621953332
-0.009576838996707185
-0.009572661425618953
-0.009568554868717325
-0.009564501004272162
-0.009560503581955329
-0.00955655800354538
-0.00955267164057606
-0.009548851817205118
-0.009545103953076976
-0.009541418050369583
-0.009537820944259978
-0.009534298110501266
-0.009530867801153699
-0.009527503630159863
-0.009524216836646759
-0.009520975458935477
-0.009517818043007671
-0.009514718251256304
-0.00951168439505245
-0.009508704128038314
-0.00950578405003236
-0.00950291310160929
-0.009500101471804096
-0.009497350771290049
-0.009494663529062428
-0.00949204270542829
-0.009489473743585093
-0.009486960882973043
-0.009484517285788
-0.00948213880778416
-0.00947981320751466
-0.009477557823926383
-0.009475348226618177
-0.00947321635894931
-0.009471136661907128
-0.009469151818097914
-0.009467237722250187
-0.009465401356829535
-0.009463641303500709
-0.009461952149244078
-0.009460342202376595
-0.009458809234978086
-0.009457347333474845
-0.009455956516293938
-0.0094546238522526
-0.009453365149545739
-0.009452172998012124
-0.009451037993332466
-0.009449966711651285
-0.009448967231545412
-0.009448036075290656
-0.009447166865647992
-0.009446357443029891
-0.009445600807321302
-0.009444890188178942
-0.009444223392151169
-0.009443598128710415
-0.009443013508357486
-0.009442472920111305
-0.00944197804624192
-0.009441543257543084
-0.009441154356673568
-0.00944082073046779
-0.009440553002245018
-0.009440337780257317
-0.009440191813174395
-0.0094401061232865
-0.009440069124456444
-0.00944007247436774
-0.009440116008540115
-0.009440170303654988
-0.009440267419275221
-0.009440419460858562
-0.009440620016893612
-0.009440859825457296
-0.009441205360247451
-0.009441544210404069
-0.00944202003331459
-0.00944253650433337
-0.009443105821975948
-0.009443740748854838
-0.009444451453743188
-0.009445227110005552
-0.009446082029900594
-0.00944701724736824
-0.009448020466150977
-0.009449089137963404
-0.009450225764935394
-0.00945143964980521
-0.009452727711662641
-0.00945408141468888
-0.009455504552868954
-0.009456997376801708
-0.009458532871854278
-0.009460128187322461
-0.009461782097482272
-0.009463489586092744
-0.009465277486930261
-0.0094671182201123
-0.009469041331061278
-0.009471027014032756
-0.009473086044457334
-0.009475218682237635
-0.00947743969128993
-0.009479744449975265
-0.009482130667577493
-0.009484600167658527
-0.009487149513593467
-0.00948977798618052
-0.009492491910577652
-0.009495262571429939
-0.009498066685915721
-0.009500909975194661
-0.009503799117027657
-0.009506737477633719
-0.009509714265609818
-0.009512736104778574
-0.009515824932150037
-0.009518979732291002
-0.009522201239624568
-0.009525482168602467
-0.009528821017680147
-0.009532228153468075
-0.009535707825975293
-0.00953926216282189
-0.009542882286041068
-0.009546596880820006
-0.009550444184970211
-0.009554469205439745
-0.009558594116475583
-0.009562638000638387
-0.009566708366476509
-0.009570822722247116
-0.00957500271188888
-0.009579253869719091
-0.00958358437110399
-0.009587968935438597
-0.00959243055755318
-0.009596984454912815
-0.009601606816210726
-0.00960630186096312
-0.009611075021160001
-0.009615790092605722
-0.009620591900817281
-0.00962546783789245
-0.009630409994624937
-0.009635415628368182
-0.009640480648578765
-0.00964560437766389
-0.009650782986942441
-0.009656017510894704
-0.009661304777436
-0.009666637442366427
-0.009672014838993692
-0.009677428763243354
-0.009682903231134974
-0.00968844548338329
-0.009694112343602035
-0.009699865944089316
-0.009705707095929895
-0.009711665807824166
-0.009717762795809708
-0.009723869848493088
-0.009729990317629209
-0.00973614700836704
-0.009742330057864493
-0.009748557029662045
-0.009754823957192467
-0.009761151528194383
-0.009767554892571072
-0.009774018446118948
-0.009780543841091657
-0.009787135987798696
-0.00979378009629647
-0.00980050017350764
-0.009807314965958632
-0.00981420254104027
-0.009821170629601575
-0.009828218273368603
-0.009835343289537134
-0.009842546630178712
-0.009849830136168119
-0.009857199317333273
-0.009864647051324643
-0.009872170447567658
-0.009879779025119138
-0.009887484046756947
-0.009895288175386301
-0.009903168683598834
-0.009911112896629536
-0.009919144407341596
-0.00992727707750824
-0.009935487024310075
-0.009943775059103712
-0.009952146549636715
-0.009960629360222812
-0.00996918599278729
-0.009977838934609183
-0.009986581188413822
-0.009995407713578394
-0.010004321967952007
-0.010013323975721954
-0.010022415838717571
-0.010031598760512966
-0.010040887202887937
-0.010050239739480743
-0.010059680749494078
-0.010069207596379224
-0.010078822435365193
-0.010088532266867612
-0.01009833104186327
-0.010108235904175486
-0.010118210774199839
-0.010128289771202672
-0.010138445176547899
-0.01014869411747606
-0.010159024921304436
-0.010169446656612301
-0.010179969427245998
-0.010190601918571275
-0.01020139551546299
-0.010212304752726527
-0.010223319524037221
-0.010234440822090908
-0.010245604583020079
-0.010256860943047095
-0.0102681856735868
-0.010279576473522171
-0.010291045461362308
-0.010302595872922735
-0.01031422073945434
-0.010325927275448675
-0.010337714757199919
-0.01034959284305678
-0.010361538848086526
-0.010373579810571885
-0.01038569742817175
-0.010397905963611231
-0.010410204574784799
-0.010422601123686533
-0.010435087484367514
-0.01044764601051936
-0.010460307133951725
-0.010473058834444647
-0.010485911105945645
-0.010498863738901272
-0.010511930714408348
-0.01052509074100468
-0.010538377774876932
-0.010551775640666014
-0.010565288190026995
-0.010578906927164138
-0.010592632875206629
-0.010606491144473302
-0.010620462771778623
-0.010634551124568976
-0.010648754508066684
-0.010663065750318473
-0.010677491337002002
-0.010692032193433783
-0.010706698972785061
-0.010721424184506239
-0.010736240865317513
-0.010751243002761724
-0.01076633273232953
-0.010781541765154778
-0.010796875791776395
-0.010812331065727251
-0.01082791225685745
-0.010843621227640852
-0.010859429465190173
-0.010875372040537437
-0.010891422833596629
-0.010907672334300702
-0.010923991470160013
-0.010940433790910723
-0.010956994367027227
-0.010973663188355527
-0.010990458594257119
-0.011007345849300194
-0.011024383448666557
-0.011041515829468301
-0.01105883105354953
-0.011076221511354114
-0.011093788285067928
-0.011111492388088699
-0.011129319581427212
-0.011147279507819866
-0.01116537515043635
-0.011183605003225128
-0.011201962537289984
-0.011220450161067473
-0.011239075264212015
-0.011257825738998794
-0.011276722423653672
-0.011295774980286466
-0.011314977473967109
-0.011334354888526417
-0.011353875221875205
-0.011373541897924028
-0.01139338199875553
-0.01141337918371712
-0.011433512715670639
-0.011453795835999083
-0.0114742210221088
-0.011494813437504784
-0.011515547869638019
-0.011536517813998164
-0.011557561958881109
-0.01157884490139096
-0.01160029183016973
-0.011621845204301704
-0.011643574527220452
-0.011665508897061349
-0.011687590694744048
-0.011709848397724735
-0.011732354521869591
-0.01175498545880252
-0.01177779979258007
-0.011800791178221907
-0.01182395605975643
-0.011847364148178637
-0.011870913242106696
-0.011894593954783404
-0.011918381246265207
-0.011942394779821425
-0.011966629670393698
-0.011991124883597524
-0.012015876916186424
-0.01204085600251004
-0.012066071316506995
-0.012091514115214032
-0.012117143700251949
-0.012142961363759279
-0.01216899442103549
-0.012195231702670738
-0.012221668606850785
-0.012248310349992839
-0.01227515979488607
-0.012302215085389015
-0.01232948071426428
-0.012356964526089352
-0.01238466160406349
-0.012412565656047723
-0.012440673582371994
-0.012468992658170957
-0.012497573532735331
-0.01252643625328523
-0.012555548077078768
-0.01258488520033457
-0.012614458472549332
-0.012644280066708025
-0.012674350729238119
-0.012704676224258337
-0.012735263340202514
-0.012766113051429153
-0.012797234369142626
-0.01282863030571886
-0.012860304361488167
-0.012892238418282433
-0.012924447679983927
-0.012956948964258882
-0.01298975218800848
-0.013022841274164686
-0.013056206692252563
-0.013089848634342899
-0.013123778969851375
-0.013158003025977017
-0.013192523583166917
-0.013227346415914984
-0.01326248547506857
-0.01329793353398658
-0.013333705016089891
-0.013369801467726558
-0.013406223954100452
-0.013442981098462302
-0.01348007523758914
-0.013517513996271041
-0.013555296401295557
-0.013593422211361504
-0.013631895357713128
-0.01367071380194797
-0.013709873834022715
-0.013749369520325338
-0.013789198222528824
-0.013829364868746481
-0.013869857980063417
-0.01391068174460071
-0.013951828900853034
-0.01399329727051011
-0.014035097542839187
-0.014077285903435151
-0.014119923366474774
-0.01416308948958428
-0.014206816192870527
-0.014251061048069133
-0.014295777790928593
-0.014340930071170146
-0.01438651040490213
-0.01443251514011933
-0.014478960319638096
-0.014525858644565575
-0.01457321698859182
-0.01462104619348301
-0.014669354705092369
-0.014718148402308373
-0.014767439354122804
-0.014817228735367978
-0.01486752926855917
-0.014918346393166556
-0.01496969335533104
-0.015021580314223359
-0.015074015374817154
-0.01512700868979559
-0.015180565129584647
-0.015234679607712319
-0.015289370564627449
-0.015344621878829333
-0.015400458701971197
-0.015456878399196834
-0.015513860978338753
-0.01557153193758337
-0.0156298044191101
-0.015688701132978874
-0.015748239620706272
-0.015808443519511155
-0.01586929869593936
-0.015930847602588543
-0.015993094000808276
-0.016056041788424427
-0.01611970043415839
-0.01618407910285645
-0.01624919455224797
-0.016315071219212978
-0.01638173289746591
-0.016449206242470538
-0.01651751763732292
-0.016586694951790246
-0.016656741801546797
-0.01672766486598853
-0.016799502574204768
-0.016872227985466275
-0.01694583887619129
-0.01702037347214696
-0.017095839910919144
-0.01717226368037346
-0.017249662722259907
-0.017328065339134915
-0.017407494711741148
-0.017487982138116347
-0.01756955116412653
-0.017652223239621113
-0.017736023190678744
-0.01782095727092562
-0.017907075294163785
-0.01799438649979339
-0.018082923587731548
-0.018172707276450324
-0.018263769894443057
-0.01835614409954045
-0.018449855672234797
-0.01854497455448208
-0.01864147566439292
-0.018739407773464493
-0.018838801670261234
-0.018939684029376132
-0.019042097968089474
-0.01914607439155607
-0.019251651989584586
-0.019358865444874737
-0.01946775557477686
-0.01957836891932685
-0.019690733518622577
-0.019804893271471696
-0.019920901054855562
-0.02003880529300891
-0.020158653202843085
-0.02028049837512208
-0.020404396236520312
-0.020530412422264697
-0.020658601520988945
-0.02078903026786859
-0.020921763819404963
-0.02105687063820618
-0.021194561178377754
-0.021334699950722395
-0.021477400822766994
-0.021622733816051475
-0.021770778772763153
-0.021921612350972154
-0.022075331790614904
-0.022232033365230598
-0.022391808230959646
-0.022554753514482374
-0.022720970466403846
-0.022890565910069643
-0.02306364996409313
-0.02324033276517402
-0.0234207390479515
-0.02360499907442
-0.023793240095179007
-0.023985592753263157
-0.024182183072394933
-0.0243831753659334
-0.024588715962378105
-0.02479897664401795
-0.025014243448885275
-0.025234565287163755
-0.025460138227304873
-0.025691145934545218
-0.02592780596207177
-0.026170338915727592
-0.02641897863446626
-0.026673968699488695
-0.026935566347595464
-0.027204045296843157
-0.02747968863442746
-0.02776279920135318
-0.028053697623801437
-0.028352723479919687
-0.028660237029383705
-0.02897662242438649
-0.029302291688964022
-0.029637672965943367
-0.02998324278425256
-0.030339502071499446
-0.03070699691587807
-0.031086310833590012
-0.03147811092838372
-0.03188303762257431
-0.032301852849341235
-0.032735400437790295
-0.03318461522833601
-0.033650560205811156
-0.03413443649051826
-0.034637622157865526
-0.03516172062225387
-0.03570860892956087
-0.03628051124547469
-0.036880112771947964
-0.03751065364109835
-0.03817611280354144
-0.03888140591686136
-0.0396326549420468
-0.040437561741944544
-0.04130587303089595
-0.042249992828473644
-0.04328580021290469
-0.04443371476287917
-0.045720096435321524
-0.047179095594142934
-0.048855052270359696
-0.050805694563646094
-0.0531063201710841
-0.0558553178760747
-0.05918142153157463
-0.0632532737348167
-0.06829226520775981
-0.07458857027451027
-0.08252349093022318
-0.09259822020768801
-0.10547191057330188
-0.12201190888930662
-0.1433600571228611
-0.17102021246496663
-0.20697384580814612
-0.25383270102416283
-0.31504101892313896
-0.39514188700582464
-0.5001305308508486
