-0.5024034846112161
-0.48085059064835484
-0.4606952883599003
-0.441826882946591
-0.4241450128562046
-0.4075585342461373
-0.3919845418525678
-0.3773475082648706
-0.36357853321016065
-0.3506146546386969
-0.33839826853226174
-0.32687660014079306
-0.31600130901318746
-0.30572793322989256
-0.2960156213504208
-0.2868267759991681
-0.27812675712770324
-0.26988361592660876
-0.26206785779610065
-0.25465222955153394
-0.24761152142589019
-0.24092239577163557
-0.23456323124435863
-0.2285139776718193
-0.22275603068345445
-0.2172721037907967
-0.21204613264418629
-0.2070631750764102
-0.20230932054379264
-0.19777161326672604
-0.1934379830988615
-0.18929715520271906
-0.18533861475251226
-0.18155254195469062
-0.17792976779423147
-0.1744618085365601
-0.17114064549039135
-0.16795879195829322
-0.16490922057877921
-0.16198534954156518
-0.15918099297145066
-0.15649036542314534
-0.15390800678705027
-0.15142882292181684
-0.14904801373525553
-0.14676104613423235
-0.1445636474950739
-0.14245183943106357
-0.14042183557569204
-0.13847004052606549
-0.1365931135916481
-0.13478791184194167
-0.13305147293081185
-0.13138101106979275
-0.12977388300292242
-0.12822765361561844
-0.12673996665258921
-0.12530849252148313
-0.12393125685683826
-0.12260630669357266
-0.12133178752207124
-0.12010591829786403
-0.11892706541795936
-0.11779364243203581
-0.11670420989877998
-0.11565739130343912
-0.11465164270536934
-0.1136857475854262
-0.11275854892483152
-0.11186892838792238
-0.11101580922443459
-0.11019821722989932
-0.10941509957970483
-0.1086657464527934
-0.10794927259154595
-0.10726491811969055
-0.10661180479783171
-0.10598926949078118
-0.10539661234533962
-0.10483327077071818
-0.10429861280989502
-0.103792050001219
-0.10331315514845224
-0.10286133938059873
-0.1024362038537941
-0.10203739276692358
-0.10166444492526161
-0.10131703282002229
-0.10099478565159349
-0.10069748594606927
-0.10042478944323247
-0.10017643125582801
-0.09995226433524196
-0.09975203188644907
-0.09957553834292535
-0.09942269033271674
-0.0992933792286841
-0.09918736434389713
-0.09910465139581548
-0.09904518464675259
-0.09900894498450459
-0.09899590248974272
-0.09900605591899221
-0.09903945183884257
-0.09909618151047533
-0.09917629749394699
-0.09927986598075496
-0.09940703434152096
-0.09955797947959177
-0.09973284813806375
-0.09993181390069668
-0.10015511893148075
-0.10040305172996625
-0.10067587333507053
-0.10097381302289712
-0.1012972484406815
-0.1016463542604116
-0.10202169547218247
-0.10242365698455358
-0.10285268993878062
-0.1033092764193153
-0.10379392041346099
-0.10430727466826271
-0.10485003663891707
-0.10542262844921148
-0.10602572628501515
-0.10666002309093928
-0.10732629272924586
-0.10802528813675635
-0.10875786876375164
-0.10952492034481916
-0.11032739238985077
-0.11116627238610706
-0.11204261708843588
-0.1129575459446837
-0.11391221117156364
-0.11490785714641664
-0.11594582204249818
-0.11702749787774866
-0.11815436639987195
-0.11932800933202387
-0.12055006811237087
-0.12182223689867122
-0.12314642315453198
-0.12452462537178612
-0.12595886184816868
-0.12745134554244608
-0.129004363884651
-0.13062033126691414
-0.13230201234193423
-0.1340521363662629
-0.1358736065863669
-0.13776956148273262
-0.13974330445544167
-0.14179834364778954
-0.14393836791557893
-0.1461673420465989
-0.14848947769988965
-0.1509092530254293
-0.1534314039618609
-0.1560610083006589
-0.15880350072933913
-0.1616646637354002
-0.1646506481062139
-0.16776804510730253
-0.17102386093936237
-0.17442561779507523
-0.17798132201422595
-0.18169957192396932
-0.18558954855920887
-0.18966112488650505
-0.19392486530532277
-0.19839209416702314
-0.20307496119606996
-0.2079865205887148
-0.21314080506338756
-0.21855288593190847
-0.22423899275775339
-0.2302165977940774
-0.23650453322694034
-0.2431231020438946
-0.25009429150680373
-0.25744171929446347
-0.2651909845941965
-0.27336978915334154
-0.28200813295231436
-0.29113853589144845
-0.30079618867665175
-0.3110194621294836
-0.32185001257430534
-0.33333317990973893
-0.3455183688329419
-0.35845947766732184
-0.3722153786034209
-0.3868504620891851
-0.4024352444531828
-0.41904704336801823
-0.4367707921601758
-0.45569990579232966
-0.4759372946666405
-0.4975965153887839
