-0.5024034845781188
-0.48085059061643903
-0.46069528832984935
-0.441826882918489
-0.42414501282972433
-0.4075585342207068
-0.3919845418274986
-0.37734750823946395
-0.36357853318378935
-0.3506146546108432
-0.3383982685024226
-0.3268766001086188
-0.31600130897845485
-0.3057279331925047
-0.29601562131040493
-0.2868267759566563
-0.27812675708298457
-0.2698836158800236
-0.26206785774806113
-0.2546522295025099
-0.24761152137638878
-0.240922395722168
-0.23456323119546107
-0.2285139776239915
-0.22275603063721705
-0.21727210374663866
-0.21204613260235664
-0.20706317503732083
-0.202309320507677
-0.19777161323410056
-0.1934379830699614
-0.1892971551778592
-0.18533861473186947
-0.18155254193834738
-0.17792976778241823
-0.17446180852933962
-0.17114064548779587
-0.16795879196030797
-0.16490922058534502
-0.16198534955258564
-0.15918099298680075
-0.15649036544268194
-0.1539080068105039
-0.15142882294877108
-0.149048013765404
-0.14676104616723665
-0.14456364753056114
-0.14245183946862722
-0.14042183561491037
-0.13847004056649367
-0.1365931136328332
-0.1347879118834176
-0.1330514729721329
-0.13138101111052772
-0.12977388304268445
-0.12822765365404648
-0.1267399666894329
-0.12530849255657864
-0.12393125689012277
-0.12260630672514095
-0.1213317875522207
-0.12010591832706767
-0.11892706544694326
-0.11779364246179054
-0.1167042099306307
-0.11565739133908456
-0.11465164273254216
-0.11368574760468121
-0.11275854893633094
-0.11186892839197957
-0.11101580922136985
-0.11019821722035349
-0.10941509956449681
-0.10866574643218993
-0.10794927256598791
-0.10726491808984236
-0.10661180476460243
-0.10598926945528947
-0.10539661230770633
-0.10483327073165508
-0.1042986127700948
-0.10379204996128344
-0.10331315510888243
-0.10286133934173884
-0.10243620381574725
-0.10203739272963712
-0.10166444488845232
-0.10131703278313785
-0.10099478561368108
-0.10069748589967248
-0.10042478939399266
-0.1001764312058997
-0.09995226428486975
-0.0997520318356731
-0.09957553829172507
-0.09942269028107222
-0.09929337917659047
-0.09918736429137914
-0.09910465134295193
-0.09904518459366027
-0.09900894493133357
-0.09899590243665556
-0.09900605586616042
-0.09903945178645691
-0.09909618145874503
-0.09917629744308155
-0.09927986593096956
-0.09940703429301549
-0.0995579794325504
-0.09973284809278
-0.09993181385735297
-0.1001551188902234
-0.10040305169093007
-0.100675873298363
-0.1009738129886413
-0.10129724840895617
-0.10164635423128672
-0.1020216954457133
-0.10242365696078315
-0.10285268991774195
-0.10330927640103292
-0.10379392039794617
-0.10430727465552031
-0.1048500366289344
-0.10542262844195426
-0.10602572628043254
-0.10666002308896681
-0.10732629272979564
-0.1080252881397157
-0.10875786876898648
-0.10952492035215884
-0.11032739239908361
-0.11116627239698294
-0.112042617100663
-0.1129575459579435
-0.11391221118552944
-0.11490785716080532
-0.11594582205713636
-0.1170274978925729
-0.11815436641481689
-0.1193280093470162
-0.12055006812744001
-0.12182223691367916
-0.12314642316936876
-0.12452462538637947
-0.12595886186248442
-0.1274513455564614
-0.12900436389835213
-0.13062033128032388
-0.13230201235506878
-0.13405213637912441
-0.13587360659896022
-0.1377695614950609
-0.13974330446750177
-0.1417983436595747
-0.14393836792710776
-0.14616734205793264
-0.14848947771109663
-0.15090925303657618
-0.15343140397301022
-0.1560610083118639
-0.1588035007406428
-0.16166466374683658
-0.16465064811780702
-0.1677680451190645
-0.17102386095130875
-0.1744256178072405
-0.177981322026644
-0.181699571936675
-0.18558954857205412
-0.1896611248995493
-0.19392486531862332
-0.19839209418063875
-0.20307496121005672
-0.2079865206031215
-0.21314080507826302
-0.21855288594729133
-0.22423899277367607
-0.23021659781053905
-0.23650453324397483
-0.24312310206152177
-0.25009429152503343
-0.25744171931329435
-0.26519098461361923
-0.2733697891733415
-0.2820081329728719
-0.29113853591254124
-0.3007961886982567
-0.3110194621515774
-0.32185001259686963
-0.3333331799327608
-0.3455183688564175
-0.35845947769126857
-0.3722153786278678
-0.38685046211419377
-0.40243524447885765
-0.4190470433945217
-0.4367707921877365
-0.4556999058212691
-0.4759372946974001
-0.4975965154218812
