-0.5024034846100163
-0.48085059064603725
-0.4606952883568637
-0.44182688294277483
-0.4241450128512472
-0.4075585342395089
-0.39198454184367737
-0.37734750825315333
-0.3635785331951474
-0.35061465462003977
-0.338398268509641
-0.32687660011404096
-0.3160013089822603
-0.3057279331948685
-0.29601562131149683
-0.2868267759566352
-0.27812675708200923
-0.269883615878234
-0.26206785774558755
-0.2546522294994721
-0.2476115213728965
-0.24092239571832944
-0.2345632311913611
-0.22851397761971529
-0.2227560306328456
-0.21727210374227843
-0.2120461325979937
-0.2070631750330245
-0.2023093205035045
-0.19777161323008546
-0.1934379830661081
-0.1892971551741606
-0.18533861472832996
-0.18155254193497666
-0.1779297677792135
-0.17446180852630985
-0.17114064548494926
-0.16795879195765043
-0.16490922058288135
-0.1619853495503179
-0.15918099298473057
-0.15649036544080994
-0.1539080068088325
-0.15142882294731122
-0.1490480137641519
-0.14676104616619012
-0.14456364752972412
-0.14245183946800222
-0.1404218356145088
-0.13847004056631718
-0.1365931136329163
-0.13478791188378275
-0.1330514729728105
-0.13138101111155262
-0.12977388304409962
-0.12822765365590344
-0.12673996669179435
-0.12530849255951398
-0.12393125689370754
-0.12260630672945963
-0.12133178755736278
-0.1201059183331255
-0.11892706545401191
-0.11779364246995831
-0.11670420994001056
-0.11565739134978435
-0.11465164274412182
-0.1136857476170564
-0.112758548949387
-0.1118689284055662
-0.11101580923535734
-0.11019821723469318
-0.10941509957907446
-0.1086657464468155
-0.10794927258048215
-0.10726491810404747
-0.10661180477840045
-0.10598926946861398
-0.1053966123203063
-0.10483327074344347
-0.10429861278103587
-0.10379204997135034
-0.10331315511809262
-0.102861339350149
-0.1024362038234439
-0.10203739273676082
-0.10166444489521974
-0.10131703278985811
-0.10099478562079325
-0.10069748591387394
-0.10042478940991223
-0.10017643122148943
-0.099952264300786
-0.09975203185242877
-0.09957553830966963
-0.09942269030040726
-0.09929337919738573
-0.09918736431359615
-0.0991046513664538
-0.09904518461824009
-0.09900894495672849
-0.0989959024625635
-0.0990060558922549
-0.09903945181240191
-0.0990961814842061
-0.09917629746773501
-0.09927986595450908
-0.09940703431515993
-0.09955797945304887
-0.09973284811127793
-0.09993181387363755
-0.10015511890412686
-0.10040305170231986
-0.10067587330713867
-0.1009738129947385
-0.10129724841233825
-0.10164635423194597
-0.10202169544366824
-0.10242365695607675
-0.10285268991043948
-0.1033092763912206
-0.10379392038573045
-0.10430727464102704
-0.10485003661230308
-0.1054226284233374
-0.10602572625999264
-0.10666002306687504
-0.10732629270623054
-0.10802528811485657
-0.1087578687430197
-0.1095249203252712
-0.11032739237146148
-0.11116627236880891
-0.11204261707211596
-0.11295754592919517
-0.11391221115674824
-0.11490785713215365
-0.11594582202877038
-0.11702749786464402
-0.11815436638746993
-0.11932800932039034
-0.12055006810173795
-0.12182223688893025
-0.12314642314568226
-0.12452462536385558
-0.12595886184121347
-0.1274513455365269
-0.12900436387982328
-0.13062033126326666
-0.1323020123395341
-0.13405213636514982
-0.1358736065865771
-0.1377695614842898
-0.13974330445835365
-0.14179834365205893
-0.14393836792121867
-0.1461673420536564
-0.1484894777084132
-0.15090925303546066
-0.15343140397342764
-0.15606100831376957
-0.1588035007439824
-0.16166466375154678
-0.16465064812381486
-0.16776804512628818
-0.17102386095965552
-0.1744256178166097
-0.17798132203692404
-0.1816995719477439
-0.18558954858382898
-0.18966112491188453
-0.1939248653313715
-0.19839209419365092
-0.20307496122315963
-0.2079865206161382
-0.21314080509101524
-0.21855288595959055
-0.22423899278532788
-0.2302165978213239
-0.23650453325369777
-0.24312310206998214
-0.2500942915320221
-0.25744171931860543
-0.26519098461704765
-0.27336978917468774
-0.28200813297194743
-0.291138535909171
-0.3007961886922867
-0.31101946214287624
-0.3218500125853375
-0.33333317991833566
-0.34551836883908194
-0.3584594776710649
-0.37221537860488163
-0.3868504620885903
-0.4024352444508915
-0.4190470433645474
-0.436770792156223
-0.4556999057888182
-0.4759372946647571
-0.49759651538998373
