-0.49991424643614407
-0.3948070552945725
-0.31460197598550127
-0.25330649782982845
-0.20637784830492964
-0.17037097657981232
-0.14267232165801003
-0.1212983873781313
-0.10474326594261453
-0.09186318347704
-0.08178905855908591
-0.07386021828839194
-0.06757417586100416
-0.06254853525557984
-0.05849211151087696
-0.0551830138982004
-0.05245201278036583
-0.050169911306496305
-0.04823797065439036
-0.046580621490071195
-0.045139939759156006
-0.04387143205608361
-0.04274085171292474
-0.041721766837336895
-0.040793710065697854
-0.039940781015753005
-0.039150563417557224
-0.038413316467182275
-0.037721357755260976
-0.0370685803791681
-0.03645009562108946
-0.03586195380180199
-0.03530094251230135
-0.034764396803778956
-0.03425012973312718
-0.033756294153647046
-0.03328130585350845
-0.03282381942377737
-0.03238265004093087
-0.03195677223830689
-0.031545265084704906
-0.031147290800655782
-0.030762125334111035
-0.030389082534342755
-0.03002755465640804
-0.029676977136715577
-0.029336828915856674
-0.02900662405476093
-0.028685915087026753
-0.028374273463904427
-0.028071310697965424
-0.027776651791166933
-0.027489949656830062
-0.027210878416317898
-0.026939108432933727
-0.0266743492021056
-0.02641635815768793
-0.02616481643900155
-0.025919493604565635
-0.025680198222451017
-0.02544665654931741
-0.025218711126677056
-0.024996108371591365
-0.024778663384422223
-0.024566194032802476
-0.024358519664190507
-0.02415547989868014
-0.0239569160771903
-0.02376267930253787
-0.023572613304574924
-0.023386595351325153
-0.023204485243766674
-0.023026157360859088
-0.022851483426598335
-0.022680351700420667
-0.022512650903277153
-0.022348273471448857
-0.02218713060461554
-0.022029103100116524
-0.021874095344832357
-0.021722021034934993
-0.021572794100541446
-0.021426332225201763
-0.02128253813389958
-0.021141348364992915
-0.02100269472715074
-0.02086648818982165
-0.020732681400542134
-0.020601188915033024
-0.020471980444880186
-0.02034498181679795
-0.020220138469139996
-0.020097428176330808
-0.01997675882284381
-0.01985806159086525
-0.019741291453809026
-0.01962641758620939
-0.01951337611449272
-0.019402131430196517
-0.019292644218928706
-0.019184874232648006
-0.019078758142121503
-0.01897427404144928
-0.018871378577447688
-0.01877003533675212
-0.018670212739509605
-0.018571873260775446
-0.018474986951055306
-0.01837951199205826
-0.018285418776520984
-0.018192694343818636
-0.018101297635329663
-0.018011162034109934
-0.017922331013279412
-0.01783473378876971
-0.017748357084831464
-0.017663168402826255
-0.017579153743918982
-0.017496275122682255
-0.01741452429701963
-0.01733388238169697
-0.01725432176024902
-0.017175799021490645
-0.01709831662516401
-0.01702187920108201
-0.016946156855218043
-0.016871688944706573
-0.01679789444391391
-0.01672491383543609
-0.016652937015737796
-0.01658189354904193
-0.016511778324587188
-0.016442562056458096
-0.01637421589448099
-0.016306716963610794
-0.0162400376864197
-0.016174175400962627
-0.016109113457008932
-0.016044837093019272
-0.015981329640844616
-0.015918578049825133
-0.01585656703318186
-0.015795281172927535
-0.015734696967683294
-0.01567479099732168
-0.015615578331428138
-0.015556976448239872
-0.015498985389423507
-0.015441660654368545
-0.015384928531492259
-0.015328796082013466
-0.015273255407280091
-0.015218294378439043
-0.015163890591820954
-0.015110026588040356
-0.015056697816163827
-0.01500388869096876
-0.014951611290928327
-0.014899826465374095
-0.014848536395993202
-0.014797752910916916
-0.014747468978209971
-0.01469766997070095
-0.014648344627945757
-0.01459951449692337
-0.014551152742814974
-0.01450327803483411
-0.014455862093340684
-0.014408904896843211
-0.014362404786526037
-0.014316349796451473
-0.014270733744127937
-0.014225557186920496
-0.014180825609104683
-0.014136525161521592
-0.014092656499786312
-0.014049235067064642
-0.014006224746330514
-0.013963638223215856
-0.013921472997364058
-0.013879707092172275
-0.013838351591949289
-0.013797414515509745
-0.013756857353653989
-0.013716678020407725
-0.01367687709671398
-0.013637472652456354
-0.01359845784057962
-0.013559813381478934
-0.0135215283538085
-0.013483575990653541
-0.013445981621756656
-0.01340874177194812
-0.013371837964154663
-0.013335277337958057
-0.013299047200178321
-0.013263166023942726
-0.013227606772846944
-0.013192364503131231
-0.013157404721024814
-0.013122776327905766
-0.013088430348965027
-0.013054435320297179
-0.013020766457882199
-0.012987397143870092
-0.012954282366207947
-0.012921469260829058
-0.01288889295243031
-0.012856636157521624
-0.012824643653362293
-0.012792938521815164
-0.012761508481292531
-0.012730316839269111
-0.012699398408821522
-0.012668763012091173
-0.012638371923114977
-0.012608228545060015
-0.012578199691967483
-0.012548545081864815
-0.012519143652436705
-0.012489931354249629
-0.012461020494238419
-0.012432328172455025
-0.012403905212688275
-0.012375671382639656
-0.012347717309492237
-0.012319978310869974
-0.012292507047119046
-0.012265255056412886
-0.012238197746537276
-0.01221141876241184
-0.012184895425594977
-0.012158522830929344
-0.01213226630466213
-0.01210637379868804
-0.01208067332862531
-0.01205508876756505
-0.012029725735865304
-0.012004490227874623
-0.011979490207727223
-0.011954800633625069
-0.011930198193477482
-0.011905777087757977
-0.011881704629185455
-0.011857784400329828
-0.011833953418222635
-0.011810228272973034
-0.011786835962746723
-0.01176351130044371
-0.011740361989470462
-0.011717474396724215
-0.011694703385403196
-0.01167207370313012
-0.011649678416324747
-0.01162741263314611
-0.011605350684126273
-0.0115834702702115
-0.011561762197950699
-0.011540233183609049
-0.011518903537959466
-0.011497731949145483
-0.01147674493853788
-0.011455968111975063
-0.011435385524640783
-0.011414907146368891
-0.011394580784996883
-0.011374398717167888
-0.011354368919948619
-0.01133444132480342
-0.011314728891628129
-0.011295183814199484
-0.011275786921127236
-0.011256566548227077
-0.011237490846796983
-0.011218576899881257
-0.011199810232664642
-0.011181145714959661
-0.011162649547035502
-0.011144289036740116
-0.01112605333207895
-0.011107862704931061
-0.01108989637046582
-0.011072058549111261
-0.01105442855538189
-0.01103694591599496
-0.011019540949968994
-0.011002297508107712
-0.010985227043128916
-0.010968262946025913
-0.010951395817271026
-0.010934677743581452
-0.010918039171122954
-0.010901575028137695
-0.010885249677643233
-0.010869055316510192
-0.010852958609468338
-0.010836981704041177
-0.010821116735845626
-0.010805396872432897
-0.010789808064826902
-0.010774300623399265
-0.01075892055863836
-0.010743656301526686
-0.010728482300660295
-0.010713469342673962
-0.01069854694700426
-0.010683708446082308
-0.010669035984683802
-0.01065449575701128
-0.010639991755740959
-0.010625561298880664
-0.010611248450613956
-0.010597133236093449
-0.010583115868006573
-0.010569213817280482
-0.010555473065888771
-0.010541839614779778
-0.01052829275285363
-0.010514847945750732
-0.010501492147810083
-0.010488250154134937
-0.010475113696522117
-0.010462056394528609
-0.010449111065356355
-0.010436250387275749
-0.010423530237344204
-0.0104109145278511
-0.010398405557591226
-0.010386074020631058
-0.010373857575820915
-0.010361761924646346
-0.010349812816501667
-0.010337948977554945
-0.010326124100176299
-0.010314349834785205
-0.010302760491355652
-0.010291269842483153
-0.010279893553903508
-0.010268580248189059
-0.010257295705543562
-0.010246156942038167
-0.010235095784966374
-0.010224139677843936
-0.010213284745671248
-0.010202492477826362
-0.010191766740393366
-0.010181126854300636
-0.010170545706874978
-0.01016005524668636
-0.010149666627944705
-0.010139381005214347
-0.010129189765798022
-0.010119144875339142
-0.010109215416795079
-0.010099329136138523
-0.010089582698081044
-0.010079946372438559
-0.010070365390491056
-0.010060869157670915
-0.010051424050769584
-0.010042050721783847
-0.01003277500472336
-0.010023549485083534
-0.010014412975958365
-0.010005347771715158
-0.009996379974748289
-0.009987486619993897
-0.009978689235154188
-0.009970006790039206
-0.009961237492305479
-0.009952587517209366
-0.00994398210368711
-0.009935448535826829
-0.00992700669916568
-0.009918650959065854
-0.009910383756352503
-0.009902176881712412
-0.00989407648579621
-0.009886078073514392
-0.009878151560851913
-0.00987031445661145
-0.009862548438879664
-0.009854874037668021
-0.009847290974423835
-0.009839776000766198
-0.00983234079323081
-0.009824995333514663
-0.009817723976211593
-0.009810540885980795
-0.00980343746344254
-0.009796411306220556
-0.009789458511958721
-0.009782574393381467
-0.009775759006410202
-0.009769009734469291
-0.009762323069625913
-0.00975569889795212
-0.009749141130074725
-0.009742654239413501
-0.009736227836277174
-0.00972986235246718
-0.00972356856285541
-0.009717340774087101
-0.0097111781632112
-0.00970508222096977
-0.009699039084039355
-0.009693065861461896
-0.009687148670270663
-0.009681307205530568
-0.009675548427213552
-0.00966984907198481
-0.009664223110745005
-0.009658644172388842
-0.009653126707889448
-0.009647663997234558
-0.00964225728421163
-0.0096369157361952
-0.009631624358371421
-0.009626386025778425
-0.009621213978467127
-0.009616118579287982
-0.009611108910341915
-0.00960619562612793
-0.009601355450517919
-0.00959658843591786
-0.00959189561191549
-0.009587270136569546
-0.009582709801596725
-0.009578208907953096
-0.009573762473015142
-0.009569380628202447
-0.009565078520078003
-0.009560841198897807
-0.009556683948732063
-0.009552602332769724
-0.009548613813707193
-0.009544717620350486
-0.009540883201544148
-0.00953711069880766
-0.009533417648384956
-0.009529789046580299
-0.009526258094789646
-0.009522799082385727
-0.009519428221039494
-0.009516119688151933
-0.00951288941461108
-0.009509713475961292
-0.009506627958436098
-0.009503597858015427
-0.00950063852320367
-0.009497728783795026
-0.009494881719893884
-0.009492082015057964
-0.009489340699307543
-0.009486661794328662
-0.009484046494014735
-0.00948149216014972
-0.009479002351493973
-0.009476569536195929
-0.009474226516976153
-0.00947194912732026
-0.009469725613312429
-0.009467565838165512
-0.009465443045935286
-0.009463389239924385
-0.009461392152019474
-0.009459467889248991
-0.009457599813482228
-0.009455795976504746
-0.00945404364561141
-0.00945233869954621
-0.009450702721117947
-0.009449123209367909
-0.009447602415366177
-0.009446145435527195
-0.009444738334383957
-0.009443406621024057
-0.009442120897201882
-0.009440884013232504
-0.009439700242854662
-0.009438574379802516
-0.00943750108406155
-0.009436482868738702
-0.009435527164975468
-0.009434638213335792
-0.009433827058845316
-0.009433100292798305
-0.009432453924998033
-0.009431877134832437
-0.009431361837756978
-0.00943089789378744
-0.009430484553823362
-0.009430117179669316
-0.009429800615972936
-0.00942955134405523
-0.009429346588649997
-0.009429201552366187
-0.009429111277946222
-0.009429057696005655
-0.009429073549983015
-0.0094291334861869
-0.009429263221521402
-0.009429457610895956
-0.009429679461446608
-0.009430004318787448
-0.009430394766535243
-0.009430868026030622
-0.009431406624149262
-0.009432008465507282
-0.009432671174116312
-0.009433394695108946
-0.009434173061836493
-0.00943502109196771
-0.009435920559792895
-0.009436890923281092
-0.009437931555712091
-0.009439029436754743
-0.009440181409830503
-0.009441395326235747
-0.009442673033581046
-0.009444018502201687
-0.009445421727412818
-0.009446887919605237
-0.009448425666853694
-0.00945000598215949
-0.009451650785117534
-0.00945335451300177
-0.009455108541990949
-0.009456939106206383
-0.009458814768402256
-0.009460763109519658
-0.009462770146139741
-0.00946483408404909
-0.009466964615323724
-0.009469157405044268
-0.009471410992835279
-0.009473730465202248
-0.009476112077643156
-0.009478553173388174
-0.009481053825356234
-0.009483618302416301
-0.009486255437297692
-0.00948898136782167
-0.009491784897121037
-0.009494666885294802
-0.00949762284703747
-0.009500636739329927
-0.009503704357879974
-0.009506841641584312
-0.009510029442980824
-0.009513262278710846
-0.00951654754554151
-0.009519874379330013
-0.009523257535345829
-0.009526688774147227
-0.009530181874807765
-0.009533734958178892
-0.009537349484327296
-0.009541043428812311
-0.00954479607134266
-0.009548621590291512
-0.009552523827718092
-0.009556515868911233
-0.00956056612408252
-0.009564682533592675
-0.009568867503313714
-0.009573124645173991
-0.009577427432379684
-0.009581794371862292
-0.009586233852000858
-0.009590729647805121
-0.009595284775450727
-0.0095999029961112
-0.009604580800287229
-0.009609318809223666
-0.009614114306588305
-0.009618976843105986
-0.009623900429024291
-0.009628886075868011
-0.0096339382447457
-0.009639056718553545
-0.009644242955784567
-0.009649506497771925
-0.00965484391594765
-0.009660249811296954
-0.009665726346240853
-0.009671282540623532
-0.00967691171025043
-0.009682631024127713
-0.009688414621989511
-0.00969425237162429
-0.009700208542185566
-0.009706295082225308
-0.009712377321745258
-0.009718480706494568
-0.009724625131905225
-0.009730825184218644
-0.009737094549131166
-0.009743431120748325
-0.009749850504187857
-0.009756367155065334
-0.009762947308296245
-0.009769595905073973
-0.009776303118641845
-0.00978306641133714
-0.009789913527633217
-0.009796848304746
-0.00980386631755064
-0.009810949485823511
-0.009818116362863807
-0.00982536609377249
-0.009832687484227737
-0.009840086528425503
-0.009847563518333134
-0.009855132364421171
-0.009862759998221891
-0.00987048347770554
-0.00987831012635619
-0.009886251496754442
-0.009893668893637025
-0.009901516335207673
-0.009909486760782491
-0.009917567694570239
-0.009925738376250345
-0.00993399483487312
-0.009942333472710854
-0.009950785804226545
-0.009959301230605058
-0.009967906142566065
-0.009976588108618527
-0.00998534875503199
-0.009994193230073127
-0.010003120875472008
-0.010012137343071839
-0.010021238491326905
-0.010030441839820875
-0.01003970600775602
-0.010049057618453129
-0.010058492368150963
-0.010068011321749993
-0.010077631026118163
-0.010087331241292987
-0.010097142051864613
-0.010107017909349111
-0.01011700545859679
-0.010127075287315147
-0.010137250224773593
-0.010147510059499508
-0.010157868810742765
-0.010168316070640459
-0.010178847431556493
-0.010189505077642116
-0.010200238992741362
-0.010211047535749099
-0.010221944765068046
-0.010232875368447381
-0.010243905587273035
-0.010255010697725978
-0.01026619847289654
-0.010277479367640553
-0.010288854498913657
-0.01030032149548566
-0.010311885442542737
-0.010323542161407883
-0.010335306796443256
-0.01034715317178891
-0.010359112322080387
-0.010371160152300263
-0.010383313146075001
-0.010395566995139572
-0.010407932349402405
-0.010420399372718766
-0.010432948328733996
-0.010445610531323207
-0.010458368204027834
-0.010471226956970595
-0.010484189066931129
-0.010497258133916783
-0.01051042877523905
-0.01052370354094163
-0.010537083467542514
-0.010550565012295144
-0.010564140803081233
-0.010577822648933716
-0.01059162533242586
-0.010605529932291982
-0.01061955371274205
-0.010633690145327272
-0.010647936441164753
-0.010662299025475485
-0.010676776432706729
-0.010691381759822973
-0.010706049094558353
-0.010720808795215437
-0.010735753817157705
-0.010750785829343756
-0.010765935078192432
-0.010781202742749648
-0.0107965861409092
-0.010812084780333879
-0.010827705797151367
-0.010843418665641405
-0.010859258239321651
-0.010875205124908739
-0.010891347431712493
-0.01090755379995924
-0.010923884416249037
-0.010940322986360556
-0.010956865862131591
-0.010973530008813018
-0.010990303473650025
-0.011007216583244096
-0.011024234963836123
-0.011041443587026838
-0.011058726181848102
-0.011076187891430427
-0.01109378362530717
-0.011111509184861703
-0.011129366042329015
-0.011147361393995513
-0.011165499644980197
-0.011183767260341614
-0.011202169600295502
-0.011220713280265906
-0.01123938539351438
-0.01125820630138662
-0.011277180745653691
-0.011296304808510455
-0.011315600041110215
-0.011335037003037288
-0.011354610735165093
-0.011374338086151136
-0.011394190737511235
-0.011414145811137737
-0.011434240232617065
-0.011454479201800032
-0.0114748994779269
-0.011495474985347214
-0.01151630421458593
-0.011537226614943635
-0.011558373360259621
-0.01157970739380732
-0.011601151561888177
-0.011622758931035487
-0.011644575339808696
-0.011666537877571907
-0.011688667499228419
-0.011711034794874618
-0.011733526488157899
-0.011756181273764476
-0.011779009176184761
-0.011802007578315498
-0.011825260028054481
-0.011848693934871675
-0.011872299078573354
-0.011896051538981907
-0.011920045749330924
-0.011944221147351346
-0.011968600499123612
-0.011993189092063063
-0.012017947312877978
-0.012042929019950395
-0.012068111362238088
-0.012093478410970516
-0.01211904673072599
-0.012144837287163156
-0.012170848025826174
-0.012197073637668601
-0.012223521227323805
-0.012250192057498685
-0.012277085986265757
-0.012304209524336444
-0.0123315716153213
-0.012359162091459364
-0.012386980876982708
-0.012415023287392949
-0.012443290964066553
-0.01247180222653774
-0.01250052900458526
-0.01252946728406244
-0.012558603396561433
-0.012587951062328882
-0.01261754553390477
-0.012647394106210283
-0.012677502538316869
-0.01270787463971912
-0.012738508396660042
-0.012769408136717321
-0.012800575981744422
-0.012832014484251844
-0.012863705903137379
-0.01289566161619459
-0.012927882185420812
-0.012960368764961698
-0.012993127935277847
-0.013026199199064708
-0.013059586082236155
-0.013093291701755402
-0.013127305409832528
-0.013161626279800605
-0.013196261561023848
-0.013231220784575332
-0.013266493274043674
-0.013302086119620315
-0.013337999628862016
-0.013374235573675706
-0.013410799791091693
-0.013447697606569158
-0.013484931443635413
-0.013522501549947514
-0.013560411997860468
-0.01359866814262571
-0.013637272938428492
-0.013676230508199631
-0.013715543551546722
-0.013755216263701374
-0.013795257815259572
-0.013835663934899817
-0.01387645047830778
-0.013917617857707749
-0.01395917287253019
-0.014001120602414301
-0.014043483119667414
-0.014086251536308995
-0.014129430839954696
-0.014173032247074087
-0.014217053985581983
-0.014261503571856633
-0.014306386435699784
-0.014351707225182461
-0.014397466178351578
-0.014443675644193526
-0.01449034450985213
-0.014537473513508467
-0.014585074149180496
-0.014633152704407095
-0.014681713940748428
-0.014730768337666672
-0.014780321541129285
-0.014830384689518443
-0.014880964725382636
-0.014932071139815687
-0.014983710457113622
-0.015035887986775288
-0.015088610457037778
-0.015141882225881477
-0.01519570046991692
-0.015250093056660259
-0.015305058035557428
-0.015360624809916174
-0.01541679468363401
-0.01547357601793272
-0.015530972082858608
-0.015588998795992447
-0.015647668707968684
-0.01570700609719731
-0.01576700295581778
-0.015827648337056622
-0.01588897859764199
-0.015951003608168698
-0.016013736528585253
-0.016077196245741745
-0.016141395330377055
-0.016206349474437925
-0.016272074892356977
-0.016338584969614534
-0.01640589646170864
-0.01647402219596601
-0.01654298443457803
-0.016612803440960423
-0.016683491013538193
-0.016755079709980022
-0.016827557817108763
-0.016900934955088452
-0.016975241243862023
-0.01705049456351753
-0.017126718193173046
-0.0172039295624302
-0.017282151203764425
-0.01736139954442609
-0.017441695072129577
-0.017523072102408246
-0.017605543692793678
-0.017689134901072448
-0.017773867714127523
-0.01785976900823699
-0.017946864002822617
-0.018035185488845563
-0.018124751375466337
-0.018215593550598715
-0.01830774302714705
-0.018401230624941017
-0.018496102882808264
-0.018592366302392027
-0.018690057636505407
-0.018789205488405014
-0.018889843194637553
-0.018992008541436792
-0.01909573270385042
-0.019201059517684874
-0.019308024638406775
-0.019416674369374446
-0.019527054509908198
-0.019639196587720974
-0.01975314863903252
-0.019868958150972803
-0.019986674580029912
-0.020106345359049562
-0.020228023926065566
-0.020351762320466798
-0.02047761861643529
-0.020605647130519756
-0.02073590826886326
-0.020868464399582756
-0.02100337963870061
-0.021140875876259964
-0.021280821932478357
-0.02142332012843348
-0.021568452188832757
-0.021716299664855998
-0.021866945373872595
-0.022020481598777016
-0.02217699953508649
-0.022336575584164152
-0.02249931245258849
-0.02266531275508364
-0.02283468344843854
-0.023007534558699427
-0.023183976698322967
-0.02336413387481654
-0.02354813105546864
-0.02373610603163927
-0.023928191697867137
-0.02412453093500733
-0.024325274031474907
-0.024530579168494146
-0.024740610205617453
-0.024955664015264264
-0.025175770320464634
-0.025401120366282736
-0.025631915751935574
-0.025868368104486728
-0.02611069749096009
-0.02635913746406998
-0.026613931196285228
-0.02687533373039013
-0.027143630685613
-0.02741909254956161
-0.02770205605624932
-0.02799281347543492
-0.028291707630615323
-0.028599096936375197
-0.028915370391220725
-0.02924093153171478
-0.029576217648938342
-0.02992169287617439
-0.030277855510664937
-0.030645249248207638
-0.031024455118394547
-0.031416128397940425
-0.031820908269799345
-0.03223956374511862
-0.03267295663751503
-0.033122028170242436
-0.03358784324785136
-0.03407160435372972
-0.03457469116372191
-0.03509870754499223
-0.03564552965019753
-0.03621738198159475
-0.03681694738802966
-0.037447466441466765
-0.038112915537448964
-0.03881820848567552
-0.03956946969555254
-0.04037439813773244
-0.04124274069790366
-0.04218689902970688
-0.043222751246873053
-0.04437071864962006
-0.045657164354196506
-0.04711623727615751
-0.04879227372387284
-0.05074299719733432
-0.053043703762686294
-0.055792783841833476
-0.05911897620463179
-0.06319093379459846
-0.0682300624654778
-0.07452654506603261
-0.08246171170240614
-0.09253678897064507
-0.1054109703817883
-0.12195165225253582
-0.14330073649494993
-0.17096214898178416
-0.20691743721622605
-0.25377842508476356
-0.3149893731614782
-0.3950934113271141
-0.5000857535638559
