-0.502403480615882
-0.48085060154150416
-0.46069531052404333
-0.441826913561672
-0.42414504973853
-0.4075585757172692
-0.39198458663308233
-0.37734755538804504
-0.363578581952205
-0.3506147044634875
-0.3383983190522021
-0.3268766510777847
-0.316001360171592
-0.3057279844738354
-0.29601567258669353
-0.28682682716440067
-0.27812680817421853
-0.2698836668202979
-0.2620679085089211
-0.25465228005773877
-0.24761157169976117
-0.24092244578614935
-0.2345632809709627
-0.22851402708111454
-0.22275607973768205
-0.2172721524415061
-0.21204618088331226
-0.20706322284963316
-0.20230936781729594
-0.1977716599746695
-0.1934380288616173
-0.18929720003432696
-0.18533865864884688
-0.18155258489212378
-0.1779298097294147
-0.17446184940967374
-0.17114068522968678
-0.167958830484012
-0.1649092578052113
-0.16198538537867999
-0.15918102732617417
-0.15649039820098556
-0.15390803789359547
-0.15142885225573052
-0.14904804119926987
-0.1467610716326396
-0.14456367093470285
-0.1424518607216854
-0.14042185463077245
-0.13847005726953887
-0.13659312795572753
-0.13478792376300608
-0.13305148235367595
-0.13138101794893178
-0.12977388730338751
-0.1282276553141443
-0.12673996573778532
-0.12530848899614555
-0.12393125073879606
-0.12260629801622168
-0.12133177633596076
-0.12010590466828322
-0.11892704942774524
-0.11779362418674429
-0.11670418952002953
-0.1156573689278078
-0.11465166054181992
-0.11368576475959333
-0.11275856175966967
-0.11186893745530112
-0.11101581502915002
-0.11019822028409444
-0.10941510029086923
-0.1086657451962544
-0.10794926976122547
-0.10726491403895627
-0.10661179977377247
-0.1059892638244674
-0.10539660652447409
-0.10483326463972077
-0.10429860653367137
-0.10379204379409497
-0.10331314921184809
-0.1028613339016929
-0.10243619900342021
-0.10203738869981967
-0.1016644417805029
-0.10131703072370628
-0.10099478471760232
-0.10069748627848904
-0.10042479109789208
-0.10017643427533886
-0.09995226868973349
-0.09975203755255693
-0.09957554529540119
-0.0994226985414018
-0.09929338865169295
-0.09918737491889505
-0.0991046630293071
-0.09904519720429487
-0.0990089585367467
-0.0989959167345625
-0.09900607058868999
-0.09903946662961353
-0.099096196016787
-0.09917631139867221
-0.09927987900354962
-0.09940704627684942
-0.09955799020629434
-0.09973285754696475
-0.09993182199111862
-0.10015512575631326
-0.1004030573770725
-0.10067587791723188
-0.10097381666916626
-0.10129725128879544
-0.1016463564520136
-0.10202169714887246
-0.10242365828328596
-0.10285269099036022
-0.10330927734627939
-0.10379392132860374
-0.10430727567332075
-0.10485003782547017
-0.1054226298917566
-0.1060257280467803
-0.10666002522355973
-0.10732629532981337
-0.10802529127060612
-0.10875787246833467
-0.1095249246513655
-0.11032739732475853
-0.11116627797261916
-0.11204262334506566
-0.1129575528864393
-0.11391221880875564
-0.11490786548073371
-0.11594583107429375
-0.11702750760622373
-0.1181543768199252
-0.119328020432411
-0.1205500798990692
-0.12182224938644978
-0.12314643635633159
-0.12452463929858797
-0.12595887651194293
-0.12745136095745305
-0.12900438006761594
-0.13062034823734392
-0.1323020301188064
-0.13405215497620987
-0.13587362605711195
-0.1377695818439864
-0.13974332573869225
-0.1417983658868677
-0.1439383911461326
-0.14616736630608784
-0.14848950302734032
-0.15090927946160923
-0.15343143154833547
-0.15606103707920227
-0.1588035307418966
-0.16166469502350947
-0.16465068071043246
-0.1677680790666181
-0.17102389629053236
-0.1744256545721384
-0.17798136024724887
-0.18169961163791104
-0.1855895898305813
-0.18966116772376934
-0.19392490970827903
-0.1983921401308146
-0.2030750087002949
-0.20798656960098788
-0.21314085554110695
-0.21855293781417617
-0.22423904596663224
-0.2302166522439081
-0.2365045887900947
-0.24312315857207872
-0.2500943488272246
-0.2574417772054302
-0.2651910428674939
-0.27336984752759025
-0.2820081911302434
-0.29113859353781646
-0.30079624541697364
-0.3110195175495607
-0.3218500662220122
-0.3333332312977932
-0.3455184174444574
-0.3584595229596192
-0.37221542003497565
-0.3868504991251036
-0.4024352765854748
-0.41904707015058335
-0.43677081325347045
-0.4556999210200108
-0.4759373040869355
-0.497596519384118
