-0.4978182086596266
-0.39664618507713656
-0.3194291096537241
-0.260389408606702
-0.2151511632546364
-0.18039873028910036
-0.15361882753038844
-0.13290559048761028
-0.11681316332944572
-0.10424418802579254
-0.09436541540618891
-0.08654382366678458
-0.08029823358225836
-0.0752626596423521
-0.07115853582584587
-0.06777366357804925
-0.06494624825454767
-0.062552791778283
-0.060498906259655434
-0.058712341031227876
-0.057137692635691927
-0.05573238703889179
-0.05446362165196478
-0.05330604503044829
-0.0522400055458978
-0.0512501922684162
-0.05032462557805597
-0.04945387726549999
-0.04863047854772986
-0.047848468114497875
-0.04710305184962836
-0.04639033175374073
-0.04570711533890821
-0.04505075393628733
-0.04441902654606529
-0.04381005077640187
-0.04322221170116802
-0.042654111913332265
-0.04210452385785076
-0.04157236105249078
-0.04105665184346265
-0.04055652121461075
-0.040071174769601786
-0.03959988180187332
-0.039141972650239686
-0.03869682758273993
-0.03826386928534401
-0.037842559574742925
-0.03743239385588906
-0.03703289831069781
-0.0366436265018216
-0.036264156297488595
-0.03589408888625875
-0.0355330472543881
-0.035180672630563355
-0.03483662474956428
-0.034500580794529834
-0.03417223274483114
-0.03385128863264741
-0.033537470654290434
-0.03323051424965356
-0.03293016807988715
-0.03263619477377055
-0.03234836852750511
-0.032066472435329896
-0.031790306692836744
-0.031519679052779095
-0.031254411428324184
-0.030994334441356405
-0.030739290386081974
-0.030489134330463477
-0.030243729286801246
-0.0300029434925994
-0.029766664455739823
-0.029534789363127673
-0.029307224638829534
-0.02908386264529152
-0.02886461357595536
-0.02864938961143643
-0.028438100681707847
-0.02823065134332861
-0.02802695115621091
-0.027826901307657314
-0.027630394003037958
-0.027437331087602778
-0.027247605960923325
-0.027061117599325998
-0.0268777616688482
-0.026697441731946336
-0.026520060747970236
-0.02634553466259449
-0.02617377551409559
-0.026004705844859456
-0.025838253456252437
-0.02567434734401932
-0.0255129191929692
-0.025353920618405107
-0.02519727474130275
-0.025042938839162202
-0.024890858613819945
-0.02474098445247415
-0.024593267921160174
-0.02444766605052134
-0.02430413244470422
-0.024162622763238013
-0.024023099861162297
-0.02388552052530835
-0.02374984763336194
-0.023616037538954915
-0.02348406192452833
-0.023353894207811688
-0.023225492526395
-0.0230987765007516
-0.022973792362870518
-0.0228504630147841
-0.022728770474765687
-0.022608675965271254
-0.0224901606210446
-0.02237317806189308
-0.02225771981691333
-0.022143760594922124
-0.02203126644506587
-0.021920190367871788
-0.021810529257422002
-0.021702277589418575
-0.021595071000929774
-0.02148953643468152
-0.021384987247272665
-0.021281595556752957
-0.02117957974174411
-0.02107886392123015
-0.02097943344988216
-0.02088126102458215
-0.02078430953028907
-0.020688548542628884
-0.020593947979204937
-0.020500498535058004
-0.020408181538989052
-0.02031697621352591
-0.020226861847059276
-0.02013782492719394
-0.020049847054738577
-0.01996290817193369
-0.019876988942549634
-0.019792072248418717
-0.019708146074917245
-0.01962517748503065
-0.019543157676594744
-0.01946209300555951
-0.019381942954786624
-0.01930268342393671
-0.019224295123627656
-0.019146765409536155
-0.019070062631904562
-0.018994168380466227
-0.018919082881894703
-0.01884477147859398
-0.018771239636873546
-0.018698459609895756
-0.018626414004641424
-0.01855511205915355
-0.01848454652859508
-0.018414702815205145
-0.018345566009621925
-0.01827714722710939
-0.01820941704548117
-0.018142391783982508
-0.01807604019285035
-0.018010358920160868
-0.017945337114288574
-0.01788095348630827
-0.017817196685068388
-0.017754065811644026
-0.017691541511298405
-0.01762961707317895
-0.0175682844233075
-0.01750755390073489
-0.017447386505932052
-0.017387789700198893
-0.017328751356008632
-0.017270234892144364
-0.017212259029242234
-0.01715480564766312
-0.01709784587994287
-0.017041370068526174
-0.01698536922120069
-0.01692985518547848
-0.016874808923932196
-0.01682021445201807
-0.016766058181811587
-0.016712325726046386
-0.01665901737515285
-0.016606114233171397
-0.016553598248610007
-0.01650147781014607
-0.01644970721871013
-0.01639831654003643
-0.016347294884140728
-0.01629664500193629
-0.01624629026558566
-0.016196285235955312
-0.016146593073774904
-0.01609727366919046
-0.016048304892724484
-0.015999647322850502
-0.015951286653058998
-0.015903281401336445
-0.015855565551704476
-0.01580819676939032
-0.015761194467813964
-0.015714551354452964
-0.01566826152582984
-0.015622251683109812
-0.01557658820403823
-0.015531267605164602
-0.015486278890352164
-0.01544163959523643
-0.015397193813116047
-0.015353231809402281
-0.015309567391823936
-0.015266157256038687
-0.015223135585426793
-0.015180420780729136
-0.015138048985792484
-0.015095923340053028
-0.015054203057420551
-0.015012800177883003
-0.014971733784120606
-0.014930923175405841
-0.014890354455433099
-0.014850144146084272
-0.014810244587799734
-0.014770536080182195
-0.0147310030374469
-0.01469191969197605
-0.014653108803412767
-0.014614472391770966
-0.014576121409114325
-0.014537954595877322
-0.014500098760715762
-0.014462630982612842
-0.014425242930752142
-0.014388124757188234
-0.014351415696492705
-0.014314920323921019
-0.014278543753937636
-0.014242395376705843
-0.01420666511701816
-0.014171010330831452
-0.01413557121101609
-0.014100466065627891
-0.014065501486253408
-0.014030774376649407
-0.013996239728709507
-0.013961865382261794
-0.01392771506516087
-0.013893780893315128
-0.01386008243195276
-0.013826603712128563
-0.013793385147368843
-0.013760335753169447
-0.01372747874934656
-0.013694876259381013
-0.01366248407131075
-0.013630214967267658
-0.013598148780342297
-0.013566254851160586
-0.013534562567483149
-0.013502990153447537
-0.013471699562896584
-0.013440613593698943
-0.013409718510946947
-0.013379033721725615
-0.013348547827895461
-0.013318286259982976
-0.01328825336635362
-0.013258426958259389
-0.013228825024305405
-0.013199413222853661
-0.01317018649308735
-0.013141005522743488
-0.013112069195855445
-0.01308330422205466
-0.013054793156527494
-0.013026459642374639
-0.012998243075803075
-0.012970245724863544
-0.012942460277649637
-0.012914822853828759
-0.012887327393859935
-0.012860003519955112
-0.012832791483163871
-0.012805782523055718
-0.01277895845037971
-0.012752307312511561
-0.012725798665367766
-0.012699449981972965
-0.012673272814891938
-0.012647311706925303
-0.012621521202982254
-0.012595852978307462
-0.012570373338489453
-0.012545052850476177
-0.012519857875294372
-0.012494889616332926
-0.01247005915356545
-0.012445364384320198
-0.012420883389815167
-0.012396590636891431
-0.0123723993709034
-0.012348343555566835
-0.012324466832557337
-0.012300837546669883
-0.012277297200214666
-0.012253888707353144
-0.012230684716209892
-0.01220763884918683
-0.012184742411124565
-0.012162010053466928
-0.012139423207942293
-0.01211701052781743
-0.012094756271528936
-0.012072625790665429
-0.012050646001818113
-0.012028791270463225
-0.0120071173499177
-0.0119855922997297
-0.01196421314937333
-0.011943035210213991
-0.011921983908950088
-0.011901063321142616
-0.011880310227908916
-0.011859699127202002
-0.011839238098544296
-0.011818918834212317
-0.011798799699092194
-0.0117788159877894
-0.011758991594345295
-0.011739289761744699
-0.011719691198078426
-0.011700306511232227
-0.011681064549665717
-0.01166197772538501
-0.011643052208456857
-0.011624245448446788
-0.011605568862804151
-0.011587036474607234
-0.011568616431573937
-0.011550350798427058
-0.011532239121002522
-0.011514279642627486
-0.011496460790860264
-0.011478820850613278
-0.011461348586281492
-0.011443977812490477
-0.011426796546112708
-0.011409770017013193
-0.011392851699881343
-0.011376078359060638
-0.011359425044654432
-0.01134290434223516
-0.011326525829053219
-0.011310259026173245
-0.011294140696802357
-0.011278143585573351
-0.011262303663523564
-0.011246583490764543
-0.011230997057344391
-0.011215549402545202
-0.011200252718756614
-0.011185075204705427
-0.011169994205281851
-0.011155040759293227
-0.011140233679308175
-0.011125587281794106
-0.011111112693495661
-0.011096757412244897
-0.011082564472065732
-0.011068517630426867
-0.011054612629691601
-0.011040844189699106
-0.011027207447844098
-0.011013729631252427
-0.011000405406238355
-0.010987216285010237
-0.01097416920555884
-0.01096125904245587
-0.010948490197321041
-0.010935866666880123
-0.010923383145031707
-0.010911039579039371
-0.010898832175596963
-0.010886759589105541
-0.010874809068803391
-0.010862983329446733
-0.01085128361954425
-0.01083971020886475
-0.010828264606467857
-0.010816943720541785
-0.010805754251066082
-0.010794698104571957
-0.010783735038326608
-0.01077289049004169
-0.010762182712852734
-0.010751598619279013
-0.010741113376557261
-0.010730753925220394
-0.010720480700414684
-0.010710310299988871
-0.010700253195991601
-0.010690328212834131
-0.010680533237144008
-0.010670817613448912
-0.01066121666222638
-0.010651713049965384
-0.010642308197419395
-0.01063301644064273
-0.010623834903940008
-0.010614748209466248
-0.01060576286767224
-0.01059689287666505
-0.010588151212002324
-0.01057952211536346
-0.010571008933611714
-0.010562617297565914
-0.010554338783871346
-0.010546187633473782
-0.01053814747576938
-0.010530228014033388
-0.010522413135087016
-0.010514737442877772
-0.010507187754528635
-0.010499752613457125
-0.010492440823823923
-0.010485232072452689
-0.010478131819211358
-0.010471131909308371
-0.010464246738986605
-0.01045747307663925
-0.010450802855647413
-0.01044423643259166
-0.01043780900510087
-0.010431454632448756
-0.010425211089491761
-0.010419058253959631
-0.010413022650141686
-0.010407063249254443
-0.01040122926381397
-0.010395491373532918
-0.010389856614050733
-0.010384319154373203
-0.010378880963454136
-0.010373535767124043
-0.010368287398230043
-0.010363132967546656
-0.010358079923194359
-0.010353132606901112
-0.010348264217445476
-0.010343490967285044
-0.010338832730506441
-0.01033429053038244
-0.010329818480320462
-0.010325431657387649
-0.01032110343396581
-0.010316889380409365
-0.01031277485919682
-0.010308782219339748
-0.010304886166684745
-0.01030108681814785
-0.01029738401360672
-0.010293775592808922
-0.010290270441910295
-0.010286859620413646
-0.010283542431249708
-0.010280322172528856
-0.010277189701912652
-0.010274154379029931
-0.01027121532345088
-0.010268361742844793
-0.010265596870123636
-0.010262931701018108
-0.010260359828157742
-0.010257879196004573
-0.010255488693454044
-0.010253187388080332
-0.010250974150814043
-0.010248851906720688
-0.010246820630887582
-0.010244881332494595
-0.0102430378286547
-0.010241294612518397
-0.010239648286465697
-0.010238056798992723
-0.010236561938710571
-0.010235180706685757
-0.010233889214823213
-0.010232709568170992
-0.010231617352609483
-0.010230626253002218
-0.010229734578509592
-0.010228959517394571
-0.010228280429249666
-0.010227699253517259
-0.01022723418079591
-0.01022688738821649
-0.010226637391766248
-0.010226492819503092
-0.010226470810955962
-0.010226554736061174
-0.010226744659616337
-0.010227036630296605
-0.01022743076710015
-0.010227943818660589
-0.010228557506063657
-0.010229281765107014
-0.01023012561556116
-0.010231064966761192
-0.010232074894079377
-0.010233169898716117
-0.010234347806165953
-0.010235601131240104
-0.01023689753637847
-0.010238210426737457
-0.010239525585865971
-0.01024077309141095
-0.010241960099437427
-0.01024308087132738
-0.010241186662313091
-0.010243268272866105
-0.010245613971102548
-0.010247747868492186
-0.010249480102151105
-0.010251094516172248
-0.01025274873838205
-0.010254560649341108
-0.010256562525119804
-0.010258774117390375
-0.01026120376978663
-0.010263847658507637
-0.010266699726858829
-0.010269756093424426
-0.010273000589533034
-0.010276409699141372
-0.010279999382410879
-0.010283742902704623
-0.010287647369810641
-0.010291680304268745
-0.010295820001689875
-0.010300108184097186
-0.010304510962135548
-0.010309017863775652
-0.010313626523073815
-0.010318315188789244
-0.010323137506019474
-0.0103280607208073
-0.010333105710524756
-0.010338229792314331
-0.010343463761720706
-0.010348822118593734
-0.010354265488510133
-0.01035979844928544
-0.010365417515386026
-0.010371155086531336
-0.010376971046690877
-0.010382870476513784
-0.010388885173624107
-0.010395032748290824
-0.010401261588385844
-0.010407605673425307
-0.010414070814826605
-0.010420639320809767
-0.010427305644532614
-0.010434076910017664
-0.010440941342757512
-0.010447907299898751
-0.010454980515569699
-0.010462167526390554
-0.01046946017459792
-0.010476859532350705
-0.010484369074077144
-0.010491986852776355
-0.010499728042661449
-0.010507587121212306
-0.010515567444429112
-0.010523680715499055
-0.010531918045799496
-0.010540284596805038
-0.010548798065973506
-0.010557486412137919
-0.010566292015390184
-0.010575219141118633
-0.010584295569024455
-0.010593533730548678
-0.010602800241604657
-0.010612094211136623
-0.010621454883285503
-0.010630885060765777
-0.010640430156357567
-0.010650062219926962
-0.01065981402198953
-0.010669698900041477
-0.010679708093547959
-0.01068983884233975
-0.010700086723680563
-0.010710438365272275
-0.01072094708688265
-0.010731569990083845
-0.010742333269980489
-0.010753205791317064
-0.010764216549368011
-0.010775351265096227
-0.010786609698194807
-0.010797999935955956
-0.010809519218814538
-0.010821173681545143
-0.010832949210079159
-0.01084488063224226
-0.010856976169500673
-0.010869216716778493
-0.010881569665080477
-0.010894039794886934
-0.010906670348972707
-0.010919452253495644
-0.010932362883729348
-0.010945402768157114
-0.010958585506040962
-0.010971943215699885
-0.010985425724737279
-0.010999062459714352
-0.01101283290464104
-0.011026756070269286
-0.011040830119191903
-0.01105505036431109
-0.011069422563340123
-0.011083942749456855
-0.011098637745144042
-0.011113443523321793
-0.011128409469042765
-0.011143528025818056
-0.011158799441961787
-0.011174242387288601
-0.011189835059086318
-0.011205599515394045
-0.01122148369799808
-0.011237549866610684
-0.011253737336010258
-0.011270095635361582
-0.011286580314710202
-0.011303227791904905
-0.011320005124012955
-0.011336928864971656
-0.011354047504474614
-0.011371296405435348
-0.011388672852748423
-0.011406195738103487
-0.011423806079062985
-0.01144160543410644
-0.011459560271272191
-0.011477661185471541
-0.011495910649775115
-0.011514302587269227
-0.0115328224758126
-0.011551472403021797
-0.011570248282444046
-0.011589159074381784
-0.011608178710358467
-0.011627351229803818
-0.011646654070672231
-0.011666127195714637
-0.011685790622203063
-0.01170568243317369
-0.01172582836118856
-0.011746259172048714
-0.011767084879753382
-0.011788359543157132
-0.011810184510493172
-0.011832643601453582
-0.011855784889571524
-0.01187957501221218
-0.011903942332604008
-0.011928754290122402
-0.011953769015101113
-0.011978739244371036
-0.012003541800019994
-0.012028149005495127
-0.012052550818565162
-0.0120768152058295
-0.01210098637830333
-0.012125102095427711
-0.012149218997918142
-0.01217337402478221
-0.01219760694878271
-0.012221865375664083
-0.012246196537745802
-0.012270735425297052
-0.012295374763321786
-0.01232014830111947
-0.01234506444699776
-0.012370132012733457
-0.012395354765078434
-0.012420741951279802
-0.012446257358826877
-0.012471948238624147
-0.012497781936438234
-0.012523880541425765
-0.012550091644559828
-0.012576487465317882
-0.012603047639944522
-0.012629754766220257
-0.012656636012949075
-0.012683658103832623
-0.012710868461186145
-0.01273822104933594
-0.012765833091407369
-0.012793566651456248
-0.01282155612403202
-0.012849762319987903
-0.012878169963053864
-0.012906799643562717
-0.012935646717379935
-0.012964705255155962
-0.012993966468802983
-0.013023432286887644
-0.013053105143568455
-0.0130829673610996
-0.013113045810883517
-0.013143352408854732
-0.01317387327976686
-0.013204629541210077
-0.013235602834652584
-0.013266803303958295
-0.01329826112270148
-0.013329936798043038
-0.01336180793684587
-0.01339392224120074
-0.013426273145863527
-0.013458882071480558
-0.013491715157506455
-0.013524839764304396
-0.013558120574300357
-0.013591710879803551
-0.013625512963854544
-0.013659485432682562
-0.013693697539840318
-0.01372815415401202
-0.01376281369138132
-0.013797701031052897
-0.013832862478140355
-0.01386818852595796
-0.013903755677488744
-0.013939575107626468
-0.013975632043713047
-0.014011984645335193
-0.0140485435924891
-0.014085326067005714
-0.014122303952895184
-0.014159550614403446
-0.01419701612093038
-0.014234719112164052
-0.014272653972756278
-0.014310790646781186
-0.014349141945780517
-0.014387721155718866
-0.014426497578840755
-0.014465479410113207
-0.014504682027912752
-0.014544093920801271
-0.01458370456303397
-0.014623518215860444
-0.014663533355535475
-0.014703746050042656
-0.014744163180861152
-0.014784799161571561
-0.014825607962842815
-0.014866585507093048
-0.014907733952517198
-0.014949057328527398
-0.014990576338101871
-0.015032258048285707
-0.01507411258823658
-0.015116125935472543
-0.015158293552104914
-0.015200620546283121
-0.015243094814088582
-0.015285714455209064
-0.015328484949368757
-0.015371399690980097
-0.015414459834498828
-0.015457664114945032
-0.015501012056559502
-0.015544481245853309
-0.015588082693042326
-0.01563181759397296
-0.01567568796205205
-0.015719698581746194
-0.015763854530323473
-0.01580816236966622
-0.01585263096176319
-0.015897270239424492
-0.015942089407547544
-0.015987106253026684
-0.016032349992792547
-0.01607783275394154
-0.016123583507619586
-0.016169630391949616
-0.016216010016902413
-0.016262764746641737
-0.016309936217127514
-0.016357576979120624
-0.01640573429951088
-0.01645446735174129
-0.016503833432809385
-0.016553890731854516
-0.016604695855500333
-0.016656296782411685
-0.01670873586395396
-0.01676205423850877
-0.016816259733690126
-0.016871369429487186
-0.01692736983323894
-0.016984243911429456
-0.017041969201876263
-0.017100547812422512
-0.017159953708785775
-0.0172201859089126
-0.017281258470542203
-0.01734318101681554
-0.017405974177970115
-0.017469654919530765
-0.017534235437638847
-0.017599716414738443
-0.01766610565344549
-0.01773340164718543
-0.017801590234358764
-0.017870656579858674
-0.01794058222370733
-0.018011345215579854
-0.018082927701939516
-0.01815530600367448
-0.018228464653491667
-0.018302382926370254
-0.018377045518145778
-0.018452441395337707
-0.018528559148083226
-0.01860539334832199
-0.018682938285192036
-0.01876118279279026
-0.018840148025963642
-0.018919819015679337
-0.01900022214015059
-0.019081350253541098
-0.01916321486746946
-0.019245824186684527
-0.01932919457714602
-0.01941334006075673
-0.019498277655411348
-0.01958402543119032
-0.019670579521113882
-0.019757984074108358
-0.019846258395293498
-0.019935420078344167
-0.020025491953697905
-0.02011649397991552
-0.020208448479488158
-0.02030137915702459
-0.020395309768017664
-0.020490266535116722
-0.0205862743728106
-0.020683366421996904
-0.02078155788973257
-0.02088087347746398
-0.020981357356147583
-0.021083014178603116
-0.021185868296512814
-0.02128995303169138
-0.02139529272412604
-0.021501919669926404
-0.021609859530475537
-0.021719143717160785
-0.021829799523518423
-0.021941858969925735
-0.02205535346191566
-0.022170312064154468
-0.022286767675445202
-0.022404751698227053
-0.022524297872335626
-0.02264544071587887
-0.022768221464192707
-0.02289266892977649
-0.023018824450610896
-0.023146728918723804
-0.023276420548550815
-0.02340796322569559
-0.023541362431314296
-0.023676665731959756
-0.02381391403856416
-0.02395314922707288
-0.024094421170293846
-0.024237772482428224
-0.02438325331454332
-0.02453090991643483
-0.024680796100994797
-0.024832972907582913
-0.024987480452897913
-0.02514438115412883
-0.025303733579191
-0.025465597892937772
-0.0256300325248652
-0.02579710219968234
-0.025966868904847392
-0.026139403635759045
-0.02631477246969077
-0.02649304908106276
-0.02667430896029606
-0.02685862710131322
-0.027046254714234958
-0.027237065553721185
-0.027431181002806462
-0.02762869700565517
-0.027829713104936583
-0.028034332259436884
-0.028242666876866943
-0.028454821834269346
-0.028670908733260916
-0.02889104645684903
-0.02911535673916733
-0.02934396356317606
-0.029576996700364976
-0.029814587214414205
-0.030056882717116824
-0.03030403376621685
-0.03055619310814451
-0.030813521001250628
-0.03107618229536066
-0.03134435122242156
-0.03161820578259599
-0.03189793049086852
-0.0321838332568118
-0.03247607478974229
-0.03277487082496819
-0.0330804517331656
-0.03339306155882136
-0.033712957265331134
-0.03404041034313203
-0.03437570485150739
-0.03471914069566362
-0.03507103577572771
-0.035431721761342
-0.035801550619722004
-0.03618089476935018
-0.03657014632777466
-0.036969719946348144
-0.03738005636416735
-0.0378016267972866
-0.0382349201854821
-0.038680475856537166
-0.039138860756024796
-0.039610682951349376
-0.04009659545970857
-0.04059732746070333
-0.04111358224864242
-0.04164622318931934
-0.0421961876755155
-0.04276450836888374
-0.04335233470282959
-0.04396095976509565
-0.04459185517835652
-0.04524671119861547
-0.04592749165634507
-0.04663650397524236
-0.04737649111052687
-0.04815074783561047
-0.04896327764226733
-0.0498189918138232
-0.05072397337975444
-0.05168582137954584
-0.052714104979038695
-0.05382094840332457
-0.0550218264166929
-0.0563365745982518
-0.05779074094214071
-0.05941735447324619
-0.06125925631174334
-0.06337214647374478
-0.06582863233457445
-0.06872354336414835
-0.07218093476252747
-0.07636331920995848
-0.08148410321269645
-0.08782294382042659
-0.09574753367378964
-0.1057413835200227
-0.11844072579069582
-0.13468324609113932
-0.15557246595286459
-0.1825628261297564
-0.21757217059085177
-0.2631304838463019
-0.3225766924090428
-0.40031938373262455
-0.5021817913403734
