-0.4998807774287556
-0.3946301575166701
-0.3142170080970662
-0.25268756691886135
-0.20552321359822376
-0.16929319251447805
-0.14139169221132764
-0.11983871174774502
-0.10312916584904552
-0.0901184986917834
-0.07993594344712203
-0.07191871545522192
-0.06556208737562098
-0.06048146396458981
-0.056383607018238725
-0.05304476300694241
-0.050294049634332434
-0.04800086113018791
-0.04606521497915871
-0.04441048870518673
-0.04297787303370345
-0.041722135393235354
-0.04060840421197339
-0.039609729845155095
-0.03870521213242133
-0.03787858218195078
-0.03711712294149036
-0.03641084055676151
-0.03575183465781022
-0.035133817053125724
-0.03455174732458355
-0.034001546506274065
-0.03347988552550053
-0.03298401888748666
-0.03251166604139926
-0.03206089720785709
-0.0316300230581002
-0.031217684090722255
-0.030822654748003685
-0.030443863740647233
-0.0300803580238356
-0.02973129266093615
-0.029395897617808166
-0.029073478412422273
-0.02876340113794756
-0.02846508596907598
-0.028177993427387388
-0.02790162833087904
-0.027635530943528733
-0.027379265095226753
-0.027132427462200133
-0.02689463911503496
-0.026665554455014312
-0.026444844067536565
-0.02623219592424986
-0.02602731782376678
-0.02582994520947628
-0.025639791877593295
-0.025456627646173822
-0.025280221936615097
-0.025110360079379522
-0.024946828222398784
-0.024789433270068145
-0.02463798496998433
-0.024492314465742276
-0.024352217788868636
-0.024217554924778457
-0.024088179639283835
-0.023963958565689177
-0.023844759961948566
-0.023730451511820367
-0.023620913004965906
-0.02351604096511833
-0.023415720150158685
-0.023319849918733877
-0.02322833877346182
-0.02314109287448989
-0.023058021105336123
-0.02297904870290298
-0.0229040995744847
-0.02283310005354297
-0.022765987538313288
-0.02270269659388293
-0.022643165109707063
-0.02258734755383621
-0.02253519611453474
-0.022486655057507306
-0.022441683945852775
-0.02240024390169358
-0.022362295531098912
-0.02232781306299624
-0.02229675457842445
-0.02226909763404833
-0.022244822363802725
-0.022223899554176692
-0.022206324031414697
-0.022192076467094275
-0.02218113920208192
-0.022173502562519477
-0.022169170926350245
-0.02216813637031636
-0.022170402635013832
-0.022175961797889603
-0.022184830577259226
-0.022197012908790902
-0.02221252445498914
-0.022231367345796973
-0.02225356888342056
-0.022279145494226563
-0.02230812552203483
-0.02234052229661202
-0.022376376999056008
-0.022415717431760292
-0.022458587777228017
-0.022505009441161752
-0.022555041410379468
-0.02260869428508782
-0.022666048635005372
-0.02272714414495639
-0.02279204595491689
-0.022860807055303085
-0.02293349923100108
-0.023010197066892755
-0.023091031262082937
-0.02317601402314627
-0.023265242107065102
-0.023358796575255858
-0.023456784070185973
-0.02355929258018377
-0.02366643871047945
-0.023778326239692112
-0.023895078992697844
-0.024016816883284636
-0.024143674517030287
-0.024275795608343056
-0.024413314895864353
-0.024556386906766148
-0.02470518562620106
-0.02485988200744954
-0.02502066225391755
-0.025187718799177226
-0.025361260020418552
-0.0255414991040969
-0.025728664384938406
-0.025922999605260733
-0.0261247645763625
-0.026334218717739867
-0.026551652429423773
-0.026777355074084012
-0.02701168744168065
-0.02725498466496173
-0.027507607865865154
-0.02776994337339208
-0.02804240658630788
-0.02832544372248629
-0.028619524264681093
-0.02892516759427414
-0.02924293442167794
-0.029573430519441855
-0.029917309157287957
-0.030275284036176093
-0.030648143173851027
-0.031036762521332948
-0.03144211510791287
-0.03186530794808716
-0.03230757436298981
-0.03277037183410205
-0.03325535938990771
-0.033764496195186774
-0.03430009543147082
-0.03486493985697738
-0.03546238171511908
-0.03609652274563375
-0.03677242634155391
-0.03749639839677469
-0.0382763565435171
-0.03912230263207371
-0.04004697417140504
-0.041066594880141784
-0.04220203751852319
-0.04348016026279788
-0.04493571093745526
-0.0466138379014288
-0.04857314156999768
-0.05088996408751189
-0.05366391004934031
-0.05702513792174349
-0.061143893944550824
-0.06624318045896062
-0.0726153021992483
-0.08064371630765224
-0.09083180132809321
-0.10384075996590879
-0.12053956456621448
-0.14207081331410393
-0.16993757297881562
-0.2061179497375507
-0.25321632041516634
-0.3146629810144071
-0.39497789029642777
-0.5001192225712444
