-0.5047270030446046
-0.4833935355581213
-0.4634221948783073
-0.4447051073864452
-0.42714444608958785
-0.4106513556185521
-0.39514500222549837
-0.3805517452153919
-0.36680439978404317
-0.3538415863166427
-0.3416071558099054
-0.3300496783796194
-0.31912198666027264
-0.3087807739624241
-0.29898623108345684
-0.28970172360563007
-0.28089350066434265
-0.2725304381051216
-0.26458380417257904
-0.25702704241126095
-0.24983560179532938
-0.24298674850976376
-0.2364594143049678
-0.23023406077671002
-0.22429255305375742
-0.21861804141163665
-0.2131948617542324
-0.20800843485889386
-0.20304519053647901
-0.19829248150103537
-0.1937385115257354
-0.1893722726815219
-0.1851834834994054
-0.18116253529776027
-0.17730044177571763
-0.17358879243731945
-0.17001971121312984
-0.16658581690606067
-0.16328018907816091
-0.1600963342528866
-0.1570281551262114
-0.15406992437073458
-0.1512162576862091
-0.14846209247971623
-0.14580269556980047
-0.1432335466346126
-0.14075041641454028
-0.13834931937140446
-0.13602649505778555
-0.133778393826317
-0.13160166242258317
-0.12949313658066583
-0.12744982140633557
-0.12546888326909994
-0.12354764587071017
-0.12168357103963352
-0.11987425352994133
-0.11811741367317924
-0.116410888791248
-0.11475263373345058
-0.11314069759884411
-0.11157323670635387
-0.11004849052750101
-0.10856478338890355
-0.10712053374320364
-0.10571422947254472
-0.10434443602236072
-0.10300978527011262
-0.10170895997658189
-0.10044072643398026
-0.0992038987155469
-0.09799733996987192
-0.0968199653970802
-0.09567074522050138
-0.09454869345961975
-0.09345294864542668
-0.09238253841048243
-0.09133652581419671
-0.09031414039029975
-0.08931463719362495
-0.08833727789363684
-0.08738131663799645
-0.0864460548111328
-0.0855308515303756
-0.0846350727750939
-0.08375810373743287
-0.08289915089025389
-0.0820578478605286
-0.08123364911660548
-0.08042607578474074
-0.0796346930506815
-0.07885895629233598
-0.07809840979281156
-0.0773526176141706
-0.07662110392512513
-0.07590349485222599
-0.07519938134653825
-0.07450839302808444
-0.07383014990180717
-0.07316431059625157
-0.07251054241566149
-0.07186851668223079
-0.07123788658493416
-0.07061837513089957
-0.07000967832609903
-0.0694115158211691
-0.06882360984309659
-0.06824567821230444
-0.06767748676934987
-0.06711876239971926
-0.0665692682577657
-0.06602878961893979
-0.06549709350099404
-0.06497394500423424
-0.06445915723830213
-0.0639524855916837
-0.0634538600765824
-0.06296293932878792
-0.062479573815674816
-0.06200360843695958
-0.0615348860155937
-0.06107322441747395
-0.06061846633933174
-0.06017043876178218
-0.05972900005249353
-0.059293981202061585
-0.058865258631729485
-0.05844269320166487
-0.0580261729092122
-0.057615517930420544
-0.057210639158834425
-0.05681143063499253
-0.056417728173755746
-0.05602952422429825
-0.05564668900034862
-0.05526906722094737
-0.05489650869492157
-0.054529007681316674
-0.05416632763826187
-0.05380841885280877
-0.053455172535591206
-0.053106537960452393
-0.052762397568282306
-0.05242270854854102
-0.05208733212235688
-0.05175618532228438
-0.051429159972670384
-0.051106188779880456
-0.05078717863654287
-0.05047207342351178
-0.05016077768423888
-0.0498532639593231
-0.04954951145982094
-0.04924940539793604
-0.048952909777636125
-0.048659980285598335
-0.04837037516603432
-0.0480839013186564
-0.047800503183566934
-0.0475202643389135
-0.047242933890498356
-0.04696879203298854
-0.0466979080841267
-0.0464306100136152
-0.04616680774152954
-0.04590610305003248
-0.04564853725931755
-0.04539377822895387
-0.04514184211068196
-0.04489288815368855
-0.04464665430059852
-0.04440317302231508
-0.044162364848767795
-0.04392425598714462
-0.04368886196948986
-0.04345595493618059
-0.04322558714684161
-0.042997719412593984
-0.042772283237831436
-0.04254939289280008
-0.04232880199382146
-0.04211048578170681
-0.04189458444694361
-0.0416809466838986
-0.041469671567891664
-0.0412607037122156
-0.04105387341143382
-0.04084926789017301
-0.0406467247434637
-0.040446414654796294
-0.040248236968923386
-0.04005211715504094
-0.03985801353499032
-0.03966613273721084
-0.03947610757900888
-0.03928803496665834
-0.03910189290290513
-0.03891762081082375
-0.03873527491114464
-0.038554688998583136
-0.0383759434548017
-0.03819897330944355
-0.03802372005725066
-0.03785030467745711
-0.037678391909775004
-0.03750828644429247
-0.03733983820399857
-0.03717296249731778
-0.03700792200046515
-0.03684436900458116
-0.03668235952159529
-0.036521910418165354
-0.036363121026849986
-0.03620585848194361
-0.03605018590615499
-0.03589589037501348
-0.03574325701881788
-0.035591690173968654
-0.03544184853121281
-0.03529345466114086
-0.035146496078741485
-0.03500090279888155
-0.034856643072419015
-0.03471313230755199
-0.03457139110553551
-0.03443110490228029
-0.03429239082009993
-0.03415426167858866
-0.0340176368157793
-0.033882340700954944
-0.03374831860057584
-0.03361600385628829
-0.033484352916048295
-0.03335399921115568
-0.03322507823410476
-0.033097348644257465
-0.032970968926846825
-0.03284587027987477
-0.03272199371575801
-0.03259890820406797
-0.03247717519406455
-0.03235682893636669
-0.03223781740065733
-0.03212009032552525
-0.032003253839304927
-0.03188768085226671
-0.03177333263685915
-0.03166058180446142
-0.03154888967233653
-0.03143831633956359
-0.03132916942133372
-0.031221203867478252
-0.031114625216042163
-0.03100931502626967
-0.030905425527000843
-0.03080290483952459
-0.030701784927795572
-0.030601973996377273
-0.03050321465601427
-0.03039554439005199
-0.030299371205485672
-0.030204451568688985
-0.030099937997893057
-0.030007591188074095
-0.029916792840409625
-0.029827499253943447
-0.02973969522319976
-0.02965299694263769
-0.029556492393477886
-0.029461041701051374
-0.029366468034342685
-0.029272843970973763
-0.02917999459245727
-0.029088103330649703
-0.028997294821528186
-0.028907642966768742
-0.02881827386936252
-0.02872963997554103
-0.02864192747449974
-0.02855495541005257
-0.02846883806135887
-0.028383471716515587
-0.028298988772719903
-0.02821542204287204
-0.02813233829232928
-0.028049955346960503
-0.027968427070744664
-0.027887476083525726
-0.027807488365725035
-0.027728096934297487
-0.027649284163847786
-0.027571071125116094
-0.027493400652716153
-0.02741625658087159
-0.027339676068748497
-0.027263683656691188
-0.027188261682277302
-0.027113326079929105
-0.02703931677814337
-0.026965933148053994
-0.026893166706823263
-0.0268210416589047
-0.02674938415465575
-0.02667801775574467
-0.026607188344832944
-0.02653697138788422
-0.026467439716609163
-0.026399075010435414
-0.026331517968229856
-0.026264806983420975
-0.02619862525379246
-0.02613299474779576
-0.02606793058627863
-0.02600349212110066
-0.025939317555036746
-0.025875708117246946
-0.025812500228650486
-0.02574966504005921
-0.025687426378129527
-0.02562579994335327
-0.025564350444179852
-0.025503350440147947
-0.025443124169930362
-0.025383103319210565
-0.025323638403153333
-0.025270563162476424
-0.025214267431414968
-0.02515770557682958
-0.02510101151035935
-0.025044931883554337
-0.024989200244000403
-0.024934335506138078
-0.024880208052000974
-0.024826683959504225
-0.024773842546425822
-0.024721448170684408
-0.024669344859704265
-0.024617381117416952
-0.024566061082532484
-0.024515179984202096
-0.024464891621994857
-0.024414999852290953
-0.0243656621781309
-0.024316721235469557
-0.024268334779612
-0.024220260981007744
-0.024172460910175622
-0.024125375850530706
-0.024078692162299662
-0.024032352312134908
-0.023986532963714943
-0.0239409629896306
-0.023895834851844416
-0.023851345641160836
-0.023807247019645487
-0.023763460034736818
-0.023720047986335046
-0.02367726064908145
-0.02363468637118356
-0.023592548162684916
-0.023550704330203242
-0.023509567070594272
-0.02346871739702714
-0.02342815635550372
-0.02338803778096908
-0.023348271615353598
-0.02330905362630261
-0.023270238467939894
-0.023231778875013022
-0.02319395412890834
-0.023156349828103898
-0.02311923049986761
-0.023082469278761713
-0.023046150764463466
-0.023010182381041175
-0.02297460352317259
-0.022939489175190377
-0.02290473286793969
-0.022870278090463284
-0.022836446304284132
-0.022802979501748206
-0.0227698265273968
-0.022737293356033236
-0.022705288701451373
-0.022673819903177263
-0.02264240609236918
-0.022611482358861828
-0.022580790268423523
-0.022550444654917835
-0.022520608974226093
-0.02249110495985607
-0.022462100033024714
-0.022433485378224042
-0.022405038836983183
-0.02237706299618748
-0.022349350915615053
-0.022322052479954745
-0.022295392473183392
-0.022269066286293836
-0.022242928191569908
-0.022217089251247026
-0.022191369380420052
-0.022166117572663437
-0.0221411729572967
-0.0221165141660901
-0.022092251003882814
-0.022068027780083255
-0.022044088388183
-0.02202004598669517
-0.02199608855248275
-0.02197247652287089
-0.02194916041936224
-0.02192604919347528
-0.021903301147446878
-0.021880758576419534
-0.021858456409149737
-0.0218365467753545
-0.02181502255737528
-0.021794012209146674
-0.021773039744919703
-0.021752050709749456
-0.021731889219868537
-0.021712166145696224
-0.021692557981093017
-0.02167329419085546
-0.02165383211669497
-0.021635098059469775
-0.02161685585685895
-0.02159900540897181
-0.02158110805192652
-0.021563974997518328
-0.021547408768608327
-0.021530903761666036
-0.02151473593919377
-0.021498870303020605
-0.021483889535835302
-0.021468653760087785
-0.021453552028177898
-0.02143905268578675
-0.02142483647375507
-0.021410868576226826
-0.021397248289125984
-0.021384100618041406
-0.02137126336158929
-0.021358853238403287
-0.021346888124927226
-0.021335212153621306
-0.02132380690056651
-0.02131259437976695
-0.02130185770023583
-0.02129138019031456
-0.021281418581125592
-0.02127186989419443
-0.021262549870744146
-0.021253274062558572
-0.021244042497646186
-0.021235224118851096
-0.021226894192756307
-0.021218947554068838
-0.021211270202468418
-0.021203917347697932
-0.021196693572070064
-0.021189980444713572
-0.021183555723248402
-0.02117739071132717
-0.0211717067742706
-0.02116614311894889
-0.021161240289052988
-0.02115637826356675
-0.021151764153908667
-0.021147484434205385
-0.021143593047783512
-0.021139849142313764
-0.02113638312487982
-0.021133185996579196
-0.02113022573019593
-0.021127621150833956
-0.021125071837187526
-0.02112283963173491
-0.021121067088855167
-0.021119343157636358
-0.021117968456541503
-0.021116815837526667
-0.021115829047284155
-0.02111519333605893
-0.021114572088840437
-0.021114343526535087
-0.021114362701491803
-0.02111464038474225
-0.021115219562779612
-0.02111592065224796
-0.021116685918921137
-0.021117900433636656
-0.0211193249228028
-0.021120984326242893
-0.02112292526901878
-0.02112481196422497
-0.02112706865498769
-0.02112914629611381
-0.021131776354202058
-0.02113471475460125
-0.021137605973156618
-0.021140972347773047
-0.021144304840507118
-0.021148185026817666
-0.02115210930133729
-0.02115593534034522
-0.021159940076293883
-0.021164270736384154
-0.021169173718272562
-0.02117410279682734
-0.02117948076754861
-0.02118507442052691
-0.021190854688765907
-0.02119657991076921
-0.02120247930031138
-0.021208610350332627
-0.021214829687551687
-0.02122110140077163
-0.021227763922961208
-0.02123446605791091
-0.021241107710916737
-0.02124757435543996
-0.021254299385043997
-0.02126085660328079
-0.0212673448644825
-0.02127376579175418
-0.021280605889608787
-0.021287472575321934
-0.021294259165373614
-0.02130137357831292
-0.021308492818553678
-0.021315849329799262
-0.021323387595260628
-0.02133080373561552
-0.02133847614105223
-0.021346620436227426
-0.021355140850091808
-0.02136366200649869
-0.02137254866676161
-0.021381759725337558
-0.021391214990645148
-0.021400875613133166
-0.02141089550092171
-0.021421115091525642
-0.021431701586903582
-0.02144270935862924
-0.02145403278212821
-0.02146573566079287
-0.021477590934949706
-0.021490015692851597
-0.021502754313354043
-0.02151590043886566
-0.021529425771822052
-0.02154343839668758
-0.02155777806724963
-0.021572444189649438
-0.021587594229920442
-0.02160323226769221
-0.02161925820596721
-0.021635698617560022
-0.021652553254148194
-0.021669915445057957
-0.02168761890894693
-0.021705708032240423
-0.02172404495572051
-0.021742817424908967
-0.0217619810810725
-0.021781577423208208
-0.021801501539931326
-0.021821776724149967
-0.021842547660391076
-0.02186353790449782
-0.02188491509241284
-0.021906637637735225
-0.021928813680399596
-0.021951288478634458
-0.02197391622166525
-0.021996863142455778
-0.022020087400251603
-0.022043394508210294
-0.02206692680786979
-0.02209087809898005
-0.022115188196331192
-0.022139871423391855
-0.02216478495867544
-0.022189978563022253
-0.022215588059678486
-0.022241378610950612
-0.022267582049565665
-0.022293609830826393
-0.022320324279530446
-0.022347211635425284
-0.022374573762745147
-0.022402332902529097
-0.02243033884097544
-0.022458532675092003
-0.022487419287427427
-0.02251659511763838
-0.022545999559962684
-0.02257586041288515
-0.022605890763188256
-0.022636192516516718
-0.022667139912712214
-0.022698231144077687
-0.02272970990211918
-0.0227615725630184
-0.022793620259979802
-0.022825756437769303
-0.022858127023424994
-0.022890758275862805
-0.022923953905619576
-0.022957485772207447
-0.022991269695483683
-0.0230254790859929
-0.023059808013883822
-0.023094700937072183
-0.023129771315291016
-0.02316535250855574
-0.023201257970544325
-0.02323733503925674
-0.02327393882370741
-0.023310861451235416
-0.023348158000604427
-0.02338583181912313
-0.023423796352803027
-0.023462439743976275
-0.023501222235400205
-0.023540481851086894
-0.023580302744794793
-0.02362060750425986
-0.023661357932873765
-0.023702438310625223
-0.02374400818657591
-0.0237857121938426
-0.023828149809965598
-0.023871009689465435
-0.023914150044275457
-0.023957385101792503
-0.02400131819627293
-0.02404569696348482
-0.024090379289689063
-0.02413560103839874
-0.024181360999064993
-0.024227601355092804
-0.024274362694624203
-0.024321659402316113
-0.024369297842511718
-0.024417571367025746
-0.024466300783929976
-0.024515432541517595
-0.02456495792831474
-0.02461514568722249
-0.024665790954768983
-0.02471691997615836
-0.024768607062393283
-0.024820692437611168
-0.02487317956554523
-0.02492619517108482
-0.02497969475320375
-0.025033631477910767
-0.02508799558690405
-0.025142932978559355
-0.025198375941938293
-0.025254292297095228
-0.02531066994466115
-0.02536754562453507
-0.025424919125442747
-0.025482772050824956
-0.02554113466650065
-0.025599981929816426
-0.02565934069723841
-0.025719216046398242
-0.025779619385617868
-0.025840553003123937
-0.02590200263578632
-0.025963958156766043
-0.026026442528530418
-0.026089466649232607
-0.026153028132248186
-0.026217138371375077
-0.026281795553610893
-0.0263470118179546
-0.026412790050786523
-0.02647911697089477
-0.026546009885552963
-0.02661346958581742
-0.026681536003235428
-0.02675017875097395
-0.026819373152589525
-0.026889177758606633
-0.02695958218160656
-0.02703063171464685
-0.027102286615808723
-0.02717450635902407
-0.027247371178570526
-0.027320790085726646
-0.027394760973697124
-0.027469528388952426
-0.027544815283394912
-0.027620879342533933
-0.027697596881794087
-0.027774839797978738
-0.027852883354230747
-0.0279314991603305
-0.02801077322417999
-0.02809072444046415
-0.02817137423789784
-0.02825267983416411
-0.028334689237477586
-0.028417378865663524
-0.028500787705472572
-0.0285849123758101
-0.02866975203287534
-0.02875531055274723
-0.028841591026674517
-0.028928604995274092
-0.02901637294780993
-0.029104857372793464
-0.029194120154977635
-0.029284145626026492
-0.029374937511870036
-0.029466527756149052
-0.029558916812354397
-0.02965204438938755
-0.029745955132283758
-0.029840645881190866
-0.0299361279841543
-0.03003239847553571
-0.030129601978762476
-0.030227472212036192
-0.03032618794804799
-0.030425750601305243
-0.030526162123154087
-0.030627435286257904
-0.030729591727111927
-0.030832592326345498
-0.030936539459103365
-0.031041406478466142
-0.03114704264836585
-0.031253588700350464
-0.031361054351075356
-0.0314694518588678
-0.03157878626584297
-0.031689067607818054
-0.03180030123380431
-0.031912527270350974
-0.032025721503898895
-0.032139887616960267
-0.03225507281874696
-0.03237126305360425
-0.03248847198240041
-0.0326067298449301
-0.03272601375276594
-0.032846337779082926
-0.03296773670509537
-0.033090178218217775
-0.03321369092826467
-0.03333827922717608
-0.0334639291159684
-0.03359065804564465
-0.033718497571421535
-0.03384739421998605
-0.03397739761236297
-0.03410849638393285
-0.03424071532996727
-0.03437405296673757
-0.03450866245273638
-0.0346443093788467
-0.03478120802437792
-0.03491909609238805
-0.03505824380200148
-0.03519858105475345
-0.035340111310482245
-0.03548288454241218
-0.03562699654149708
-0.03577234312297216
-0.03591898280629799
-0.03606676037359185
-0.036215811765579836
-0.036366257387730694
-0.036517992478043694
-0.036671054577263724
-0.036825571022864566
-0.036981165240415045
-0.03713814728463643
-0.03729655150183574
-0.037456499039870125
-0.037617833205203705
-0.03778056760792501
-0.0379446847022453
-0.03811010238819073
-0.0382771963050894
-0.038445685889173284
-0.03861553042198254
-0.038786869153226974
-0.038959512469132644
-0.03913369112230293
-0.03930953318081895
-0.03948662622117871
-0.03966531762010225
-0.039845631477270035
-0.04002763637630337
-0.04021110479038891
-0.04039614307741099
-0.04058277196340784
-0.040771114449212144
-0.040964927729845786
-0.04116147831040113
-0.04136000367564474
-0.04156048008835538
-0.04176284146462801
-0.04196224248340455
-0.04216815360909503
-0.04237602109453061
-0.04258585722335029
-0.04279767715808564
-0.04301161293578998
-0.04322763353048911
-0.04344578274935958
-0.043666086272910985
-0.04388857146495308
-0.04411330299278872
-0.044340302379434655
-0.044569612914563114
-0.044801256681546504
-0.04503527931334995
-0.04527171270706072
-0.04551062456088472
-0.045752051120403224
-0.04599606249729623
-0.046242636436587305
-0.04649181247739807
-0.046743711713955895
-0.046998277774657794
-0.047255592532778994
-0.04751569898855702
-0.04777863667815745
-0.04804445800553901
-0.04831322863216329
-0.04858501244500443
-0.04885981379294528
-0.04913768478490125
-0.04941868495939682
-0.049702896689338145
-0.04999035832595557
-0.05028120367964682
-0.050575441088354114
-0.050873140583517086
-0.05117436724438626
-0.051479166331289954
-0.051787635566181274
-0.052099827160526885
-0.05241581190386474
-0.05273566967425604
-0.053059469269529515
-0.05338726030034945
-0.0537191450425547
-0.05405519897177247
-0.05439550979154719
-0.05474014492060769
-0.05508918794772531
-0.05544273115050577
-0.05580087904646417
-0.05616349169186709
-0.056530755906346784
-0.05690290041707669
-0.057280014044784174
-0.05766225578679104
-0.058049696919812516
-0.058442458827705906
-0.058840671774088096
-0.059244407750760765
-0.05965377459449747
-0.06006893322260144
-0.06048999938327085
-0.06091712582610923
-0.06135044935134249
-0.06179010782005926
-0.062236240339478645
-0.06268899992276307
-0.0631485672563164
-0.06361507355953837
-0.06408866651731253
-0.06456958322490118
-0.06505788943009969
-0.06555382877391093
-0.06605762331782863
-0.06656940420400548
-0.06708939471138714
-0.06761780643367045
-0.06815487040610363
-0.06870080669472464
-0.06925585549938068
-0.06982011545323889
-0.07039382290188516
-0.0709772521624976
-0.07157069052203005
-0.07217443021322123
-0.07278874565128662
-0.07341393313183703
-0.0740502865502395
-0.07469812137849531
-0.07535776879015763
-0.07602956062629894
-0.07671383642961678
-0.07741097878452398
-0.07812133688837689
-0.07884530522707486
-0.079583286484652
-0.08033571151021367
-0.0811030285026106
-0.08188567789097981
-0.08268412818105694
-0.08349887128749546
-0.08433041894629725
-0.08517928615356728
-0.08604603985213127
-0.08693127315900878
-0.0878355751643566
-0.08875956271479318
-0.08970389700485717
-0.09066927252918104
-0.09165639287217027
-0.09266602525443472
-0.0936989367648391
-0.09475594221554587
-0.09583790701385382
-0.0969457170616817
-0.09808030944570435
-0.09924267028316608
-0.1004338287270031
-0.10165487452704
-0.10290693200169045
-0.10419117971773736
-0.10550885277691904
-0.10686142707030935
-0.1082501816991996
-0.10967647368003054
-0.111141825967407
-0.11264784202835211
-0.1141962095097733
-0.11578870889958497
-0.11742721477958738
-0.11911370386333965
-0.12085025919012697
-0.1226390812120506
-0.12448249370077746
-0.1263829492220937
-0.12834304643047603
-0.13036553334072531
-0.13245331522494608
-0.13460947346835192
-0.13683726885105243
-0.13914016027490136
-0.14152181706080227
-0.1439861342033469
-0.1465372469196747
-0.14917954995681587
-0.15191771653716388
-0.15475672584364486
-0.15770186830111363
-0.16075878030350804
-0.16393347071689224
-0.16723234684615945
-0.17066224996424248
-0.17423048231315383
-0.1779448484185722
-0.18181369090213942
-0.18584593261686683
-0.1900511384793615
-0.19443955440158306
-0.1990221646491239
-0.20381075778572533
-0.20881798798806173
-0.21405745573792712
-0.21954378817463166
-0.22529272802412775
-0.23132123028957863
-0.2376475700249065
-0.2442914674480198
-0.2512742142650664
-0.2586188223093072
-0.2663499098096588
-0.2744945547570517
-0.28308201485367573
-0.2921439731471568
-0.30171476705081274
-0.31183182888981115
-0.3225358940313863
-0.3338713470880513
-0.3458866066119097
-0.3586347227113047
-0.3721734507602088
-0.3865661651349784
-0.4018823555777535
-0.41819833710365517
-0.4355980434791016
-0.45417393007672835
-0.4740280033348469
-0.4952729969553954
