-0.4865814284974097
-0.3992048461963909
-0.3323557592205092
-0.2810945016431797
-0.24167763961771688
-0.2112672815313634
-0.18771124022777297
-0.16937672374745746
-0.15502448001578772
-0.14371352169325932
-0.13472898835475924
-0.1275275033064636
-0.1216957770397212
-0.11691923466465284
-0.11295823518803035
-0.10963004075720548
-0.10679514184172237
-0.10434688351179294
-0.1022035935219315
-0.10030260739871995
-0.09859573227984128
-0.09704580160800251
-0.095624057137298
-0.09430815989913897
-0.09308067713537667
-0.09192793166450103
-0.09083912618908402
-0.08980567594759252
-0.08882070016679675
-0.08787863443843194
-0.08697493430449649
-0.08610584890135212
-0.08526824768917503
-0.08445948675646882
-0.08367730848838978
-0.08291975948975841
-0.0821851335261023
-0.08147192212462073
-0.08077877907132745
-0.08010448985268484
-0.07944795015238863
-0.07880814928929872
-0.07818415627465347
-0.07757510322389949
-0.07698018360683145
-0.0763986425646076
-0.07582977050671078
-0.07527290002005808
-0.0747274030828062
-0.07419269023134914
-0.07366821069571702
-0.07315345499198841
-0.07264796007480726
-0.07215131904217995
-0.0716631888964035
-0.0711833105040995
-0.07071153271983688
-0.07024784079881759
-0.06979240083890302
-0.06934561127185102
-0.06890815699353676
-0.06848105269307936
-0.06806562852700891
-0.06766336877512016
-0.06727547832296463
-0.06690213714609311
-0.0665416331867237
-0.06619007319745547
-0.06584222393109042
-0.0654931692524413
-0.06513969450501433
-0.06478068796867627
-0.06441674707823304
-0.06404953236028511
-0.06368113784737156
-0.06331370114223242
-0.06294911859434907
-0.06258898961090852
-0.06223458355221434
-0.06188683026909066
-0.0615463691121551
-0.06121360544845399
-0.06088873673104255
-0.060571802626293324
-0.06026273698246827
-0.059961382912850796
-0.05966752917585307
-0.059380916017830826
-0.05910127005007285
-0.05882829440454484
-0.0585617088652867
-0.05830120778474001
-0.05804650847519658
-0.05779733739662196
-0.05755342610604168
-0.057314526418980064
-0.05708042216857991
-0.056850878035133064
-0.05662570768894577
-0.05640472531174338
-0.05618774331918267
-0.05597460875854239
-0.055765166573150164
-0.05555927149994314
-0.05535678711262508
-0.05515759329608581
-0.054961573300460025
-0.054768634052093666
-0.054578658620888884
-0.05439156247511484
-0.05420727631695194
-0.054025701954961765
-0.0538466857365606
-0.05367031057859687
-0.05349638861870415
-0.05332487308697533
-0.05315569551987971
-0.05298880825195417
-0.05282413287472854
-0.052661637925691784
-0.0525012716814483
-0.05234297404759621
-0.052186652826504226
-0.05203229020862513
-0.051879865620930894
-0.05172877057196738
-0.05158010178642771
-0.05143259587185977
-0.051286691198729244
-0.0511428213995001
-0.05100081922342427
-0.050860638946176255
-0.050722223233341183
-0.05058549083838801
-0.050450389748090754
-0.05031686399705266
-0.05018489619824244
-0.05005444631069832
-0.04992549223285927
-0.04979800693783386
-0.049671952961477105
-0.049547302721465424
-0.04942403828195293
-0.049302122638424886
-0.04918149250658252
-0.04906213823112299
-0.048944006240186834
-0.04882708414033435
-0.048711378875689076
-0.04859685055883497
-0.04848348372321491
-0.04837124417957249
-0.048260118988439585
-0.04815005773952132
-0.04804105912293874
-0.04793310145391603
-0.04782616437243425
-0.0477202563560796
-0.04761535347038019
-0.04751145243402212
-0.04740857523100186
-0.04730671723684607
-0.04720586339178379
-0.047105974435628244
-0.04700707286245619
-0.046909113538666836
-0.04681211372858383
-0.0467160353271433
-0.04662086265213414
-0.046526589360226966
-0.046433179655888536
-0.04634062994926243
-0.046248937041145875
-0.04615804870548376
-0.04606797045744488
-0.04597870788041692
-0.04589028369353028
-0.045802637101726884
-0.045715788380528304
-0.04562972613866827
-0.04554441677195215
-0.04545984227101816
-0.04537600989166622
-0.04529287433713636
-0.045210420019593134
-0.04512862019212529
-0.04504750084162291
-0.04496703374310855
-0.044887184888399
-0.044807986269399455
-0.04472941971640262
-0.04465149495749396
-0.04457420267637327
-0.04449754313060241
-0.04442153624624238
-0.04434607375708018
-0.04427127665236037
-0.04419712140009676
-0.0441236170771407
-0.04405064801488645
-0.043978253473145795
-0.04390635291670259
-0.043835045129186206
-0.04376433623379976
-0.04369421010604413
-0.04362465028682742
-0.04355568455547782
-0.043487244535604534
-0.04341934739779898
-0.04335200047358495
-0.04328518364765907
-0.04321894449081283
-0.043153169842716006
-0.04308792120865447
-0.04302323988693801
-0.04295912007078829
-0.042895564110243666
-0.042832190703444024
-0.04276946907673913
-0.042707267862676666
-0.04264541270540735
-0.0425841098720938
-0.04252329111864695
-0.04246301276244218
-0.04240308797463273
-0.042343683257023736
-0.04228471956339508
-0.042226300169869634
-0.04216835139897122
-0.04211078739551936
-0.04205378950424083
-0.041997346346704864
-0.04194126294947729
-0.04188540052312333
-0.041830242238163645
-0.04177551744811579
-0.04172108023427447
-0.041667072600760705
-0.041613322270789246
-0.04155999154447409
-0.04150735900426595
-0.04145492695301246
-0.04140286572815156
-0.04135155639497477
-0.04130066384938808
-0.0412498897961843
-0.04119936040685171
-0.04114949429810205
-0.04109977317331319
-0.04105034888689026
-0.04100149363818139
-0.0409529206699247
-0.040904737529498594
-0.04085691781489172
-0.0408093757073822
-0.040762216356045725
-0.04071541327885235
-0.040668990005471965
-0.04062295264643544
-0.040577248588201276
-0.040531774819967725
-0.040486615318193864
-0.04044183423845957
-0.04039746106535889
-0.04035335057948809
-0.04030956160467338
-0.040266051909921226
-0.04022281497021153
-0.040179866835393284
-0.04013741562404316
-0.04009536948465539
-0.04005368515021298
-0.04001231169669643
-0.03997115861339729
-0.03993032119260237
-0.0398897602645496
-0.03984950245487767
-0.0398096080108489
-0.039770080989169586
-0.03973086499870899
-0.03969179531730132
-0.03965313723785889
-0.03961479039095035
-0.03957688452325262
-0.03953930370648216
-0.03950187104006178
-0.03946472095972498
-0.03942794451609916
-0.03939140242757999
-0.039355077250016184
-0.03931903653775634
-0.03928319136967277
-0.03924764865678195
-0.03921237434193089
-0.03917737708766837
-0.03914270625683628
-0.03910826493181451
-0.03907403470070143
-0.03904014598766409
-0.03900653336854835
-0.038973125423782146
-0.03893993463120812
-0.0389069659001548
-0.03887415638467645
-0.03884166856389368
-0.03880938229076597
-0.038777302366735884
-0.038745559028750265
-0.03871412178741606
-0.03868294018737377
-0.03865199881975523
-0.038621282912967285
-0.038590950013640775
-0.03856078661739339
-0.03853079115701106
-0.038501109382202546
-0.03847167479696942
-0.03844245695966109
-0.03841346834738475
-0.03838467001017491
-0.038356097426828585
-0.038327762626481916
-0.038299610837218
-0.03827166811816069
-0.038243911647248004
-0.0382163968661495
-0.038189100141993754
-0.038162019902909884
-0.03813523350135859
-0.03810863767179446
-0.03808225884353438
-0.0380561545306515
-0.03803028724650299
-0.03800463049258155
-0.03797916548974419
-0.03795392486233783
-0.03792889042949847
-0.037904067792638545
-0.037879436545076695
-0.037854977915604146
-0.03783083795478116
-0.03780687636434762
-0.03778315340529966
-0.03775967401667304
-0.037736370476580565
-0.037713209055352574
-0.03769021357653367
-0.0376673623284843
-0.03764468069972251
-0.037622208163914435
-0.03759996633098637
-0.03757793131957484
-0.037556131929240046
-0.03753460374669569
-0.03751322510191845
-0.03749210675683061
-0.03747120127552368
-0.037450446982715296
-0.03742988968252241
-0.0374095146686591
-0.03738931440839488
-0.03736929669550527
-0.03734942864500755
-0.03732976154611867
-0.037310274407037165
-0.03729101342775737
-0.037271910185438455
-0.037253006270081955
-0.037234290460053825
-0.037215765175176566
-0.037197364407119904
-0.03717910910930625
-0.037160969375380395
-0.03714301605187765
-0.03712524574356171
-0.03710762816733879
-0.03709016045075829
-0.03707290822561791
-0.037055805146132534
-0.03703889215829166
-0.03702216417978637
-0.03700559024334501
-0.0369891709385129
-0.03697295423733096
-0.03695690017588338
-0.036941011332041265
-0.036925276216422394
-0.03690972628805246
-0.036894355653723225
-0.03687915366567942
-0.036864126825747766
-0.03684925392156114
-0.036834529890405344
-0.036819968334536546
-0.03680556961901637
-0.036791342134437056
-0.036777286132425265
-0.036763410808149356
-0.036749727096229805
-0.036736184169856335
-0.03672278203542457
-0.036709531103551955
-0.036696416409103844
-0.0366834493306427
-0.03667061521916768
-0.036657941511292466
-0.03664545460170834
-0.03663311188261852
-0.03662093193472769
-0.036608929609580274
-0.03659709620888369
-0.03658543349910974
-0.03657387796289946
-0.03656246580176126
-0.03655117012737995
-0.036539981244538784
-0.03652894489338246
-0.03651802632864908
-0.03650722743078848
-0.03649655983182607
-0.036486030600087295
-0.03647567836871229
-0.03646548238160428
-0.0364554581251765
-0.036445621411782717
-0.03643596416940619
-0.0364264604488542
-0.0364171596067893
-0.03640807513005072
-0.03639917128835878
-0.036390434680689046
-0.03638190997360315
-0.03637356979537481
-0.03636544271491331
-0.03635749693456675
-0.03634973895182889
-0.0363421521982406
-0.03633476452535452
-0.03632756494633251
-0.03632056386719877
-0.03631369525718898
-0.03630700666923821
-0.03630051429528699
-0.03629418252411147
-0.03628797161565476
-0.036281927766264876
-0.036275994859099936
-0.03627024790139116
-0.03626464343283527
-0.03625920336482113
-0.0362539057739553
-0.03624876728273926
-0.03624376179025095
-0.03623890590671736
-0.03623418541891781
-0.036229599442219054
-0.03622516053094263
-0.036220877428620415
-0.03621673542389425
-0.03621274959619966
-0.03620892854537515
-0.03620524312096792
-0.03620172025785491
-0.036198321246536276
-0.03619508647458849
-0.03619197989097653
-0.03618904969033252
-0.036186263580772114
-0.03618361159151819
-0.03618110505885808
-0.03617873583759346
-0.03617651171503017
-0.03617442890043559
-0.03617248757350449
-0.03617069403628438
-0.03616903941842317
-0.03616752026283283
-0.03616615071994116
-0.036164914025298735
-0.036163810931910075
-0.036162863063078
-0.03616206629112157
-0.03616141660130571
-0.0361609100572919
-0.03616054458225368
-0.036160317351095
-0.03616023260251316
-0.036160288455531105
-0.0361604847631142
-0.03616082618700418
-0.036161316636231955
-0.036161978196989346
-0.03616277697593783
-0.03616369161689563
-0.03616477902031603
-0.036166015970022766
-0.03616741787087265
-0.03616898119009172
-0.0361706749990602
-0.03617250421948298
-0.03617448743481867
-0.036176611108180566
-0.03617886787627031
-0.03618127776926065
-0.03618384762983787
-0.03618655422107044
-0.03618940137445952
-0.036192394265773635
-0.03619554298069783
-0.036198833863121685
-0.036202264523952206
-0.036205835508579434
-0.03620955482878981
-0.03621342965606854
-0.03621747585114461
-0.03622169281222817
-0.036226060453709207
-0.03623060382694723
-0.036235245491926124
-0.03624005636667541
-0.036245024614687746
-0.036250144886155494
-0.03625543768948142
-0.03626089792332459
-0.03626647956714854
-0.0362721698746042
-0.036278002223684096
-0.03628396106180293
-0.036290089362468525
-0.03629636035589525
-0.03630279340124643
-0.03630937573521039
-0.036316088956980005
-0.03632294551853544
-0.03632995305453527
-0.0363371274883861
-0.03634445213295327
-0.03635193050388401
-0.036359559398151775
-0.03636733556774402
-0.03637528294065853
-0.03638337059837975
-0.0363916018665415
-0.036399982535883633
-0.036408519285804936
-0.036417219328594916
-0.03642605532299609
-0.03643502815061873
-0.03644417193131307
-0.036453492492653894
-0.036462970648623055
-0.03647258654263064
-0.03648234156278958
-0.0364922484237544
-0.03650234011133024
-0.03651258642031652
-0.03652297997385968
-0.03653352447502115
-0.03654424246764468
-0.03655509797284911
-0.03656608049488174
-0.036577221687121166
-0.036588542388252016
-0.03660003018570889
-0.03661166141086132
-0.03662343331677669
-0.03663540816558952
-0.03664753200078482
-0.03665981074603304
-0.03667225836167361
-0.03668484158502091
-0.036697592666817436
-0.03671048021489014
-0.03672351785822297
-0.03673667396043123
-0.036750014882377884
-0.03676348487426548
-0.03677711425100768
-0.03679090324276162
-0.03680484783187707
-0.03681895541577119
-0.03683323666385543
-0.03684769576343813
-0.036862348426015115
-0.0368771869568173
-0.036892198910217486
-0.03690742355757196
-0.036922792924815005
-0.036938433021981666
-0.03695428997506102
-0.03697028992501177
-0.03698651862422135
-0.03700300095442969
-0.037019553602113654
-0.03703620147745622
-0.03705300779563626
-0.0370699078850429
-0.037086976544921976
-0.03710421197797183
-0.03712161812489601
-0.037139226561527655
-0.037156991226418405
-0.03717492566192373
-0.03719302594146727
-0.037211252343203736
-0.037229649000076546
-0.03724820076565862
-0.03726691856069088
-0.03728579801490465
-0.037304836930313355
-0.03732404728012478
-0.03734343337783432
-0.037362996978234184
-0.03738273557563433
-0.03740266254238016
-0.03742274030472893
-0.037442981769044925
-0.03746343018032104
-0.03748410211333059
-0.03750497531663679
-0.03752601155488
-0.03754724252130381
-0.037568663831130514
-0.03759025111041824
-0.0376120180688768
-0.03763396528196454
-0.037656142458832254
-0.03767849216947525
-0.03770106627428518
-0.037723816212860056
-0.037746758818626325
-0.03776989427977945
-0.03779322443026463
-0.03781675300011181
-0.03784047919056995
-0.03786442597224581
-0.03788855448963358
-0.037912882783977586
-0.03793741546884271
-0.03796213755424136
-0.03798709832733551
-0.038012245880904925
-0.038037617909610716
-0.03806318075491498
-0.03808896955173638
-0.03811494148181732
-0.03814114620490227
-0.038167538839241094
-0.03819415999359207
-0.03822096114325871
-0.0382479514947932
-0.03827520526960111
-0.03830266540389689
-0.03833032264060641
-0.03835818634984887
-0.0383861925848228
-0.038414461225607426
-0.038442947218864404
-0.03847165475254816
-0.038500591422685804
-0.038529757875282344
-0.03855914347694898
-0.03858875291716492
-0.038618583362847375
-0.03864864416248235
-0.038678905151873
-0.03870941026966364
-0.038740128239566615
-0.03877109467120749
-0.038802280621502885
-0.03883370017368601
-0.03886537050488931
-0.0388972471632006
-0.038929356401621575
-0.03896169680216172
-0.03899426560861027
-0.03902706000635388
-0.03906010289982988
-0.039093380693303495
-0.039126906053640255
-0.03916068026223453
-0.03919469740833886
-0.03922896090928968
-0.03926345422627173
-0.03929820347084428
-0.03933318543319968
-0.039368431075456733
-0.03940395137590342
-0.03943972409039004
-0.03947574349791629
-0.03951201684863223
-0.03954855352220754
-0.03958528643139226
-0.03962222776670294
-0.039659564274945804
-0.039697146966563665
-0.039734989070303255
-0.03977309085708536
-0.03981146033031419
-0.03985010448109109
-0.03988903725191947
-0.039928168960215865
-0.039967555564839476
-0.04000716447159718
-0.040047213722238746
-0.04008747269983782
-0.04012800818287438
-0.04016878569867198
-0.04020977593436904
-0.04025099028141133
-0.04029237517840675
-0.04033399634186235
-0.04037577005055032
-0.04041794080963541
-0.040460247411427105
-0.04050293510636076
-0.0405459486656294
-0.04058928938774016
-0.040632941429206544
-0.04067691942495561
-0.040721233634276176
-0.04076585323856294
-0.040810786738734256
-0.04085603534846038
-0.04090156745165309
-0.04094741402316836
-0.040993590897160585
-0.041040070848626056
-0.041086905581775524
-0.041134074620425724
-0.041181553606858226
-0.041229421071809505
-0.04127762707382868
-0.041326133428569146
-0.04137499597023464
-0.04142416470666397
-0.041473704028971596
-0.04152357786309768
-0.04157393580009919
-0.04162453059371789
-0.04167559215016143
-0.0417270278776266
-0.041778730376523604
-0.041830809342025994
-0.041883308298420095
-0.04193612600054158
-0.04198931394191431
-0.042042995586012495
-0.0420969577334885
-0.04215131564186852
-0.04220605592346157
-0.042261154916710814
-0.042316782909894296
-0.042372802522158214
-0.04242920766236637
-0.042485939822472035
-0.04254317411774541
-0.042600811634102904
-0.042658887997525485
-0.04271739025767419
-0.04277630244415906
-0.042835669254835264
-0.04289547063692979
-0.042955675029907534
-0.04301629496184318
-0.04307737954202437
-0.043138922424204716
-0.04320091428574346
-0.04326336172783021
-0.043326274247501184
-0.04338964984647128
-0.04345350031529575
-0.043517838127815386
-0.043582643736504084
-0.0436479236241309
-0.043713672377781704
-0.04377991709839506
-0.043846697916882046
-0.043913974013881536
-0.043981767934718904
-0.044050067324486956
-0.04411887336552933
-0.044188202623308026
-0.044258060466868684
-0.04432845427944989
-0.04439939746845146
-0.044470880248786156
-0.044542911330123273
-0.04461549980160014
-0.044688653853152856
-0.044762349705212104
-0.04483661357690592
-0.044911453047628024
-0.04498687683972727
-0.04506289001333838
-0.04513949691741887
-0.045216704140607966
-0.04529452881902912
-0.04537297344813066
-0.04545204434667656
-0.045531748141483655
-0.04561210173878669
-0.04569308800210652
-0.04577472309067101
-0.04585701423773682
-0.04593996293974895
-0.04602358370216993
-0.04610787349048885
-0.046192852215588394
-0.046278526148276544
-0.046364899476977785
-0.04645198580902403
-0.04653978844215168
-0.046628320824955556
-0.04671758312002838
-0.04680758742075536
-0.04689834773120476
-0.04698984696511562
-0.04708211761715308
-0.04717516480437462
-0.04726899866092582
-0.0473636212686825
-0.047459071206008716
-0.04755533884084173
-0.0476524385083246
-0.04775039241047134
-0.047849194891257364
-0.04794886976384549
-0.048049426114287364
-0.04815087645162644
-0.04825322118744505
-0.04835648170480479
-0.04846067692437321
-0.048565813111522534
-0.04867190628676419
-0.04877896866598897
-0.04888701162401057
-0.048996045093479955
-0.049106083069953656
-0.04921715585963613
-0.049329271980927215
-0.04944244658226857
-0.049556698851994534
-0.049672035844091765
-0.04978847738396239
-0.0499060328048184
-0.05002470760098279
-0.05014454846596481
-0.050265550442427705
-0.050387746264848786
-0.05051114910790423
-0.0506357778427971
-0.05076164064159414
-0.050888763333549476
-0.05101716648913669
-0.05114687599970242
-0.05127791485985546
-0.05141033174162556
-0.051544118770802706
-0.051679294101258565
-0.051815873172675365
-0.051953886048367655
-0.052093352204997063
-0.052234296536562044
-0.05237674826672529
-0.052520730993809724
-0.05266627738974466
-0.05281341565190701
-0.05296218656104562
-0.05311260229355539
-0.05326469578694293
-0.05341851815207074
-0.05357408020709408
-0.053731397554664294
-0.053890512615801446
-0.054051458887108154
-0.05421427713189069
-0.05437899854424673
-0.054545657113869446
-0.054714285951624066
-0.054884925733873685
-0.0550576152208623
-0.05523239408902872
-0.05540930248450329
-0.05558837872666577
-0.05576966219188901
-0.055953204313476314
-0.05613906001619496
-0.05632726647996426
-0.05651787921771053
-0.05671095737576301
-0.056906556045993095
-0.05710475819305642
-0.057305563172027056
-0.0575090293147759
-0.05771522177490096
-0.05792418698007681
-0.058135992503239454
-0.058350706641055225
-0.05856839848798046
-0.05878912900049691
-0.05901299071607734
-0.05924007142850573
-0.05947043575504659
-0.059704167728352915
-0.059941357947901314
-0.06018210261749916
-0.060426497806016125
-0.06067465214184328
-0.060926673421407146
-0.06118268841451258
-0.06144282192281598
-0.06170721602851428
-0.06197603189320618
-0.062249438087865025
-0.06252797903915477
-0.06281098542251966
-0.06309879890694223
-0.06339169408743042
-0.06368992746621431
-0.06399374721379945
-0.06430341079472494
-0.06461917283794259
-0.06494130378097289
-0.06527009071881014
-0.06560584003916319
-0.06594887455888228
-0.06629953172029164
-0.06665815677194081
-0.0670251156220259
-0.06740078669105731
-0.06778555202761948
-0.06817978577294778
-0.06858383642125955
-0.06899801237860333
-0.06942254968243546
-0.06985758073755262
-0.07030315055644883
-0.07075903418391387
-0.07122476370848897
-0.07169955474742552
-0.07218225168804099
-0.0726713037662388
-0.07316482179016714
-0.07366078934462236
-0.07415756215186219
-0.07465468490200229
-0.07515379914252475
-0.075658836334387
-0.07617474826871698
-0.07670559959354309
-0.07725360430792717
-0.07781944564694666
-0.07840302998521832
-0.07900401421121975
-0.07962212655739573
-0.0802572176793284
-0.08090931500004525
-0.08157862029226856
-0.08226554048978142
-0.08297042445005495
-0.08369399169223966
-0.08443708877412893
-0.08520069972188857
-0.08598596167301277
-0.08679417781469216
-0.08762684805466345
-0.08848569905263415
-0.08937273101322307
-0.09029027875966346
-0.09124109236938821
-0.09222844137062697
-0.09325625308568887
-0.09432929287613415
-0.09545339906526372
-0.09663579151322114
-0.09788547701053246
-0.09921378315023055
-0.10063506036741102
-0.10216759805335437
-0.10383483542628703
-0.10566695540906505
-0.10770295952156204
-0.1099934240531585
-0.11260412484834703
-0.11562081898686216
-0.11915553688217125
-0.12335487793821026
-0.12841134333612897
-0.13457670506101369
-0.1421820441977222
-0.15166261350725868
-0.1635910491089449
-0.17872124090338762
-0.1980463011453597
-0.2228751790229714
-0.25493396439551974
-0.2964998835268854
-0.35057794598661274
-0.42113673053887124
-0.5134185715025903
