-0.4998409075702078
-0.39455386120659447
-0.31411655117715936
-0.2525720259938473
-0.20539926690329402
-0.16916571399229824
-0.14126419892605335
-0.11971370091709208
-0.10300837128688602
-0.09000307258109393
-0.07982660895073476
-0.07181587700292154
-0.06546590600022256
-0.06039192120930833
-0.0563005488991258
-0.052967946934505135
-0.050223174900042876
-0.04793556826435982
-0.04600512527099957
-0.04435521679557183
-0.042927023263897184
-0.04167531122135627
-0.04056521889839246
-0.03956980895207578
-0.0386681927648034
-0.03784411990219224
-0.037084891547560526
-0.03638053105246029
-0.03572315838605082
-0.035106507202675226
-0.034525557160477
-0.033976246987367335
-0.033455269963406344
-0.03295990268015129
-0.03248788239646691
-0.032037298146995324
-0.03160648011630246
-0.031194081376159324
-0.03079889363348392
-0.03041985800246322
-0.030056032593796467
-0.029706581339541138
-0.029370746776766835
-0.029047841420279632
-0.02873723960525968
-0.02843836767298476
-0.02815069222469075
-0.027873722891523737
-0.027607004580581632
-0.02735010662564165
-0.027102629760997768
-0.026864198326318974
-0.0266344676792921
-0.026413110775735948
-0.026199818071003047
-0.025994299784428986
-0.025796291610615637
-0.025605507432379264
-0.02542172457458117
-0.025244713056136164
-0.02507425683210701
-0.024910145374123928
-0.02475218661498911
-0.024600191971884254
-0.024453993058993616
-0.024313385753168944
-0.02417823222589925
-0.024048381989510287
-0.023923699214004862
-0.023804052017181183
-0.023689308520618367
-0.02357934884190072
-0.02347407081963568
-0.02337336045740887
-0.023277117897366355
-0.023185251313973976
-0.023097667397359117
-0.023014273957085538
-0.022934997139810256
-0.022859761764686137
-0.02278849339748673
-0.02272113030567224
-0.022657607773058756
-0.022597862053343496
-0.022541847747788325
-0.022489516992793047
-0.02244081442017414
-0.022395700272806084
-0.022354135126988146
-0.0223160799720872
-0.022281508964827466
-0.022250381571669916
-0.02222267464637942
-0.022198368140328387
-0.022177431572345987
-0.02215985879043845
-0.022145632440216997
-0.022134733284093013
-0.022127151375989425
-0.022122891186323948
-0.022121945278281856
-0.02212431720680326
-0.022129999518128263
-0.022139008444145774
-0.02215134864520494
-0.022167035520321135
-0.022186071982207834
-0.022208485165929
-0.022234291992145102
-0.022263520741439804
-0.022296185519994054
-0.022332326977919856
-0.022371973440223878
-0.022415168842058387
-0.022461935753935226
-0.02251233244439985
-0.02256637017477791
-0.022624128584253556
-0.022685647064330763
-0.02275098942392346
-0.022820208214427963
-0.02289337315194716
-0.022970557583380027
-0.023051888199518658
-0.023137388704122477
-0.02322715336621158
-0.023321262381940388
-0.02341982095884622
-0.023522917552060936
-0.0236306674987905
-0.023743175269247324
-0.02386056412811456
-0.023982954663780358
-0.024110481209057653
-0.024243286903154297
-0.02438150844158506
-0.0245252979558449
-0.024674827105302475
-0.024830264723602766
-0.02499179618462043
-0.025159612521473012
-0.025333920999554477
-0.025514934138205356
-0.025702879085443754
-0.02589799790927841
-0.026100548960995458
-0.026310791579616417
-0.02652901318079284
-0.02675549933265116
-0.026990606591139027
-0.027234667234764656
-0.027488038460089664
-0.027751102186317097
-0.028024270306725312
-0.02830798481731813
-0.02860271350803549
-0.028908966049945303
-0.029227295300031764
-0.02955829810074549
-0.029902619821727944
-0.03026096532795294
-0.03063411322222667
-0.031022928638677078
-0.031428370645286405
-0.03185152723645029
-0.03229362321346469
-0.03275609790619991
-0.03324058301075034
-0.03374901463319415
-0.03428368267076858
-0.03484734818809605
-0.035443343277661174
-0.036075747608094136
-0.036749602691499884
-0.03747119153593813
-0.038248406074821606
-0.039091222517135205
-0.04001235296107372
-0.04102799924426566
-0.04215902150014832
-0.04343226781956657
-0.04488249241323513
-0.04655477527336325
-0.0485077322422598
-0.05081772617850254
-0.053584408120992126
-0.05693800341630131
-0.06104887616337922
-0.06614020857818179
-0.07250453378413899
-0.08052563304649869
-0.09070731907244613
-0.10371136909778995
-0.12040751299499872
-0.14193934093041347
-0.16981118764120204
-0.20600277642721318
-0.25312053425958775
-0.3145973033182462
-0.3949561714721775
-0.5001590924297922
