-0.498727143682472
-0.39566087513562787
-0.31703859613996344
-0.2569607397419195
-0.2109597081149084
-0.17565098706157767
-0.1484695788820889
-0.1274707999156981
-0.11117966322803376
-0.09847695365550123
-0.08851302550211003
-0.0806425552533461
-0.07437513899214114
-0.06933787196636966
-0.06524699987697423
-0.06188643200851908
-0.059091454193247184
-0.05673637732910839
-0.05472517037398957
-0.052984349858216546
-0.05145758672217574
-0.050101610003590535
-0.04888309580097466
-0.04777630523985097
-0.046761287546035174
-0.045822513909774445
-0.04494784013666109
-0.044127715456608714
-0.043354579911537794
-0.04262240590474716
-0.04192634806460433
-0.04126247607512534
-0.04062757110672523
-0.04001896753482648
-0.039434436552020356
-0.038872090094027645
-0.03833031399822641
-0.03780771102223952
-0.03730305980299129
-0.036815280337214665
-0.03634340974450013
-0.035886583097164644
-0.03544401755931129
-0.035014994171532435
-0.034598856537548475
-0.03419499907620747
-0.03380285963522472
-0.0334219153886315
-0.033051678057856373
-0.032691690519221585
-0.032341523774912825
-0.032000773804891934
-0.03166905990841716
-0.0313460240387099
-0.0310313262426364
-0.030724645228311635
-0.03042567690125962
-0.030134131420601878
-0.029849734343066793
-0.029572224974401658
-0.029301355221823023
-0.029036889140803827
-0.02877860318181563
-0.028526283733235847
-0.028279724030359332
-0.028038732180157545
-0.02780312129351335
-0.0275727154771911
-0.027347344263053575
-0.027126845336111954
-0.026911065050274945
-0.026699853909645813
-0.02649306373171842
-0.02629056083990797
-0.026092217252886574
-0.025897915928956045
-0.0257075268172305
-0.025520937418730853
-0.025338039100053555
-0.02515872538340731
-0.02498289005075205
-0.024810438138314288
-0.024641273128339518
-0.02447529658066514
-0.024312424572118796
-0.0241525717044944
-0.023995657808137227
-0.02384160142198969
-0.02369032760652903
-0.02354176157412794
-0.023395832654853965
-0.023252467153843975
-0.0231115981417848
-0.02297316141026976
-0.022837090592660977
-0.022703321287371257
-0.02257180535502251
-0.02244246789703388
-0.02231525912334121
-0.02219012759409637
-0.022067013901183596
-0.021945865432413027
-0.02182663087909053
-0.021709257842287503
-0.02159369263066907
-0.021479892289164363
-0.02136780572067443
-0.02125739196829051
-0.02114860272801824
-0.021041407238568868
-0.020935773671477028
-0.020831653316550378
-0.02072896214453285
-0.020627723355401067
-0.02052787847469175
-0.020429405082241406
-0.020332269337849627
-0.020236452532339515
-0.02014190934854178
-0.020048643562425326
-0.01995664581445091
-0.019865891735139224
-0.01977634747312075
-0.019688020505936453
-0.019600925694072048
-0.01951472902836141
-0.019429993814022578
-0.01934612506205424
-0.01926325081641863
-0.019181545356450665
-0.019100958197311918
-0.019021515680780126
-0.018943214505413034
-0.01886603126752092
-0.018789934709039183
-0.018714900823193027
-0.018640924192519653
-0.018567981897232216
-0.018496056348077244
-0.018425123709093945
-0.018355168789174425
-0.01828617353188965
-0.0182181127683122
-0.018150954206838488
-0.01808465759616188
-0.018019199234335426
-0.0179545402847745
-0.017890660417204166
-0.017827562443686003
-0.017765211339470573
-0.017703592573779417
-0.017642693983205518
-0.017582509097334772
-0.017522987289718017
-0.01746411338731862
-0.01740586726940098
-0.017348240235444744
-0.017291225954945613
-0.017234788508043716
-0.017178910604250194
-0.01712361311606499
-0.017068891568073976
-0.01701472881177186
-0.016961113574793348
-0.016908060950461233
-0.016855527867217723
-0.016803559757460958
-0.0167521180113647
-0.01670119940745007
-0.0166507939921622
-0.0166008889323968
-0.016551466494686584
-0.016502528377536463
-0.01645404990852956
-0.016406027220068366
-0.016358484458040588
-0.01631143401916775
-0.01626483299338172
-0.01621869034950331
-0.01617299824994823
-0.016127728463843225
-0.016082889958062188
-0.01603848343335009
-0.01599447664685219
-0.015950841729513457
-0.015907559553303852
-0.015864647791017573
-0.015822099962310196
-0.01577988365946377
-0.015738000745867252
-0.015696419649484004
-0.015655161372198915
-0.015614193539568617
-0.015573502200525264
-0.015533084876851018
-0.015492899478415626
-0.015452993901755743
-0.015413361152518396
-0.015373980379532675
-0.015334777383534925
-0.015295787384692472
-0.015256963356895924
-0.015218362127961248
-0.015179966765176337
-0.015141745271901045
-0.015103681812016493
-0.015065789956749393
-0.015028007842542962
-0.014990348111868019
-0.014952822032025557
-0.014915415922113146
-0.014878142655944846
-0.014840966387931009
-0.014803915884743089
-0.014766991679373294
-0.01473018939202129
-0.014693520958769265
-0.01465680918152591
-0.014620352010616046
-0.014584027255138816
-0.014547775621685567
-0.014511762301800674
-0.01447592596493338
-0.014440323165463122
-0.01440489145448511
-0.014369763821660364
-0.01433489302444693
-0.014300350834164921
-0.01426613122267738
-0.01423222066105191
-0.014198773625095615
-0.014165760804014082
-0.014133105525084554
-0.014100779287287911
-0.014069114080501878
-0.014037940395360077
-0.014007179316521406
-0.013976976736418035
-0.013947252855161917
-0.01391810289391579
-0.013889661213878196
-0.013861629923167567
-0.013834121943418978
-0.013807340593411425
-0.013781036375659417
-0.013755043567319816
-0.013729401689052513
-0.01370433419813345
-0.01367949364105467
-0.013654971423809337
-0.013630883621457575
-0.013607014760414074
-0.013583413627856486
-0.013560041366544796
-0.013536827854490117
-0.013513839459392175
-0.013491058056423904
-0.013468496647002946
-0.01344617185275317
-0.0134241165510974
-0.013402249629181549
-0.013380604026654573
-0.01335921083613623
-0.01333808918509149
-0.013317131709479228
-0.013296384394192246
-0.013275829873898424
-0.013255487174835042
-0.01323528564451213
-0.013215395835496382
-0.013195735365039877
-0.01317630459720339
-0.013157115288569032
-0.013138103438511633
-0.013119304764597918
-0.013100726458869522
-0.01308234668354726
-0.013064192366139591
-0.01304623772816392
-0.013028481013275675
-0.013010753242382272
-0.012993266897507825
-0.012975928302828942
-0.012958850504701056
-0.012941948709539994
-0.012925135635307552
-0.012908493763222124
-0.012892058227768144
-0.012875747889971678
-0.012859549884494358
-0.0128435069816582
-0.012827549571506155
-0.012811757032324018
-0.012796088459876826
-0.012780546598879554
-0.012765114752589684
-0.012749814202853527
-0.012734595700530458
-0.01271954508639557
-0.012704644047325778
-0.012689824824901202
-0.012675113000776998
-0.012660504789719317
-0.012645965765244791
-0.012631595653473885
-0.012617308157450045
-0.012603102487533917
-0.012589077653597519
-0.012575201740375063
-0.012561382011252622
-0.012547639407810002
-0.012533995222710018
-0.012520576210771515
-0.012507215142343143
-0.012493921324322364
-0.012480779982695624
-0.012467735177309184
-0.012454769560448869
-0.012441900146277933
-0.01242910406924416
-0.012416406423275248
-0.01240380545635303
-0.012391269244658469
-0.01237882443648989
-0.012366452493153492
-0.012354202101660819
-0.012342044067569643
-0.012329971499147316
-0.012318031108239168
-0.012306165073098991
-0.012294391687956875
-0.012282740950695176
-0.012271184745628447
-0.012259709110332931
-0.012248300066849065
-0.012237001971684935
-0.012225769133504394
-0.012214630145014145
-0.012203566727315943
-0.012192557568275782
-0.012181692255812423
-0.012170894133874037
-0.012160196758615856
-0.012149605532543151
-0.012139073733276972
-0.012128591742448954
-0.012118178897683667
-0.01210781432956131
-0.012097527892080406
-0.012087328816832664
-0.012077230096496845
-0.012067215005805418
-0.012057312208529526
-0.012047537485870749
-0.012037820719037008
-0.0120282252850121
-0.012018740191621248
-0.012009296987344164
-0.011999932598024966
-0.0119906267379953
-0.011981379766415163
-0.011972200799837561
-0.01196306656061005
-0.011954017023660266
-0.011945030810797915
-0.011936141585700479
-0.011927313748956645
-0.011918564892156387
-0.011909898857960956
-0.011901330784003973
-0.011892819387748757
-0.011884337662780364
-0.011875888695327312
-0.011867514294781863
-0.011859228257595864
-0.011851012359460704
-0.011842844684583983
-0.011834762267866122
-0.011826737513077707
-0.01181879425885319
-0.011810934492939733
-0.011803131641857931
-0.011795398655548872
-0.011787754741782902
-0.011780171068761487
-0.011772654603472182
-0.011765201802913473
-0.011757827899065088
-0.011750532818202354
-0.011743307439793167
-0.011736150625120276
-0.011729049837405352
-0.011722004544238652
-0.011715023061036917
-0.011708106976442959
-0.011701260582973095
-0.01169448721268485
-0.011687790943711345
-0.011681172368834342
-0.011674605689663595
-0.01166809104577039
-0.011661628466010841
-0.011655210508326599
-0.011648849176515185
-0.011642537936294335
-0.011636283996320638
-0.01163010922217372
-0.011623993414604268
-0.0116179477044137
-0.011611986688254685
-0.011606098273752403
-0.011600287333262653
-0.011594507624691282
-0.0115887881456902
-0.011583107870762499
-0.011577463463024375
-0.011571884906001594
-0.01156635488671056
-0.011560865915948675
-0.011555429788160746
-0.011550051810666066
-0.011544755950256688
-0.011539532479529909
-0.011534381615789695
-0.011529314729631064
-0.011524319870507586
-0.011519391033382403
-0.011514554170332416
-0.011509816606387923
-0.01150515402443617
-0.011500566887764184
-0.011496078347120424
-0.011491672966247403
-0.011487366104709138
-0.011483136819584983
-0.011478987667563167
-0.011474914505964025
-0.011470920149147421
-0.0114670059108331
-0.011463171753079763
-0.011459388518459492
-0.011455694304632783
-0.011452079403361107
-0.01144853017725792
-0.011445023798369721
-0.011441591712409669
-0.011438194789547476
-0.011434886173940426
-0.01143163341456889
-0.011428449301234324
-0.011425321705867143
-0.011422258243347583
-0.011419246879115814
-0.011416295930273098
-0.011413396936407985
-0.01141055139191761
-0.011407765439682386
-0.011405042411869265
-0.011402373710125613
-0.011399773204474242
-0.011397247288403306
-0.01139476575498934
-0.011392350055243692
-0.011389981444237234
-0.011387681350163596
-0.011385431663441215
-0.011383258273369773
-0.011381141956885752
-0.011379081594763465
-0.011377082367397772
-0.011375136890332939
-0.011373256218058098
-0.011371433878540397
-0.011369670286597034
-0.011367967894135748
-0.011366319270705869
-0.011364729674827477
-0.0113632024449391
-0.011361727811094444
-0.011360308896777487
-0.011358959122104776
-0.01135767410854811
-0.011356452910020477
-0.01135529327808164
-0.011354195812831256
-0.011353159295049799
-0.01135218537296882
-0.011351273504187282
-0.011350423552136587
-0.011349638084304144
-0.011348918316680464
-0.011348274773363684
-0.011347682034294879
-0.011347134229507222
-0.01134666814978899
-0.011346268002367712
-0.011345944010904607
-0.011345690616481129
-0.011345493213700153
-0.01134534786755856
-0.011345275871587025
-0.011345265359726015
-0.011345312559805849
-0.011345434824626278
-0.011345637935578383
-0.011345900293038237
-0.011346221456182146
-0.011346616210472348
-0.011347078809535083
-0.011347601734501637
-0.011348182579708562
-0.011348819527025569
-0.011349527836987906
-0.011350306112045063
-0.011351169082080625
-0.011352113308648869
-0.011353125874646139
-0.01135420891774554
-0.011355343532618052
-0.011356552291674763
-0.011357834068031501
-0.011359182118046257
-0.011360612723811716
-0.011362124012692657
-0.011363680759375747
-0.01136528634241991
-0.01136696054044993
-0.011368685547834321
-0.011370494377409654
-0.011372362325288462
-0.011374313380894582
-0.011376329190495013
-0.011378404661506114
-0.01138054209501041
-0.011382758539864831
-0.011385048214822828
-0.011387404759492015
-0.011389829684357668
-0.011392321298153388
-0.011394877560181304
-0.011397510531636353
-0.01140020530051668
-0.011402957225309287
-0.011405785803210916
-0.011408683165223048
-0.011411655504313422
-0.011414685864046446
-0.011417770373597464
-0.011420937753622453
-0.011424186794916094
-0.011427502375938677
-0.011430879896357285
-0.0114343139112785
-0.011437829328385279
-0.011441420155905607
-0.011445090592113285
-0.01144881996151364
-0.011452618454369014
-0.011456499753661663
-0.011460435239619517
-0.011464427206103972
-0.011468486975513904
-0.01147263289955577
-0.011476849153036827
-0.01148112452970718
-0.011485462776837024
-0.011489901687455468
-0.011494404133863182
-0.011498974504277247
-0.01150362272627445
-0.01150833101903228
-0.01151310621900046
-0.011517946366581688
-0.011522849001694315
-0.011527804704025079
-0.011532846971543671
-0.011537949191330285
-0.011543123637235034
-0.01154836949351457
-0.011553687544147555
-0.01155908228402966
-0.011564556739061873
-0.011570119708843078
-0.011575775160261419
-0.011581522357573506
-0.01158735608518913
-0.011593285119255886
-0.011599289778205377
-0.011605439137702199
-0.01161169862021257
-0.011618036741513045
-0.011624487770238013
-0.011631080157196019
-0.011637650444829726
-0.011644217741906158
-0.011650832671507195
-0.011657476839352492
-0.011664180679289753
-0.01167094039097618
-0.011677773230469597
-0.011684707179854762
-0.011691728817368106
-0.011698842094640668
-0.011706043152279766
-0.01171330923328147
-0.011720661610255402
-0.011728092263257047
-0.011735609016100889
-0.011743204554718943
-0.011750882013857829
-0.011758644678514257
-0.01176649758457755
-0.011774443034307816
-0.011782476789741056
-0.011790607890784581
-0.011798811393454458
-0.011807099975810809
-0.011815494541986743
-0.011824004118689032
-0.011832615497233537
-0.011841308074476774
-0.01185009885498785
-0.011858989078726971
-0.011867969131504168
-0.011877038858902211
-0.01188619732887529
-0.011895481620305114
-0.011904850835418762
-0.011914329955782845
-0.011923903607832895
-0.011933576361002673
-0.01194334892890884
-0.011953224176506056
-0.011963202407577735
-0.011973285336042137
-0.011983495870966185
-0.011993800810157896
-0.01200421540107282
-0.012014740473280706
-0.012025365795571457
-0.01203612229574507
-0.01204697874668371
-0.012057962636956175
-0.01206904518794457
-0.012080251709819157
-0.012091559490389066
-0.012102993357423023
-0.012114529497375546
-0.012126187220883447
-0.012137943674521283
-0.012149800997337881
-0.012161814533330371
-0.012173933936282796
-0.012186162730758012
-0.012198505401279374
-0.012210908894549562
-0.012223489374821817
-0.0122362113605864
-0.012249067235765259
-0.012262060502525743
-0.01227519183776174
-0.012288449491429937
-0.01230183572681285
-0.012315349011270084
-0.01232899605570735
-0.012342752361136133
-0.012356652248516016
-0.012370675528138792
-0.01238484144827938
-0.012399137254712035
-0.01241357397613412
-0.012428154233793986
-0.012442853603132265
-0.012457693797061936
-0.0124726710461537
-0.012487781057578118
-0.012503025919070184
-0.012518420657216447
-0.012533955931339073
-0.012549638227729351
-0.012565468146243462
-0.01258144219562955
-0.012597563661897607
-0.012613820568318607
-0.012630226716840299
-0.012646772932679311
-0.01266347157503623
-0.012680325237647104
-0.012697325520982596
-0.012714475308552155
-0.012731768696221495
-0.012749222435001943
-0.012766775772689698
-0.012784443886352219
-0.012802351117871959
-0.012820382352351924
-0.012838561023619889
-0.012856884174985919
-0.012875354225127238
-0.012893971602606696
-0.012912744006763198
-0.01293161475889069
-0.012950614433950312
-0.012969717641642507
-0.012989074571767152
-0.013008504231871016
-0.013028069975198146
-0.013047736913189327
-0.013067494015242717
-0.013087343904567273
-0.013107245180742797
-0.013127244971583208
-0.013147275840770748
-0.01316750372953371
-0.01318772657892398
-0.013208125067273173
-0.013228638614364737
-0.013249264377691583
-0.013269986494577684
-0.01329081103091565
-0.013311743877118812
-0.013332758585788007
-0.013353858094915735
-0.01337503511279725
-0.013396262669207242
-0.01341755711136242
-0.013438924144526545
-0.013460340688375556
-0.013481832655644116
-0.013503386756785167
-0.013524969495233116
-0.013546632307248119
-0.013568350118989016
-0.013590094260705803
-0.013611883010050329
-0.013633666416624383
-0.013655493549701343
-0.013677333617802193
-0.013699310929605616
-0.01372122497577791
-0.01374325265537955
-0.013765336958230479
-0.013787384266015928
-0.013809466399925788
-0.013831629862935462
-0.01385379399481761
-0.013875984467325206
-0.01389831464926995
-0.013920618905499142
-0.01394297796223361
-0.01396537609098912
-0.013987798326349745
-0.014010384815694514
-0.014033058922576547
-0.014055819852158485
-0.01407862135262561
-0.014101591576118672
-0.014124677187378523
-0.014147906626392898
-0.014171289786778138
-0.014194801562361123
-0.01421849998327937
-0.014242385239290892
-0.014266445258021855
-0.014290712906976378
-0.01431522984697641
-0.014340010324197463
-0.014365064456863665
-0.014390417033352955
-0.014416092633411766
-0.014442107639372573
-0.014468490929435555
-0.014495265065888533
-0.01452244737449703
-0.014550059196875223
-0.014578125218935247
-0.014606666891657355
-0.01463573575112619
-0.014665320178008204
-0.014695444852188863
-0.014726114513825847
-0.014757339411440086
-0.014789142982373268
-0.01482153084331141
-0.014854511230458417
-0.014888087364114646
-0.014922256090276372
-0.014957019008794445
-0.01499237772586044
-0.015028327458636045
-0.015064841734502031
-0.015101922211418156
-0.015139562731624567
-0.015177752604829047
-0.015216480892479296
-0.015255730722949636
-0.015295490193658907
-0.015335741851869996
-0.015376474780266327
-0.015417670553225996
-0.015459312684993263
-0.01550139507275873
-0.015543890509047292
-0.015586790661193764
-0.015630077381493634
-0.01567373465244579
-0.015717758171015894
-0.015762133225561446
-0.015806855359759647
-0.01585191036296306
-0.01589728717140373
-0.01594298089835722
-0.01598898134885651
-0.016035288787296285
-0.016081891562704866
-0.01612878962986357
-0.016175985336084636
-0.016223467708500416
-0.016271246528653707
-0.016319320287238336
-0.016367693219667384
-0.016416370814950152
-0.016465377773343875
-0.01651470591088967
-0.01656436409455796
-0.016614367740318433
-0.016664713717480916
-0.016715415676027943
-0.016766483118785713
-0.01681792397738203
-0.016869739428559037
-0.01692194514935933
-0.01697455648017103
-0.01702758124277991
-0.017081030202659536
-0.01713491343290259
-0.017189237709723738
-0.017244014571188297
-0.01729925139235067
-0.01735496384641349
-0.017411157589609035
-0.01746784314263999
-0.017525031934945853
-0.01758273028951804
-0.017640947903744368
-0.017699695980029195
-0.017758975426566063
-0.017818818884807748
-0.017879218116962733
-0.01794020600751615
-0.018001779478789764
-0.01806395325226389
-0.018126735814782798
-0.01819014479086981
-0.018254194667124416
-0.018318900576711438
-0.01838427651672528
-0.018450317832376304
-0.018517103689677593
-0.018584645769842454
-0.018652954012717108
-0.018722048703055782
-0.01879194589237122
-0.018862667894240098
-0.018934235370066443
-0.019006671583335022
-0.019080001014535948
-0.019154249073498913
-0.01922944674164477
-0.019305605497354498
-0.0193827501897194
-0.019460921878837814
-0.01954013698656251
-0.019620413038412318
-0.0197017811333408
-0.019784263651524168
-0.019867893552576427
-0.019952694849648636
-0.020038698819362363
-0.020125931462926867
-0.020214425232204184
-0.020304211357421626
-0.02039531832368897
-0.02048777925027827
-0.020581627774764157
-0.02067689558067151
-0.02077362088880893
-0.020871847340875202
-0.020971598186206218
-0.02107291812478235
-0.021175849601246657
-0.021280432548156532
-0.021386730571644055
-0.021494743778173203
-0.021604518992289573
-0.021716097906501326
-0.021829513420561247
-0.02194481363905368
-0.022062042120207345
-0.022181245949253983
-0.02230246623538788
-0.022425764274011918
-0.02255119940228039
-0.022678807757804658
-0.0228086460446758
-0.02294077154497886
-0.023075242871064272
-0.023212117301877076
-0.023351456930607802
-0.023493321252089097
-0.0236377788645187
-0.023784891201166718
-0.023934731060294263
-0.024087370975644957
-0.024242881301833177
-0.024401502996294108
-0.024563148954769673
-0.024727916366678752
-0.02489589540507452
-0.025067180280716986
-0.025241868620756617
-0.025420068320416742
-0.025601884084087458
-0.02578742609976107
-0.025976810579331783
-0.026170157044480495
-0.026367588281452144
-0.02656923107211216
-0.02677521209817947
-0.0269856763689819
-0.027200768491132996
-0.027420635762386993
-0.0276454325876986
-0.027875318528901273
-0.028110463244258255
-0.028351041802925005
-0.028597236309748288
-0.02884935705032823
-0.029107544461509014
-0.029372011403662964
-0.02964298401657675
-0.02992070183010797
-0.03020541712640956
-0.030497396417578045
-0.030796918750470678
-0.031104278805382073
-0.03141979031996748
-0.031743779147243655
-0.03207659212450177
-0.03241859713656987
-0.03277018270864803
-0.03313175863423377
-0.03350376186460288
-0.03388665960079396
-0.03428093782566968
-0.03468713109037158
-0.03510580272910185
-0.03553755824223507
-0.03598304946313713
-0.036443006139145355
-0.03691812311406037
-0.037409255551368
-0.037917335444219276
-0.03844339079880399
-0.03898856893808526
-0.039554159726999945
-0.0401416335198899
-0.04075268096419205
-0.04138926816948905
-0.042053707698302675
-0.042748750788086765
-0.04347770660101987
-0.04424459763763629
-0.04505436364644362
-0.045913127039339884
-0.04682854081831514
-0.04781024527691388
-0.048870468168896807
-0.05002481288568199
-0.051293296760302746
-0.052701705765480895
-0.05428339342424084
-0.05608163456360093
-0.05815271536528752
-0.06057002479243152
-0.06342944272425355
-0.06685643476484607
-0.0710154097817731
-0.07612232623406034
-0.0824602755420428
-0.09040155375381992
-0.10043586147278805
-0.11320775239131012
-0.12956608366921013
-0.15062938230450673
-0.1778722330185932
-0.21323951106348035
-0.25929743698551705
-0.3194336633974721
-0.398121951298378
-0.5012728563175279
