-0.5024034845780804
-0.4808505906164019
-0.4606952883298145
-0.4418268829184551
-0.4241450128296925
-0.4075585342206771
-0.39198454182747033
-0.37734750823943625
-0.36357853318376315
-0.35061465461081753
-0.33839826850239885
-0.32687660010859637
-0.3160013089784332
-0.3057279331924828
-0.29601562131038434
-0.2868267759566365
-0.27812675708296614
-0.2698836158800055
-0.26206785774804353
-0.2546522295024932
-0.24761152137637293
-0.24092239572215335
-0.23456323119544706
-0.22851397762397774
-0.2227560306372039
-0.2172721037466249
-0.21204613260234306
-0.2070631750373072
-0.2023093205076644
-0.1977716132340879
-0.19343798306994903
-0.18929715517784665
-0.18533861473185367
-0.18155254193833864
-0.17792976778240957
-0.17446180852933052
-0.17114064548778665
-0.16795879196029814
-0.1649092205853354
-0.16198534955257596
-0.1591809929867915
-0.15649036544267286
-0.15390800681049505
-0.1514288229487622
-0.1490480137653952
-0.1467610461672236
-0.1445636475305495
-0.14245183946861587
-0.14042183561489932
-0.13847004056648277
-0.13659311363282262
-0.13478791188340747
-0.13305147297212297
-0.1313810111105113
-0.12977388304266943
-0.12822765365402433
-0.12673996668941065
-0.12530849255655885
-0.12393125689010553
-0.12260630672512547
-0.12133178755220694
-0.12010591832705564
-0.1189270654469328
-0.11779364246178155
-0.11670420993062275
-0.11565739133907764
-0.11465164273253625
-0.11368574760467542
-0.11275854893632618
-0.1118689283919756
-0.11101580922136564
-0.11019821722034907
-0.10941509956449225
-0.10866574643218585
-0.10794927256598448
-0.10726491808983867
-0.1066118047645995
-0.10598926945528643
-0.10539661230770385
-0.1048332707316537
-0.10429861277009371
-0.10379204996128236
-0.10331315510888835
-0.10286133934174344
-0.10243620381575047
-0.10203739272964063
-0.10166444488845534
-0.10131703278314116
-0.1009947856136834
-0.10069748589967704
-0.10042478939400425
-0.10017643120590836
-0.09995226428487558
-0.09975203183567687
-0.09957553829172693
-0.09942269028107246
-0.09929337917658955
-0.0991873642913763
-0.09910465134294694
-0.0990451845936533
-0.099008944931325
-0.0989959024366454
-0.09900605586614926
-0.0990394517864444
-0.09909618145873157
-0.09917629744306677
-0.09927986593095459
-0.09940703429300017
-0.09955797943253529
-0.0997328480927647
-0.09993181385733811
-0.10015511889020831
-0.10040305169091528
-0.10067587329834841
-0.10097381298862666
-0.10129724840894225
-0.10164635423127326
-0.10202169544570018
-0.10242365696077067
-0.10285268991772939
-0.10330927640102028
-0.10379392039793348
-0.104307274655508
-0.10485003662892277
-0.10542262844194288
-0.1060257262804217
-0.10666002308895685
-0.10732629272978662
-0.10802528813970716
-0.10875786876897839
-0.10952492035215133
-0.11032739239907713
-0.11116627239697681
-0.11204261710065717
-0.112957545957938
-0.11391221118552393
-0.11490785716079993
-0.11594582205713089
-0.11702749789256775
-0.11815436641481143
-0.11932800934701043
-0.12055006812743421
-0.12182223691367339
-0.12314642316936288
-0.12452462538637346
-0.1259588618624785
-0.1274513455564554
-0.12900436389834577
-0.13062033128031822
-0.1323020123550629
-0.13405213637911817
-0.13587360659895364
-0.13776956149505376
-0.13974330446749428
-0.14179834365956692
-0.14393836792709963
-0.14616734205792442
-0.14848947771108822
-0.15090925303656763
-0.15343140397300117
-0.15606100831185485
-0.1588035007406334
-0.1616646637468272
-0.16465064811779706
-0.1677680451190545
-0.1710238609512983
-0.17442561780722995
-0.17798132202663305
-0.18169957193666447
-0.18558954857204274
-0.18966112489953743
-0.19392486531861222
-0.1983920941806272
-0.20307496121004445
-0.20798652060310852
-0.21314080507824934
-0.21855288594727706
-0.22423899277366105
-0.23021659781052334
-0.23650453324395893
-0.24312310206150517
-0.250094291525016
-0.2574417193132768
-0.2651909846136013
-0.27336978917332233
-0.28200813297285127
-0.29113853591251965
-0.30079618869823466
-0.3110194621515552
-0.3218500125968464
-0.33333317993273714
-0.3455183688563925
-0.35845947769124215
-0.3722153786278415
-0.38685046211416646
-0.40243524447882834
-0.41904704339449145
-0.4367707921877063
-0.45569990582123887
-0.47593729469736845
-0.4975965154219196
