-0.49984250486747916
-0.39457114081478994
-0.31414638113661575
-0.2526115759039985
-0.20544606494463397
-0.1692176568053994
-0.14131953461888985
-0.11977099735654168
-0.10306647780724955
-0.09006108809857671
-0.07988383919849366
-0.07187179629914546
-0.06552013756156419
-0.06044420849358938
-0.05635073719697426
-0.053015960244411894
-0.05026900126557469
-0.04797924575413324
-0.046046731765398655
-0.044394852402284496
-0.04296481046659081
-0.04171138510545164
-0.04059971967653451
-0.03960287226251752
-0.03869996483037613
-0.037874714463126555
-0.037114411226115744
-0.03640907263292119
-0.03575079673674318
-0.035133305662702036
-0.034551574210927756
-0.034001549225027836
-0.033479941181474085
-0.03298405400901272
-0.03251163465872168
-0.03206075226837109
-0.031629713283385555
-0.03121717042310777
-0.03082189642326379
-0.030442813924021418
-0.030078961927351336
-0.029729483342251613
-0.029393501125597347
-0.029070319478291032
-0.028759481634190287
-0.028460378839628358
-0.028172483082179862
-0.02789530146503273
-0.027628372164556547
-0.027371262088703184
-0.027123569050645818
-0.026884915059723857
-0.026654953921074507
-0.02643335657746985
-0.026219811631889394
-0.02601402850810541
-0.025815744009402695
-0.025624673454351533
-0.02544059179746889
-0.025263271004068912
-0.025092497319382293
-0.024928062302775954
-0.024769775782217132
-0.024617450425743276
-0.024470921221410476
-0.024329991787945038
-0.024194521331268346
-0.024064358722183307
-0.023939367876835614
-0.023819414499196105
-0.02370436650771519
-0.023594104334362518
-0.023488525924535934
-0.023387516967465473
-0.023290978121250267
-0.023198818260417045
-0.0231109439286166
-0.02302726447099228
-0.022947706405531208
-0.02287219485561205
-0.02280065671430699
-0.022733030194978358
-0.022669250914117565
-0.022609256429546965
-0.02255300192825693
-0.02250044017318293
-0.02245151565206159
-0.02240618814374082
-0.022364418931702507
-0.022326169210423824
-0.022291413367469454
-0.022260110363044393
-0.022232237553733807
-0.022207774989429444
-0.022186692784831322
-0.022168985494814906
-0.022154634731639505
-0.022143622013535914
-0.022135937958204333
-0.022131586792410507
-0.022130560692522675
-0.022132863343406643
-0.022138487303395567
-0.022147448509369345
-0.02215975112688574
-0.022175410789197936
-0.022194430045958065
-0.022216835451128333
-0.022242643958534203
-0.022271884302689404
-0.02230456990937938
-0.022340741566543955
-0.022380427052255507
-0.02242367033666205
-0.022470493444517167
-0.02252095465516005
-0.022575064534761137
-0.022632903471141334
-0.022694510636478416
-0.02275995052127501
-0.022829275235095002
-0.02290255551261825
-0.022979864610880796
-0.023061330667566875
-0.023146972679953078
-0.023236885863753554
-0.023331150234008724
-0.023429871729754505
-0.023533138495479593
-0.02364106721910377
-0.023753762075594285
-0.023871347654781487
-0.023993945349683923
-0.024121691275753896
-0.024254731580892523
-0.02439320620499559
-0.024537272212162273
-0.024687106719421686
-0.024842881806523793
-0.025004773605326443
-0.02517293656246187
-0.025347527829404578
-0.025528765908758223
-0.025716940861805197
-0.025912338467353555
-0.0261152267033633
-0.02632585577971138
-0.026544505394567604
-0.026771452201966896
-0.027007045666941946
-0.027251612199946984
-0.027505505610919568
-0.02776909908640437
-0.028042799948730966
-0.028327045766257015
-0.028622300197551836
-0.02892907001675105
-0.029247907740445164
-0.029579408791957446
-0.029924217185964937
-0.030283038083087088
-0.030656649100460162
-0.031045915939292183
-0.03145180192081781
-0.031875399507343284
-0.03231793901138739
-0.032780862049021836
-0.03326581428725701
-0.03377474175691325
-0.03430994648166511
-0.03487419880722333
-0.03547083858175577
-0.036103954990540435
-0.0367785959774508
-0.03750105342230169
-0.03827922923758393
-0.039123107805244056
-0.04004540469384405
-0.04106231703821181
-0.04219469560816008
-0.0434693710735932
-0.04492108852757447
-0.0465949455154581
-0.04854951806952591
-0.05086114984131257
-0.05362946808546124
-0.056984660577247055
-0.06109703281964185
-0.06618969358196652
-0.07255509229960837
-0.08057689674852984
-0.09075878224206227
-0.10376236326178001
-0.12045718054568852
-0.14198659874409683
-0.16985471515240053
-0.20604100848750428
-0.25315167514501646
-0.31461940065499505
-0.39496726550593986
-0.5001574951325208
