-0.5047269653919654
-0.48339339614520116
-0.46342196680203057
-0.4447048024292397
-0.4271440748214542
-0.4106509274849993
-0.3951445256446382
-0.3805512276689619
-0.36680384790593024
-0.35384100597383233
-0.3416065521844516
-0.3300490560436149
-0.31912134963108635
-0.3087801257670505
-0.29898557481011306
-0.2897010619534243
-0.2808928360039827
-0.2725297728077971
-0.2645831397145257
-0.2570263802673975
-0.24983494325200403
-0.2429860946600355
-0.2364587660653328
-0.23023341889939364
-0.22429191814615043
-0.21861741399908136
-0.21319424223707575
-0.20800782381105978
-0.20304458848490242
-0.19829188851716104
-0.19373792787865415
-0.18937169852464852
-0.18518291886757107
-0.18116198017944155
-0.17729989614663527
-0.1735882562251259
-0.17001918432452057
-0.16658529923060417
-0.1632796804918366
-0.16009583462141577
-0.157027664308068
-0.15406944222113939
-0.1512157840333502
-0.14846162716844974
-0.14580223844365123
-0.14323309761559028
-0.14074997534613753
-0.13834888606945253
-0.13602606934972622
-0.13377797555268853
-0.13160125142760504
-0.12949273273590284
-0.1274494244182789
-0.12546849301154217
-0.12354726246333753
-0.12168319437522296
-0.11987388354449895
-0.11811705033623174
-0.11641053202474018
-0.11475228350619224
-0.11314035390767778
-0.11157289781381532
-0.11004815605063496
-0.10856445510912305
-0.10712021158592511
-0.10571391332254582
-0.10434412574261404
-0.103009480705531
-0.10170866096167108
-0.10044043279761865
-0.09920361028267342
-0.09799705656246735
-0.09681968690668892
-0.09567047148556934
-0.09454842443360369
-0.093452684186683
-0.09238227842611631
-0.09133627020163133
-0.09031388904368645
-0.08931439000485931
-0.08833703475450415
-0.08738107744151127
-0.08644581948938324
-0.08553061993358617
-0.08463484479886682
-0.08375787928396661
-0.08289892986265848
-0.08205763016691618
-0.08123343465959557
-0.08042586446911154
-0.07963448477969057
-0.07885875097140387
-0.07809820732046821
-0.07735241788326683
-0.07662090704168197
-0.07590329971395375
-0.07519918969241378
-0.07450820404468773
-0.07382996353145295
-0.07316412677334348
-0.07251036107053391
-0.07186833774191671
-0.07123770995428684
-0.07061820076301416
-0.0700095061476656
-0.06941134604783146
-0.06882344240106646
-0.06824551254114429
-0.0676773229549511
-0.06711860037442162
-0.06656910793678732
-0.06602863089988537
-0.06549693678351473
-0.06497379012220415
-0.06445900417047801
-0.0639523343331992
-0.0634537106276872
-0.06296279164072013
-0.06247942789465556
-0.06200346430795289
-0.06153474295013705
-0.061073082792015475
-0.06061832615421811
-0.06017030001056653
-0.05972886271009508
-0.059293845236031144
-0.058865124023709685
-0.05844256004112084
-0.058026041241866534
-0.05761538776368143
-0.057210510462226576
-0.05681130332786709
-0.056417602471390334
-0.05602939977033384
-0.055646565705776904
-0.05526894498127274
-0.05489638737202733
-0.05452888708876466
-0.054166208057258136
-0.053808300231592256
-0.053455054846602915
-0.053106421236561695
-0.05276228182119914
-0.05242259380860453
-0.05208721843751916
-0.05175607275265105
-0.0514290485985367
-0.051106078704704426
-0.05078707000109989
-0.0504719660854759
-0.05016067156298453
-0.049853158993527116
-0.049549407598376276
-0.04924930260037858
-0.04895280801197317
-0.04865987952026182
-0.04837027536989498
-0.04808380246572014
-0.047800405250620584
-0.04752016730338728
-0.04724283773247866
-0.0469686967323962
-0.046697813631851416
-0.04643051641796086
-0.046166714999957496
-0.045906011160150695
-0.04564844621432949
-0.04539368801971029
-0.04514175273433254
-0.04489279960711369
-0.04464656658222657
-0.04440308613568241
-0.0441622788007181
-0.043924170782206576
-0.04368877761436372
-0.04345587143242611
-0.04322550449004403
-0.042997637593861694
-0.042772202236345716
-0.04254931267286492
-0.04232872253330888
-0.04211040706652561
-0.041894506456918675
-0.041680869370242006
-0.04146959487112752
-0.0412606275474461
-0.04105379774791072
-0.0408491927205816
-0.040646650100259994
-0.04044634057358187
-0.040248163472362604
-0.0400520442602933
-0.03985794125938079
-0.039666061099263544
-0.03947603659327682
-0.039287964648493524
-0.039101823279496024
-0.038917551911990034
-0.03873520677696868
-0.03855462166436597
-0.038375877202251565
-0.038198908065393174
-0.03802365553941631
-0.037850240706719794
-0.037678328404058
-0.037508223388759386
-0.03733977560475148
-0.037172900333630396
-0.03700786024602172
-0.03684430766248181
-0.03668229859173091
-0.03652184990362958
-0.03636306093451984
-0.03620579882003602
-0.03605012668044698
-0.03589583159071369
-0.035743198678146765
-0.035591632280351275
-0.035441791075915434
-0.035293397626087124
-0.03514643944558195
-0.03500084654578394
-0.0348565871758498
-0.034713076745587344
-0.03457133585132656
-0.034431049922036064
-0.03429233607568847
-0.03415420713172103
-0.03401758242823701
-0.03388228643252751
-0.03374826440701087
-0.03361594972417751
-0.0334842988122611
-0.03335394510933153
-0.03322502410268101
-0.03309729445051695
-0.03297091463965292
-0.03284581587153385
-0.0327219391639733
-0.03259885348735657
-0.03247712029108775
-0.032356773828684196
-0.03223776207402409
-0.03212003476354115
-0.03200319803055781
-0.03188762478952639
-0.03177327631117523
-0.03166052520553584
-0.03154883278868687
-0.0314382591592727
-0.03132911193569284
-0.031221146068512153
-0.031114567097245863
-0.03100925658183277
-0.03090536674932222
-0.030802845723368485
-0.030701725470501786
-0.03060191420218815
-0.030503154564283635
-0.030395483996703537
-0.030299310471573897
-0.03020439049769641
-0.030099877229479717
-0.03000753010773583
-0.02991673163964767
-0.02982743786330489
-0.02973963300783522
-0.029652934421249003
-0.029556429606201796
-0.02946097870876038
-0.02936640485534672
-0.029272780619061713
-0.029179931082313943
-0.029088039673507593
-0.02899723102795416
-0.028907579045801095
-0.028818209833856495
-0.028729575832943444
-0.02864186323609552
-0.028554891088198205
-0.028468773665193407
-0.02838340725568213
-0.028298924248169148
-0.02821535745552217
-0.02813227364865731
-0.028049890657760028
-0.027968362339660484
-0.027887411305389836
-0.027807423542096147
-0.02772803206228738
-0.02764921924103942
-0.027571006149789554
-0.02749333562331964
-0.027416191494758803
-0.027339610924263305
-0.02726361845188987
-0.027188196414505227
-0.027113260749671842
-0.02703925138889804
-0.02696586770081769
-0.02689310119694825
-0.02682097608418345
-0.026749318515260998
-0.026677952055549844
-0.026607122589765116
-0.02653690611212459
-0.026467374419721006
-0.02639900971061939
-0.026331452678298405
-0.026264741718993425
-0.026198560039161583
-0.026132929600079877
-0.026067865512433144
-0.026003427122220483
-0.025939252636077433
-0.025875643282281938
-0.025812434970388726
-0.02574959988996255
-0.025687361359063497
-0.02562573507031096
-0.025564286243109472
-0.025503286403042662
-0.025443060290708506
-0.02538303959630364
-0.025323574829898544
-0.025270499714835557
-0.025214204142145556
-0.0251576424332123
-0.025100948505340247
-0.025044868498871622
-0.024989137072940083
-0.024934272498302136
-0.02488014523365311
-0.024826621278198905
-0.024773779994660634
-0.024721385733971864
-0.024669282525229076
-0.024617318873867148
-0.024565998911561467
-0.024515117868611255
-0.02446482954629271
-0.02441493780324794
-0.024365600142181632
-0.02431665920108494
-0.02426827273747661
-0.024220198923717136
-0.024172399326229645
-0.02412531422415522
-0.024078630484831054
-0.024032290577629754
-0.02398647116721984
-0.023940901128935637
-0.023895772924793588
-0.023851283646391167
-0.02380718495745755
-0.023763397905275086
-0.023719985789837833
-0.023677198385317826
-0.023634624039798782
-0.023592485762548476
-0.023550641858784294
-0.02350950427830017
-0.023468654495009022
-0.023428093365741167
-0.02338797503742448
-0.023348208837899048
-0.023308990819383864
-0.02327017563869663
-0.023231716033247193
-0.023193891285817204
-0.023156286997302725
-0.023119167695668345
-0.02308240651643415
-0.023046088056448432
-0.023010119521216964
-0.0229745406616503
-0.022939426350393654
-0.022904670110410846
-0.02287021542742842
-0.022836383758824866
-0.02280291709982779
-0.022769764292690692
-0.022737231305967134
-0.022705226775340197
-0.02267375809534057
-0.0226423444719076
-0.022611420895989852
-0.02258072893532813
-0.02255038343599925
-0.02252054783200643
-0.022491043855131926
-0.02246203894842198
-0.022433424295072623
-0.022404977735698786
-0.02237700186164203
-0.022349289737036638
-0.02232199124975355
-0.022295331190009492
-0.022269004954594888
-0.022242866820700355
-0.022217027854836934
-0.022191308035303055
-0.022166056231583547
-0.022141111630847178
-0.022116452865520508
-0.022092189740640325
-0.022067966566183865
-0.022044027233053026
-0.022019984712326666
-0.021996027344617513
-0.021972415411539818
-0.02194909941943956
-0.021925988314150303
-0.0219032403929964
-0.021880697944548652
-0.021858395895081578
-0.021836486370931406
-0.02181496225505019
-0.021793952003396806
-0.021772979631474763
-0.021751990686639293
-0.021731829285301332
-0.02171210629913962
-0.021692498220757403
-0.021673234512973153
-0.021653772515361044
-0.02163503852410132
-0.021616796374735233
-0.021598945964538433
-0.021581048630018383
-0.02156391562488504
-0.021547349491036264
-0.021530844533793003
-0.021514676742666366
-0.021498811129881865
-0.021483830402369706
-0.02146859472883171
-0.02145349300129855
-0.021438993555968778
-0.02142477735251639
-0.02141080948670182
-0.021397189223897897
-0.02138404156629371
-0.021371204315596238
-0.021358794191503626
-0.021346829076465186
-0.02133515310242098
-0.021323747847138707
-0.021312535327250116
-0.02130179865094399
-0.021291321149596705
-0.021281359550787787
-0.021271810877042226
-0.02126249086971955
-0.021253215084304077
-0.02124398355020347
-0.021235165206935094
-0.021226835317183355
-0.021218888717729843
-0.021211211409400098
-0.02120385859928904
-0.021196634868109628
-0.021189921784973764
-0.02118349710658584
-0.021177332136831123
-0.021171648240815775
-0.021166084626601033
-0.021161181833341012
-0.021156319839354794
-0.021151705754906474
-0.02114742605276009
-0.021143534675989128
-0.021139790771773623
-0.021136324746640466
-0.021133127601768092
-0.02113016730996456
-0.02112756269565655
-0.02112501333921068
-0.021122781084138
-0.0211210084859767
-0.021119284495538675
-0.021117909734235454
-0.021116757056290306
-0.021115770213768374
-0.02111513446268869
-0.0211145132228598
-0.021114284599204537
-0.021114303572019332
-0.02111458109777192
-0.021115160143384826
-0.021115861117984396
-0.021116626281826416
-0.02111784069993344
-0.021119265095820364
-0.021120924406996488
-0.021122865257380257
-0.021124751860008503
-0.021127008457005634
-0.021129086006334775
-0.021131715972957935
-0.02113465428401374
-0.021137545417219773
-0.021140911710738067
-0.021144244127957883
-0.021148124451587497
-0.021152048602845915
-0.021155874521750665
-0.021159879140235052
-0.021164209684849066
-0.02116911255196513
-0.02117404151520245
-0.02117941936741714
-0.021185012896613627
-0.021190793033461018
-0.021196518115662942
-0.02120241735560287
-0.021208548246647745
-0.021214767244466172
-0.02122103882437436
-0.02122770122277864
-0.02123440325392821
-0.021241044837865927
-0.021247511415772736
-0.021254236377532557
-0.021260793515548077
-0.021267281683387637
-0.02127370250513118
-0.021280542485718337
-0.02128740904445599
-0.02129419550038714
-0.021301309775480545
-0.021308428876520076
-0.021315785249900125
-0.021323323381248094
-0.021330739395179946
-0.02133841168269792
-0.021346555868156897
-0.021355076182545573
-0.02136359725118867
-0.0213724838357399
-0.02138169482960497
-0.021391150043002554
-0.02140081062476975
-0.02141083048250967
-0.021421050053587614
-0.02143163653690108
-0.021442644302732718
-0.02145396772508304
-0.021465670605889095
-0.02147752588439536
-0.02148995064562078
-0.021502689269225904
-0.021515835397920208
-0.021529360736109542
-0.02154337337011884
-0.02155771305565257
-0.02157237920166701
-0.02158752927329135
-0.021603167349415826
-0.021619193331091455
-0.02163563378948358
-0.02165248847141952
-0.021669850711681055
-0.021687554224407803
-0.02170564339202097
-0.021723980355862236
-0.021742752860764776
-0.021761916548998134
-0.021781512918382952
-0.021801437057372548
-0.02182171225777627
-0.02184248320512366
-0.02186347345558714
-0.02188485064202901
-0.021906573181103
-0.021928749210519457
-0.021951223990475985
-0.021973851711697752
-0.021996798607921683
-0.02202002283864081
-0.022043329916881113
-0.022066862183458474
-0.022090813436300812
-0.02211512349031521
-0.022139806670008286
-0.02216472015268796
-0.022189913701230923
-0.022215523139140946
-0.02224131362945407
-0.022267517004991858
-0.022293544722783463
-0.02232025910839394
-0.0223471463995885
-0.02237450845562795
-0.022402267513563452
-0.022430273362916968
-0.022458467104713664
-0.022487353624857407
-0.022516529364940238
-0.022545933721115838
-0.0225757944927067
-0.02260582476426698
-0.02263612644143976
-0.022667073762022625
-0.022698164919848714
-0.0227296436048373
-0.022761506192929718
-0.022793553816741342
-0.022825689928513488
-0.022858060448364765
-0.022890691635919058
-0.022923887199713847
-0.022957418998816738
-0.022991202852760264
-0.023025412170767673
-0.02305974102342205
-0.02309463386630633
-0.023129704160502782
-0.02316528526485537
-0.023201190633956065
-0.023237267606042573
-0.023273871289639834
-0.023310793813277584
-0.023348090257244578
-0.023385763970822093
-0.023423728403220302
-0.023462371699532112
-0.02350115410101561
-0.02354041363467202
-0.023580234445807955
-0.02362053910958475
-0.023661289420141302
-0.023702369667810818
-0.023743939410290966
-0.02378564328278229
-0.02382808076190361
-0.02387094050063967
-0.02391408070933514
-0.0239573156131437
-0.024001248547647378
-0.02404562714777379
-0.024090309300088885
-0.02413553087643617
-0.024181290659144837
-0.024227530835643336
-0.024274291995779355
-0.024321588525563126
-0.02436922678626542
-0.02441750013232148
-0.024466229371224175
-0.02451536095322513
-0.024564886167785037
-0.024615073755799226
-0.024665718854829547
-0.02471684771090675
-0.024768534632520902
-0.024820619843265498
-0.024873106808965612
-0.024926122253955445
-0.024979621676110304
-0.025033558242405954
-0.025087922193305703
-0.025142859429957615
-0.02519830224122804
-0.025254218449246277
-0.025310595955529053
-0.02536747150244172
-0.025424844875776034
-0.025482697672840088
-0.025541060160118492
-0.025599907296194872
-0.025659265936070996
-0.025719141157240517
-0.025779544367283472
-0.025840477853572564
-0.02590192735233377
-0.025963882736947493
-0.02602636696898449
-0.02608939094658666
-0.02615295228266237
-0.026217062371279302
-0.0262817193994212
-0.026346935506609496
-0.026412713579446127
-0.0264790403370921
-0.02654593308730602
-0.026613392619086965
-0.02668145886775237
-0.026750101444685755
-0.026819295672846133
-0.026889100102485027
-0.026959504346459228
-0.027030553698295323
-0.027102208413429557
-0.027174427965345336
-0.027247292585936923
-0.027320711281024347
-0.027394681935563547
-0.02746944909477127
-0.02754473577130806
-0.027620799603905344
-0.027697516915411762
-0.027774759608842063
-0.02785280295529328
-0.027931418545976625
-0.02801069239781128
-0.028090643403482437
-0.028171292990295877
-0.028252598378065055
-0.028334607577174296
-0.028417297005429127
-0.028500705650413904
-0.02858483013131649
-0.028669669604702505
-0.028755227946986553
-0.028841508249904654
-0.028928522054071436
-0.02901628984903859
-0.029104774123466282
-0.029194036763320632
-0.02928406210070118
-0.029374853861871927
-0.029466443991319313
-0.029558832941601706
-0.02965196042375734
-0.029745871084183993
-0.02984056176428535
-0.029936043813801317
-0.03003231426902236
-0.03012951775346343
-0.03022738799113492
-0.030326103753978616
-0.030425666457697054
-0.030526078055097956
-0.030627351319010145
-0.03072950788568706
-0.030832508636481015
-0.030936455952520314
-0.03104132319408144
-0.031146959613983366
-0.03125350595123866
-0.03136097192409381
-0.03146936979228615
-0.03157870460070623
-0.031688986384383076
-0.031800220495636376
-0.0319124470634952
-0.03202564187627773
-0.03213980861903304
-0.03225499450311436
-0.032371185474848685
-0.032488395198564904
-0.03260665391739077
-0.032725938744872805
-0.032846263757016624
-0.032967663739732485
-0.0330901063793931
-0.033213620294209545
-0.03333820987789294
-0.03346386113679907
-0.033590591527379504
-0.0337184326115615
-0.03384733091934663
-0.03397733607072273
-0.03410843670778652
-0.034240657624163194
-0.03437399732764904
-0.034508608969025655
-0.03464425813705267
-0.03478115911463069
-0.03491904958257186
-0.03505819976338158
-0.035198539539406166
-0.035340072341190215
-0.0354828481194049
-0.03562696264464037
-0.03577231167782162
-0.03591895370175501
-0.03606673344131931
-0.03621578676818288
-0.03636623406715788
-0.0365179705454593
-0.0366710337488948
-0.036825551076615524
-0.03698114640864778
-0.03713812921801932
-0.03729653410893631
-0.03745648227147547
-0.03761781707550433
-0.037780552177289956
-0.03794467004857776
-0.038110088581847605
-0.038277183460146594
-0.038445674104249004
-0.03861551981752148
-0.03878685981156508
-0.03895950444538457
-0.03913368447426536
-0.039309527939550844
-0.03948662233406095
-0.039665315020396615
-0.03984563009205076
-0.040027636113237175
-0.04021110554390067
-0.040396144753586175
-0.040582774464969586
-0.04077111769215126
-0.04096493159653165
-0.04116148270718632
-0.04136000849324662
-0.0415604851881677
-0.04176284669619914
-0.04196224770592337
-0.04216815858122607
-0.042376025592605185
-0.042585861052397644
-0.04279768013539555
-0.04301161487720372
-0.043227634263274244
-0.04344578212669061
-0.04366608419860092
-0.04388856798321679
-0.044113299043705846
-0.0443402979042953
-0.044569607845852066
-0.04480125094613124
-0.04503527285064291
-0.04527170545381927
-0.045510616449839635
-0.045752042093591454
-0.045996052509857666
-0.04624262545563652
-0.04649180048629089
-0.04674369871421062
-0.046998263783302824
-0.0472555775781891
-0.04751568310797625
-0.04777861991152689
-0.04804444039013371
-0.04831321019900668
-0.048584993213103965
-0.048859793769781286
-0.04913766395666021
-0.04941866329011847
-0.04970287412697529
-0.0499903348038149
-0.05028117911410001
-0.05057541537780913
-0.05087311361815991
-0.051174338908539556
-0.051479136509040596
-0.05178760414167688
-0.05209979402019699
-0.05241577693905118
-0.05273563278212
-0.05305943035367956
-0.05338721927247254
-0.053719101822949124
-0.054055153488451885
-0.05439546198234121
-0.054740094733093575
-0.055089135337701385
-0.055442676084786084
-0.05580082149895151
-0.05616343165389103
-0.05653069335478878
-0.05690283532454098
-0.05727994637885116
-0.057662185521437266
-0.05804962403611847
-0.05844238331160631
-0.058840593615357505
-0.05924432694817579
-0.05965369114800123
-0.06006884713438968
-0.060489910665927876
-0.06091703447936492
-0.061350355374847926
-0.06179001121642409
-0.06223614111206794
-0.06268889807821922
-0.06314846280488963
-0.0636149665123519
-0.06408855688830674
-0.06456947103617974
-0.06505777459903515
-0.06555371127262094
-0.06605750308699823
-0.06656928125131119
-0.06708926904587283
-0.06761767806602051
-0.0681547393493798
-0.06870067296567252
-0.06925571911038503
-0.06981997646447613
-0.07039368132122888
-0.07097710799114647
-0.071570543760569
-0.07217428091697792
-0.07278859374323615
-0.07341377855370364
-0.07405012925740345
-0.07469796133620264
-0.07535760597174646
-0.0760293950093761
-0.07671366799376145
-0.07741080750857586
-0.07812116275403515
-0.07884512822318872
-0.0795831064726133
-0.08033552837665517
-0.08110284223751191
-0.08188548848603339
-0.08268393562542786
-0.08349867554483222
-0.08433021986987278
-0.08517908378246863
-0.08604583419743693
-0.08693106420751617
-0.0878353628829993
-0.08875934705498971
-0.08970367790610095
-0.09066904992581888
-0.09165616669062665
-0.09266579541349336
-0.09369870317619729
-0.09475570478412784
-0.09583766563844621
-0.0969454716359413
-0.09808005985836851
-0.09924241641904019
-0.10043357046733942
-0.10165461175039658
-0.10290666458472132
-0.10419090759510281
-0.10550858251444632
-0.10686115809535812
-0.1082499053603165
-0.10967618982830679
-0.11114153445098866
-0.11264754268400004
-0.1141959021444225
-0.11578839470193547
-0.1174268936834993
-0.11911337577269517
-0.12084992397654305
-0.12263873871055933
-0.12448214364795494
-0.12638259408820252
-0.12834268644674718
-0.1303651668141094
-0.13245294197518478
-0.13460909330956225
-0.1368368816063698
-0.1391397658091306
-0.14152141523802275
-0.1439857248909849
-0.14653682999152393
-0.14917912529509653
-0.1519172840398937
-0.15475628627987292
-0.1577014205151189
-0.16075832437422793
-0.16393300669282365
-0.16723187476080908
-0.17066176984817882
-0.1742299942037414
-0.17794435236777284
-0.18181318698310178
-0.18584542092994943
-0.19005061915722532
-0.19443902761598675
-0.19902163063282052
-0.2038102168015676
-0.20881744035222685
-0.21405690183009718
-0.21954322839441484
-0.22529216293764662
-0.23132066055574335
-0.23764699639196174
-0.2442908907857019
-0.25127363558145266
-0.25861824277122764
-0.26634933076694195
-0.2744939777711042
-0.28308144173066074
-0.2921434059750774
-0.30171420824279116
-0.31183128122692005
-0.32253536072630873
-0.3338708318423802
-0.3458861136819063
-0.35863425699749985
-0.3721730178504534
-0.38656577144790516
-0.4018820084604841
-0.4181980449544182
-0.43559781587998464
-0.4541737779398677
-0.47402793905982643
-0.4952730346080346
