-0.4994562974596075
-0.39499510288643147
-0.3152805327267549
-0.2543528276807895
-0.20769550903071451
-0.17188452723914183
-0.1443230213633021
-0.12304071912219869
-0.10654214654841927
-0.09369173538619895
-0.08362683460341308
-0.0756917968078765
-0.06938804899403563
-0.0643362360023765
-0.06024752581717679
-0.05690184104962574
-0.054131346508047656
-0.051807911631836734
-0.049833607812038126
-0.04813347794345086
-0.0466500568878173
-0.04533919230209671
-0.04416688661022774
-0.0431068862712767
-0.04213884906824333
-0.041246956340662666
-0.040418845851275885
-0.03964480455549712
-0.03891716116336227
-0.03822980462853939
-0.03757783361685593
-0.03695728244665228
-0.03636491051960933
-0.03579804289173565
-0.035254449542493516
-0.03473224726833801
-0.03422983047760417
-0.033745814229613244
-0.03327899093310499
-0.032828294293505506
-0.032392779562104214
-0.03197159685546983
-0.031563979714674874
-0.03116922692331395
-0.03078669643507355
-0.03041580120978018
-0.030055993597739104
-0.029706766215178943
-0.02936764549758469
-0.0290381872979026
-0.02871797671408813
-0.028406619762305508
-0.02810375023700926
-0.027809019399988068
-0.027522099497530074
-0.027242684727491195
-0.026970480615766096
-0.0267052012091863
-0.026446585223895168
-0.026194381581911078
-0.025948351144344288
-0.025708264767320688
-0.025473908394880267
-0.025245076763367378
-0.025021571802989077
-0.024803209975920757
-0.024589809786124302
-0.024381203919396535
-0.024177228514596444
-0.023977727440755305
-0.02378255040057711
-0.02359155542764131
-0.023404600477550316
-0.023221558442975684
-0.023042312360592416
-0.022866745109181106
-0.022694728075187562
-0.02252616450449647
-0.022360933897977053
-0.022198946944395274
-0.022040105075788723
-0.021884317554648078
-0.02173149338808527
-0.021581538640977935
-0.021434379270053757
-0.02128993032034227
-0.021148115347891627
-0.021008866057923282
-0.020872108060287976
-0.0207377646277086
-0.020605770722435742
-0.020476059149951112
-0.02034856652685101
-0.020223238625068807
-0.020100016970718886
-0.019978850218777062
-0.019859700093425497
-0.019742502096490075
-0.019627221612003743
-0.019513806797140657
-0.0194022120929487
-0.019292399968323156
-0.01918432735856041
-0.019077953708215713
-0.018973236236978077
-0.0188701413176851
-0.018768623573582416
-0.018668648100888356
-0.01857016135842243
-0.01847313879305716
-0.01837754636606268
-0.01828334195076023
-0.018190502718113965
-0.018099004441117207
-0.018008779257216764
-0.017919795655138078
-0.01783200657857529
-0.01774539020958538
-0.01765990470997272
-0.017575550581239094
-0.017492327119955877
-0.017410230317017
-0.017329268575086182
-0.01724945794445809
-0.017170757708158763
-0.01709292569366176
-0.017016408741508057
-0.016940593282641553
-0.01686564413106063
-0.016791727437490248
-0.01671879399628751
-0.016646830014827935
-0.016575796180818673
-0.01650563953192231
-0.01643632497882826
-0.01636783988614698
-0.01630015319226679
-0.016233294257289366
-0.016167253774023053
-0.016102030860022716
-0.01603762092580371
-0.015974012821552558
-0.01591118928445707
-0.015849130621614308
-0.015787817693042622
-0.015727236874421173
-0.015667359746491447
-0.0156081719497928
-0.015549677419440371
-0.015491838382540543
-0.015434594989759654
-0.015377918952968373
-0.015321784534072524
-0.015266169954856808
-0.015211061710811576
-0.015156473880872882
-0.015102389270252066
-0.015048834131322394
-0.01499581250591226
-0.014943326620680005
-0.014891391944386462
-0.014840012409942678
-0.014789178206388963
-0.014738869951589783
-0.014689117715367475
-0.014639890817310633
-0.014591192602262425
-0.014543000754548173
-0.014495322786990424
-0.014448161445115605
-0.014401490415850595
-0.014355317463093646
-0.014309647150121264
-0.014264464848668218
-0.014219783225369428
-0.014175575153011584
-0.014131863564629624
-0.014088608037739335
-0.014045824339793879
-0.014003504551639838
-0.013961622383751194
-0.01392020655733303
-0.013879242622830095
-0.01383869843976373
-0.01379858871203294
-0.013758918583903917
-0.013719689911055438
-0.013680904039217026
-0.013642539014392968
-0.01360461183297508
-0.0135671090341675
-0.013530034852851298
-0.013493393794667033
-0.013457161722080323
-0.01342135200691848
-0.013385918296207997
-0.013350898405285841
-0.013316292047983982
-0.013282120064969496
-0.013248338104677614
-0.013215009044168535
-0.013182084112908948
-0.013149612022182561
-0.013117503478000612
-0.013085565630368131
-0.01305340450319477
-0.01302066502148779
-0.012987279095287439
-0.012953800570244811
-0.012920761520682784
-0.01288837820088807
-0.0128566732882168
-0.012825522207546949
-0.012794893967675827
-0.012764726090049423
-0.01273493929795822
-0.012705500016675175
-0.012676214797444239
-0.012647308323185709
-0.012618631747690137
-0.01259008298398216
-0.012561764246009544
-0.012533598027817394
-0.012505609985015095
-0.012477723349467904
-0.01245003739278637
-0.0124225151525385
-0.01239519724964675
-0.01236805449739428
-0.012341057214872428
-0.01231428926035777
-0.012287752286399965
-0.01226136485231642
-0.012235088344604409
-0.01220919946827985
-0.01218351049350089
-0.012157947611199767
-0.012132636776916115
-0.012107488019818334
-0.01208257896535887
-0.012058021839178304
-0.012033567536133022
-0.012009300289646897
-0.011985405278753131
-0.011961668666311738
-0.011938004793658478
-0.011914465269380253
-0.011891260395691319
-0.011868127679273253
-0.011845155740959035
-0.01182245441392647
-0.011799880426465677
-0.011777486287828355
-0.01175525611216774
-0.011733142050959832
-0.011711208085483819
-0.011689417848771238
-0.01166779354501323
-0.01164631391475664
-0.011625008757836189
-0.011603839441545518
-0.011582844610700933
-0.011562003326533603
-0.011541368051379914
-0.011520823346764273
-0.011500432481098275
-0.011480202942466544
-0.01146015372314562
-0.011440193755334638
-0.011420475061480287
-0.011400915971879571
-0.011381525264629773
-0.011362323993294152
-0.01134333949535362
-0.011324617816989629
-0.01130616523593185
-0.01128798212535315
-0.011270188255578257
-0.011252807535108758
-0.011236121358371322
-0.01121669140005047
-0.011198158236000818
-0.011179929015714877
-0.011162038235173644
-0.011144390408514122
-0.0111268947522693
-0.011109619607727269
-0.011092572140226523
-0.011075682822041771
-0.011058904747046846
-0.011042296718264974
-0.011025787348284168
-0.011009469926959479
-0.010993323016627473
-0.010977324512439789
-0.010961434669873638
-0.010945675424583003
-0.010930056238633063
-0.010914584160253475
-0.010899243415214114
-0.010883981678266517
-0.01086886526879537
-0.010853866015072386
-0.010838954131490072
-0.010824207926869594
-0.010809537971732664
-0.010794944225948318
-0.010780505821780717
-0.010766192772374946
-0.010751908101123695
-0.010737683584508648
-0.010723588101033018
-0.010709683723502509
-0.010695867679386429
-0.010682160247940681
-0.010668604228829943
-0.010655151949856508
-0.010641795204512519
-0.010628553472843826
-0.010615404212621301
-0.010602374028307222
-0.01058945227839289
-0.010576615257212686
-0.01056387865268234
-0.010551225312343798
-0.010538699049579154
-0.010526255459591339
-0.010513903859442982
-0.010501721995963276
-0.010489646952239605
-0.010477670868003379
-0.010465830429226965
-0.010454089850948738
-0.010442449171961358
-0.010430897469893851
-0.010419479685656374
-0.0104081345724549
-0.010396898544690602
-0.010385744288846293
-0.010374651337104782
-0.010363727463026964
-0.010352903167918637
-0.010342193709762798
-0.01033159093608949
-0.01032106656437636
-0.010310634052799307
-0.010300304060247576
-0.010290040567621186
-0.010279859886949115
-0.010269767628803968
-0.010259749192229592
-0.010249792104999104
-0.010239931495883465
-0.010230172409864244
-0.01022044960410337
-0.010210842951593371
-0.010201310937345996
-0.01019183310232757
-0.010182433477733515
-0.010173081112414446
-0.01016379686599332
-0.010154592895296416
-0.010145443097275749
-0.010136365822400021
-0.01012735417115233
-0.01011844067940098
-0.010109597635089179
-0.010100840105578778
-0.010092181446465221
-0.010083629120838763
-0.010075143895720591
-0.01006671775849265
-0.010058380599390251
-0.01005014982999851
-0.01004201041840685
-0.010033981254684044
-0.010026036580958634
-0.010018229509138906
-0.010010539950048379
-0.010002952928481568
-0.009995476765839598
-0.009988097056812513
-0.009980816809358483
-0.009973632511202332
-0.009966519983419962
-0.009959484209788053
-0.009952509598108618
-0.009945554392064463
-0.00993860826913476
-0.009931643903289775
-0.00992462182246618
-0.009917497122567566
-0.009910216345980513
-0.009902720669065945
-0.009894949237753544
-0.009886843581265497
-0.00987838131051521
-0.009869681829947324
-0.009862600607562014
-0.009857061611884318
-0.009850895159421013
-0.00984512133330861
-0.009839544788187956
-0.009834070321145012
-0.009828658736003268
-0.009823271347102302
-0.009817896743108514
-0.00981254115553862
-0.009807228628915568
-0.009801978659811368
-0.009796778655312232
-0.009791649891415944
-0.009786593357731554
-0.009781633344369323
-0.009776776386936295
-0.009772034797829442
-0.009767411183707542
-0.00976287308896273
-0.009758348962524184
-0.009753602036965814
-0.009748809217404808
-0.009744050090493521
-0.009739349814218756
-0.009734724037006828
-0.00973016873413234
-0.009725692506624715
-0.00972128232204243
-0.009716945403778912
-0.009712686701839068
-0.009708495544554671
-0.009704387275133708
-0.009700366023604898
-0.009696414338538108
-0.009692543997839451
-0.009688743384597518
-0.0096850194782025
-0.009681375162815288
-0.009677796935360654
-0.00967428800691378
-0.009670863890671049
-0.009667484344558382
-0.009664177523190392
-0.009660938684080066
-0.009657774043065302
-0.009654666317816555
-0.009651639966806538
-0.009648662491492982
-0.009645779012221554
-0.009642954225314929
-0.009640203280797111
-0.009637509085381888
-0.00963488802760136
-0.00963231963055352
-0.009629816275960051
-0.009627383074113123
-0.009625017362631301
-0.009622720270905978
-0.009620492561313974
-0.009618333659552405
-0.009616260890603226
-0.009614276868336057
-0.009612363392401646
-0.009610528879348677
-0.00960875964256155
-0.009607082322252103
-0.009605475849105493
-0.009603963239478087
-0.009602533346362886
-0.00960119902894097
-0.009599948361044585
-0.009598786544565604
-0.009597721287715555
-0.009596751271474059
-0.00959587610855519
-0.009595100002057304
-0.009594410694408969
-0.009593823818687244
-0.009593333370727973
-0.009592930066662645
-0.00959261258115994
-0.009592385773898676
-0.009592239028522123
-0.009592160308224002
-0.00959214453071541
-0.009592173857040212
-0.009592232728393065
-0.009592307423407739
-0.009592380978964305
-0.009592431765857916
-0.009592443085416857
-0.009592394093389646
-0.009592273825521353
-0.009592066521197951
-0.009591773358767732
-0.009591406939505253
-0.009590976168074892
-0.009590514723296311
-0.009590053608980081
-0.009589614376766165
-0.009589227407688406
-0.00958890866916042
-0.009588649670262593
-0.009588469773066212
-0.009588361431366894
-0.009588320707270405
-0.009588342785926084
-0.009588432012348226
-0.00958858097129941
-0.00958879636729895
-0.009589074007388457
-0.009589414999960738
-0.009589825674450323
-0.009590305114441153
-0.009590853070415194
-0.009591482645276537
-0.009592194442006003
-0.009592981385249933
-0.009593847543537036
-0.009594786742390123
-0.009595812395998755
-0.009596916565562663
-0.009598099686632113
-0.009599366802829086
-0.009600718762002346
-0.009602137543322299
-0.009603639533742058
-0.009605218374565785
-0.009606873793562233
-0.009608615205839457
-0.009610430873408514
-0.00961233056120183
-0.009614306348408314
-0.009616356181213951
-0.009618483868897304
-0.009620686914901918
-0.009622967190538075
-0.009625324851194031
-0.00962775812796402
-0.009630263193438631
-0.009632836625731082
-0.00963549301827813
-0.00963821559819094
-0.009641006043067082
-0.009643867191626028
-0.009646799829445375
-0.009649804089255415
-0.009652872681667344
-0.009656015759560387
-0.009659233868072608
-0.009662522852114067
-0.009665884876353132
-0.009669320188162188
-0.009672829224320913
-0.009676409189500438
-0.009680061806577166
-0.0096837888120423
-0.00968758725065741
-0.00969146391787242
-0.00969542954413345
-0.00969946195118064
-0.00970357281796113
-0.009707780839430278
-0.00971208917568801
-0.009716482436095374
-0.009720970522035946
-0.009725557949828078
-0.00973024657748536
-0.00973502655092036
-0.009739914276114519
-0.009744930991155927
-0.009750057321738018
-0.009755316592334197
-0.009760705517516283
-0.00976623543534952
-0.009771900195568119
-0.009777701617435122
-0.009783640403119957
-0.009789713792641054
-0.009795903001468641
-0.009802186451145042
-0.0098085291849936
-0.009814886168163017
-0.009821208117267182
-0.009827429850178282
-0.009833490664509203
-0.009839349509443847
-0.00984502152048827
-0.009850520601645946
-0.009855900843789643
-0.009861216244916645
-0.009866533778721633
-0.009871911099921322
-0.009877419427775569
-0.009883029856597043
-0.009888772109712366
-0.009894684044980506
-0.00990075838721648
-0.009906999590891417
-0.00991338696089222
-0.009919895521665145
-0.009926514794319245
-0.009933184694167919
-0.00993987619318873
-0.009946556215852569
-0.00995319013084577
-0.00995979085557555
-0.009966339868061199
-0.009972850313271166
-0.0099793000454902
-0.009985721665299136
-0.009992141045260621
-0.009998549054008108
-0.010004977097950597
-0.01001144753004388
-0.010017951922792836
-0.010024498963780298
-0.01003110047497482
-0.010037758242076977
-0.010044479043432985
-0.010051237006847827
-0.010058020406184483
-0.010064854214497824
-0.010071741709734872
-0.010078671161811733
-0.010085643054644013
-0.010092671049485673
-0.010099783132124195
-0.010106944096335871
-0.010114170220979527
-0.010121459124267802
-0.01012881479828642
-0.010136239646842647
-0.010143732697970104
-0.010151296843269944
-0.010158931780941375
-0.010166664122790246
-0.010174451208733466
-0.01018233216875955
-0.01019031107076312
-0.0101983961013738
-0.010206611682956501
-0.010214960344999831
-0.010223488936586884
-0.010232176886514066
-0.010241091810236278
-0.01025022341104127
-0.010259613937653492
-0.010269253191839888
-0.010279159972853889
-0.010289310734482589
-0.010299694278779957
-0.010310329528561821
-0.010321128260995039
-0.010332080909382164
-0.01034318409170296
-0.0103543810025384
-0.010365634205319182
-0.010376923427353257
-0.010388236087054189
-0.010399583547725926
-0.010410968966860711
-0.01042238536523252
-0.01043384284563106
-0.010445349796951338
-0.010456919780912573
-0.010468536812833554
-0.010480242273961283
-0.010492017401213262
-0.01050388355836184
-0.010515849205106466
-0.010527926506325324
-0.010540106555019284
-0.010552375174416597
-0.010564770348153705
-0.01057727183394632
-0.010589887467858158
-0.010602622184681975
-0.010615474777672818
-0.0106284440385263
-0.010641533234209796
-0.010654742194193736
-0.010668066406256602
-0.010681492572970977
-0.010695032869831195
-0.010708702044727061
-0.010722476866011469
-0.010736367737622217
-0.010750369181131003
-0.010764471287946525
-0.010778682980288853
-0.010793003502877773
-0.010807441479944562
-0.010821927535229202
-0.010836496708026808
-0.01085124423420068
-0.010866062753894588
-0.010880982008933667
-0.010896009741129769
-0.010911146707657936
-0.010926393277205211
-0.01094175260590538
-0.010957190608479543
-0.010972743765935275
-0.010988385033924566
-0.01100421636577454
-0.01102009591617854
-0.011036084369373115
-0.011052174310256426
-0.011068360961132043
-0.011084661708597447
-0.011101045737265173
-0.011117557073704746
-0.011134150493456063
-0.011150929932013087
-0.011167755994419422
-0.01118475295806033
-0.011201877420002396
-0.01121910943252718
-0.011236461061432095
-0.01125394333112219
-0.011271559787299138
-0.011289302339722284
-0.011307174395871401
-0.011325180664925324
-0.011343308594448409
-0.011361579957736602
-0.011380002290887082
-0.011398562980439035
-0.011417281147018033
-0.011436135649178163
-0.011455123157881919
-0.011474279102261018
-0.011493588277471265
-0.011513032037577866
-0.01153263116364627
-0.01155236660633982
-0.011572271229828521
-0.011592318863652758
-0.011612605248416277
-0.01163295809481993
-0.011653557513487876
-0.01167431177588554
-0.011695165836175051
-0.011716194932396316
-0.011737427703081414
-0.011758799594988796
-0.011780346760697993
-0.011802142784258625
-0.011824052100411476
-0.011846143003238975
-0.011868410892870171
-0.011890855642908876
-0.011913553369663023
-0.011936430188892495
-0.011959487417373928
-0.011982694157432168
-0.012006139001315278
-0.012029768392104654
-0.012053601989147272
-0.012077637400157765
-0.012101838209442314
-0.012126253343068829
-0.012150861772289153
-0.01217564797335994
-0.012200630139478356
-0.012225820913257138
-0.012251213513675252
-0.012276802248758163
-0.012302593290227941
-0.012328585886221537
-0.012354779029036204
-0.0123811777131984
-0.012407788827556963
-0.012434608698038798
-0.01246163700948842
-0.012488885849011502
-0.012516367002477692
-0.01254411661123859
-0.012572133103922755
-0.01260045471746188
-0.01262911588014231
-0.012658172480454501
-0.01268772406247435
-0.012717886836260045
-0.012748845513409636
-0.01278091116784521
-0.012815240250936789
-0.012843634499378196
-0.012874082921848795
-0.01290451992308513
-0.012935330542360778
-0.01296648827849478
-0.012997977873380515
-0.013029794455947699
-0.013061931856018522
-0.013094385245110425
-0.013127151681554022
-0.01316023519322634
-0.013193632921934994
-0.013227340627784932
-0.013261360775372528
-0.013295702627734279
-0.013330362492838982
-0.013365351486100248
-0.013400667555459428
-0.013436314203487771
-0.013472299334564028
-0.013508625123488084
-0.013545300810390739
-0.013582327713410482
-0.013619709755755072
-0.013657457488157315
-0.013695574054511602
-0.013734066468434237
-0.013772937965315226
-0.013812192976916233
-0.01385184155226606
-0.013891878654349266
-0.013932317650910334
-0.01397316276938415
-0.014014420565468389
-0.014056098558418098
-0.014098219610563241
-0.014140776791392093
-0.014183775958996241
-0.014227225841650955
-0.014271122497667233
-0.014315472467607483
-0.014360270819658403
-0.014405513517312977
-0.01445122413827269
-0.01449741130480141
-0.014544086194598696
-0.01459125637313918
-0.014638928247206561
-0.014687111579838654
-0.01473581461510915
-0.014785051401941635
-0.014834826090610672
-0.014885149196983652
-0.014936027060231017
-0.014987469023465223
-0.01503948578750488
-0.015092084324123076
-0.015145273027959918
-0.015199057931761259
-0.015253437490751209
-0.015308435666035462
-0.01536404317114148
-0.015420288214206832
-0.015477164430374892
-0.015534683568164363
-0.015592854406724888
-0.015651691973627504
-0.015711208692516854
-0.015771417421920387
-0.015832328238341558
-0.015893928619612006
-0.015956247310944964
-0.01601929378391918
-0.016083082334757855
-0.016147629195127033
-0.016212945548364693
-0.016279044737534852
-0.016345943467393022
-0.016413657911200343
-0.016482206378567142
-0.0165516094915796
-0.01662189530825306
-0.01669307269657069
-0.01676515008124314
-0.01683816896408455
-0.016912126940356965
-0.016987038890404114
-0.017062930063311634
-0.017139817385180948
-0.017217724878070866
-0.01729666903725877
-0.017376675172346232
-0.01745776162609019
-0.01753995163283688
-0.01762326796954192
-0.01770773087040046
-0.01779336497424894
-0.017880191053215772
-0.017968232200139145
-0.01805751463288224
-0.01814807117426046
-0.018239925322640557
-0.018333109825487772
-0.018427659710753455
-0.018523607050377977
-0.018621000695434934
-0.01871984986170378
-0.01882020702980474
-0.018922125725833232
-0.019025657090597132
-0.019130834526040422
-0.019237656199102216
-0.019346142776297415
-0.019456335764801602
-0.019568278259038823
-0.019682037754330417
-0.019797657293133857
-0.019915198958706
-0.020034722171283804
-0.020156277712149638
-0.020279926154985407
-0.02040571908278657
-0.020533712741720264
-0.020663970800916788
-0.020796545664878534
-0.020931513382274704
-0.021068936827733007
-0.02120887221613199
-0.021351617230756268
-0.021496952128780937
-0.02164502429721291
-0.02179593122224837
-0.021949744740418418
-0.022106555760126503
-0.02226646544428799
-0.022429566640003725
-0.022595962269183395
-0.022765754943793497
-0.02293905308929016
-0.02311596960651235
-0.023296622231638846
-0.023481124011453566
-0.023669597186406745
-0.023862184890670195
-0.024059017649985637
-0.0242602067953955
-0.024465899081199862
-0.02467625950404467
-0.02489144325111714
-0.02511162774945714
-0.025337107510216072
-0.025568036634234282
-0.025804609834548988
-0.026047029491534326
-0.026295518011581445
-0.02655030785807289
-0.026811637249395472
-0.027079758840638353
-0.027354952266277547
-0.02763750744001985
-0.027927730610925076
-0.02822594034439002
-0.028532470715606457
-0.02884767739800328
-0.029171938879757317
-0.029505658714893832
-0.029849271726113194
-0.030203229798227295
-0.03056802965040015
-0.030944193315734003
-0.03133228281690944
-0.031732901435134256
-0.03214672710362532
-0.032574455014558266
-0.03301689332486785
-0.033474927695239194
-0.033949537385045594
-0.03444181944522414
-0.03495301372564313
-0.035484540656681995
-0.036038041506253324
-0.03661543640799287
-0.037218995977059584
-0.03785143679768476
-0.038516040688904025
-0.03921681837326419
-0.03995871651335358
-0.040747889332396335
-0.04159205589941255
-0.042500968102902326
-0.04348702663384306
-0.04456608316271434
-0.04575850112384346
-0.047090546594381506
-0.04859622675133199
-0.050319679194577534
-0.05231833468092726
-0.0546670926421851
-0.05746380438120799
-0.06083648212035504
-0.06495281794223959
-0.0700329596256292
-0.07636525357350829
-0.08432883815491682
-0.09442209477701875
-0.10730053529000252
-0.12382680946038432
-0.14513672192437144
-0.17272639340953982
-0.20856741373156482
-0.2552589462800428
-0.3162291158354132
-0.3960007897966662
-0.5005437025403925
