-0.5024034456178716
-0.4808507656021562
-0.4606956508025395
-0.44182740888306454
-0.4241456805700001
-0.40755932413140855
-0.39198543625877846
-0.37734849135563103
-0.36357959083134034
-0.3506157741553369
-0.33839943860545385
-0.32687781069624783
-0.3160025510967835
-0.3057291989009851
-0.2960169035800891
-0.28682806857783155
-0.2781280545823494
-0.26988491344409005
-0.26206915115372775
-0.25465351505406614
-0.24761279584855453
-0.2409236563106619
-0.23456447546810882
-0.2285152034805435
-0.22275723626200758
-0.21727328757294215
-0.2120472933376404
-0.20706431153372087
-0.20231043181818653
-0.19777269857674298
-0.19343904146362323
-0.18929818613882116
-0.18533961786443395
-0.18155351691311206
-0.17793071434070962
-0.17446272643926175
-0.17114153456135706
-0.1679596520429503
-0.164910051550112
-0.16198615129423172
-0.15918176541671486
-0.15649110848607617
-0.15390872302151262
-0.15142950692195406
-0.14904866805811343
-0.14676167066822485
-0.14456424211485053
-0.14245240399576867
-0.14042236992716886
-0.13847054448865997
-0.13659358697209842
-0.1347883544298566
-0.13305188449949373
-0.13138139137806082
-0.12977423179786582
-0.1282279706354874
-0.12674025163152008
-0.1253087451941022
-0.12393147696613792
-0.1226064940025742
-0.12133194182268989
-0.12010603942207734
-0.11892715325462092
-0.1177936969457221
-0.1167042311453091
-0.11565737945389187
-0.1146516401391568
-0.1136857551755938
-0.1127585637267843
-0.11186894787114525
-0.11101583121582877
-0.11019823993479233
-0.10941512141700781
-0.10866576612018058
-0.10794928898282559
-0.10726493029392999
-0.1066118119148625
-0.105989270778934
-0.10539660719308479
-0.10483325845056668
-0.10429858653443422
-0.10379201052593998
-0.1033131043780834
-0.1028612787557678
-0.10243613445592029
-0.10203731540899846
-0.10166436022158531
-0.10131694125376796
-0.10099468763177921
-0.10069738184862805
-0.10042467958784683
-0.10017631596412964
-0.0999521438810313
-0.09975190657856216
-0.09957540852367668
-0.09942255637465819
-0.0992932415296257
-0.09918722331808462
-0.09910450747768303
-0.09904503828615259
-0.09900879664414272
-0.09899575264430625
-0.0990059050535056
-0.09903930044916139
-0.09909603010230214
-0.09917614658273172
-0.09927971609141412
-0.09940688601107504
-0.09955783325679203
-0.0997327045170274
-0.0999316734340871
-0.10015498218951772
-0.10040291929719392
-0.10067574581200286
-0.10097369102730193
-0.10129713260899917
-0.10164624525025427
-0.10202159396252948
-0.10242356367206712
-0.10285260553670472
-0.10330920165305268
-0.10379385601254335
-0.10430722135562844
-0.10484999511705513
-0.10542259938274633
-0.10602571026694164
-0.1066600206033819
-0.10732630409197881
-0.10802531344714257
-0.10875790783802275
-0.10952497267032887
-0.11032745711873691
-0.11116634839882418
-0.1120427031287373
-0.11295764083132165
-0.1139123139394028
-0.11490796720889977
-0.11594593931177627
-0.11702762279651867
-0.11815449987977673
-0.11932815263996313
-0.12055022277253746
-0.1218224045741708
-0.12314660554657686
-0.12452482416800328
-0.12595907868092815
-0.12745158196562106
-0.12900462136280472
-0.13062061117246632
-0.13230231600544687
-0.13405246497703818
-0.13587396127902987
-0.137769943329973
-0.13974371447391754
-0.1417987827990893
-0.14393883710921768
-0.14616784212427317
-0.14849000944199875
-0.15090981715230423
-0.15343200113612906
-0.156061639124964
-0.15880416574464312
-0.16166536341595647
-0.16465138285321654
-0.1677688152412752
-0.1710246666917223
-0.17442645930084874
-0.1779821993414503
-0.18170046591445665
-0.18559047828345113
-0.18966209004870413
-0.1939258653407375
-0.19839312826282926
-0.20307602829423135
-0.20798761942843982
-0.2131419342368385
-0.21855404378467924
-0.22424017741597976
-0.23021780710443146
-0.23650576480322927
-0.24312435317577238
-0.2500955591241462
-0.2574429999470219
-0.2651922743426201
-0.27337108355312684
-0.2820094269999065
-0.2911398239627417
-0.30079746445748756
-0.3110207185474571
-0.32185124170605256
-0.3333343728847155
-0.345519515728062
-0.3584605673606346
-0.37221639871462747
-0.3868513987644933
-0.40243608218935356
-0.41904776483702333
-0.43677137800701876
-0.4557003344100853
-0.4759375419360716
-0.49759655438212835
