-0.49989152492512967
-0.3948488716396437
-0.3146928650572331
-0.25343433623018413
-0.20653313978160906
-0.17054629539606872
-0.1428618770706887
-0.12149767895837961
-0.10494881246678454
-0.0920723077847372
-0.0819997164544543
-0.0740708633556216
-0.06778365106306497
-0.06275598957694334
-0.05869693172489371
-0.05538477124803384
-0.05265042039042424
-0.050364791664937035
-0.04842922873853721
-0.04676822488084797
-0.04532390249660192
-0.04405180308219774
-0.04291770387155604
-0.04189518985852022
-0.04096380533014541
-0.04010765528138963
-0.03931432812525314
-0.03857408520936123
-0.03787924358623412
-0.03722369515309225
-0.03660254728044422
-0.036011847304512325
-0.03544837852343882
-0.03490948762950054
-0.03439295094378671
-0.0338969354569492
-0.033419849087614376
-0.03296034141586499
-0.0325172268663206
-0.032089470365605686
-0.031676144859370516
-0.031276423817300995
-0.030889565473622555
-0.03051488548522331
-0.030151773310451303
-0.029799659743277692
-0.029458021945575712
-0.029126370058038278
-0.028804248947135486
-0.02849123745860757
-0.028186938001008688
-0.027890974900544086
-0.027602999868633
-0.027322683340399202
-0.02704971468849075
-0.02678378909446318
-0.026524633607470465
-0.026271981057725168
-0.02602558274397866
-0.02578520240797443
-0.02555061444304053
-0.025321601158816615
-0.02509796162843332
-0.024879500008211645
-0.024666027518944388
-0.024457375283226807
-0.024253371416619523
-0.024053859658103926
-0.023858673763955684
-0.02366768720248751
-0.02348074980509867
-0.02329772914033402
-0.023118490335544816
-0.022942924184064947
-0.02277091907999663
-0.022602367534643016
-0.022437154003228814
-0.02227516911389027
-0.022116309706865556
-0.021960481303423856
-0.02180759805409459
-0.021657579129026203
-0.021510350690767788
-0.02136582224386809
-0.021223919299387852
-0.021084564585077865
-0.02094768689986632
-0.020813223342836338
-0.020681117920720454
-0.020551301201371157
-0.020423711736054326
-0.020298274214537428
-0.020174949262939477
-0.020053692514908475
-0.019934452715006146
-0.019817145173704486
-0.019701727138046955
-0.01958813239460476
-0.019476310124738876
-0.019366213957536092
-0.01925781300454547
-0.019151063226534117
-0.019045930038141524
-0.018942376465006787
-0.018840365933252924
-0.01873986542349574
-0.018640847854641443
-0.01854327856627016
-0.018447101848932376
-0.018352287032878466
-0.018258839894172284
-0.018166875436319868
-0.0180762398980215
-0.017986911478134027
-0.01789880736653288
-0.01781191793937627
-0.017726186569918215
-0.017641610923648333
-0.017558146970076093
-0.017475788290895744
-0.0173945222836172
-0.017314339070172064
-0.017235215360047212
-0.017157158704351996
-0.017080130041668893
-0.017003906852968254
-0.01692895995571216
-0.016854696295552137
-0.016781260513861068
-0.016708837752363117
-0.016637378395902454
-0.01656682157669826
-0.01649717680902288
-0.016428413450515447
-0.01636049296677294
-0.016293383854252188
-0.016227079446360503
-0.01616156368406944
-0.016096822639139644
-0.01603283585788093
-0.015969597542746683
-0.015907093520074782
-0.01584530530663148
-0.01578422111423476
-0.015723834384718246
-0.01566414202814812
-0.01560512287725895
-0.015546792957732399
-0.015489175504389897
-0.01543222127787074
-0.015375912170801927
-0.015320221917590391
-0.015265127298621495
-0.015210585732363835
-0.015156573010113673
-0.015103081098576275
-0.015050072464647206
-0.014997550282859458
-0.01494549100758723
-0.014893879802653599
-0.014842724670950751
-0.014792035382101082
-0.014741915779312158
-0.014692503139696746
-0.014643523861265556
-0.01459495818956581
-0.014546850160299638
-0.014499183340295499
-0.014451967657931598
-0.014405205506904948
-0.014358895213473387
-0.014313063089300311
-0.014267716244649188
-0.014222772022119613
-0.01417819077071906
-0.014134018579564901
-0.014090282785154071
-0.01404695620183003
-0.014004058094571531
-0.013961590010658626
-0.013919516631300964
-0.013877881143958406
-0.013836654638509534
-0.013795810714782157
-0.013755342410823561
-0.013715249775114924
-0.013675542645984431
-0.01363621465887744
-0.013597250505661395
-0.013558659119333955
-0.013520447822663817
-0.013482619873999926
-0.013445185632909971
-0.01340814221625547
-0.013371482352714464
-0.013335179959763398
-0.013299262471177685
-0.013263695866787249
-0.013228456394586606
-0.013193496421847962
-0.01315884359070541
-0.013124455864985294
-0.013090390960216322
-0.013056633227875421
-0.013023172973748049
-0.012989978299231658
-0.012957093791203455
-0.012924463079718652
-0.012892123556798472
-0.012860083588431666
-0.01282831614087209
-0.01279685442017975
-0.012765612633550645
-0.012734628557441332
-0.01270391941610418
-0.01267346739282398
-0.012643301776234041
-0.012613295450479626
-0.012583939979229556
-0.012554651737498437
-0.012525527524503996
-0.012496678620804058
-0.01246803192588104
-0.012439634284279336
-0.012411399943341304
-0.01238339967037414
-0.012355581329267559
-0.012327993004831086
-0.012300595993753579
-0.01227337499615502
-0.012246420212894057
-0.012219715820366262
-0.012193177007672694
-0.012166763426159256
-0.012140733087662777
-0.012114901675477274
-0.012089203524493428
-0.01206374967297717
-0.012038439783544087
-0.01201336545531369
-0.011988613738904622
-0.01196392193272267
-0.011939410167444741
-0.011915236388720113
-0.011891207713193979
-0.011867263240645012
-0.011843474725471842
-0.01181999992357008
-0.011796574556849784
-0.011773319180417763
-0.011750324031482162
-0.011727442588117582
-0.01170476024741455
-0.01168224465521495
-0.011659859772933915
-0.011637672206590087
-0.01161566174552304
-0.011593840290399138
-0.011572204433987293
-0.011550774217070922
-0.011529478859418244
-0.011508357115824576
-0.011487420928209629
-0.011466689095438472
-0.01144606386461434
-0.011425596915798942
-0.011405284882703388
-0.011385123083125634
-0.01136503305821759
-0.011345161400833303
-0.011325420145006228
-0.011305797643815327
-0.011286324184279389
-0.011266987696821607
-0.011247811560148396
-0.011228799832338628
-0.011209919866231523
-0.011191240651970616
-0.01117272175597438
-0.011154359150829291
-0.01113603638898981
-0.011117937853703248
-0.011099999362648836
-0.011082257633879279
-0.011064673470520934
-0.011047171667330446
-0.011029815283009493
-0.011012641286258843
-0.010995589044051691
-0.010978657767005665
-0.010961876211393442
-0.010945166973537099
-0.010928610739677066
-0.01091217434673927
-0.01089584417716911
-0.010879593842624675
-0.010863441975786717
-0.010847378925174692
-0.010831439655446456
-0.010815612719400214
-0.010799855781359653
-0.010784232735507202
-0.010768727405242443
-0.010753321640997245
-0.010738091665663703
-0.010722970652914672
-0.010707969477617487
-0.010693181492699013
-0.010678561277637751
-0.010664011969344116
-0.010649568164772985
-0.010635284406820229
-0.010621246627133355
-0.01060733816811195
-0.010593562624237891
-0.010579960623904105
-0.010566462326578836
-0.010553032265580476
-0.010539673960240683
-0.010526353569325887
-0.010513079375803928
-0.010499855795710576
-0.010486674366662221
-0.010473584962644982
-0.01046058228008221
-0.010447719491913747
-0.010434964352497404
-0.010422334408522934
-0.010409879491157428
-0.010397543051729097
-0.010385321560552847
-0.010373251207239191
-0.010361291498467868
-0.01034943475535829
-0.01033766923368077
-0.010326035769908093
-0.010314479555848981
-0.010303027339971432
-0.010291645857511958
-0.010280316016571995
-0.010269143065170674
-0.010258058088588616
-0.010247077372141294
-0.010236200839440358
-0.010225410369982896
-0.010214701904427264
-0.010204115177887638
-0.010193624639600461
-0.010183258917024195
-0.010173024224450955
-0.010162916521756098
-0.010152929007683224
-0.010143090045654621
-0.010133384184490512
-0.010123747867355598
-0.010114257323487771
-0.010104893709660572
-0.010095592691812582
-0.01008637266978786
-0.010077205977007772
-0.010068096818894225
-0.010059046997253431
-0.010050025906172091
-0.010041036668120517
-0.010032036993326823
-0.010023019355129023
-0.010013935126308307
-0.01000479132818348
-0.009995600040477335
-0.009986390904546278
-0.009977169360381243
-0.009968009110947492
-0.009958996991365609
-0.009950217910902472
-0.00994166629924173
-0.00993329717887654
-0.009925064068711565
-0.009916986117694733
-0.009909018485652041
-0.009901148982831039
-0.009893378202275451
-0.009885680836148375
-0.009878068854756662
-0.00987054477807708
-0.00986308013741725
-0.009855693214866583
-0.009848375023013388
-0.00984111510553789
-0.009833921629757506
-0.00982679060461524
-0.009819716891558859
-0.009812708713534964
-0.009805776523492647
-0.009798962470308098
-0.00979219746384455
-0.009785491615830729
-0.00977884288121438
-0.009772253547563578
-0.009765724207566407
-0.00975924011156914
-0.00975280995723421
-0.009746430827891193
-0.009740110355932962
-0.009733836890982877
-0.009727632502924084
-0.009721480742593838
-0.009715393745621295
-0.009709365397426728
-0.00970341734888424
-0.009697559555140428
-0.009691791933162287
-0.00968611521060303
-0.009680520284339205
-0.009675024794119661
-0.00966961516027792
-0.009664281045532797
-0.009659026378697243
-0.009653841027273697
-0.009648724647598727
-0.009643682439639267
-0.009638717945493593
-0.009633842074614526
-0.009629045631685419
-0.009624337718573137
-0.009619709034695657
-0.009615160824151057
-0.009610689441918467
-0.009606297739705958
-0.009601987209572777
-0.009597741199341798
-0.009593572190249419
-0.009589483545974603
-0.009585453332289265
-0.00958150220248895
-0.009577610168228872
-0.009573783543486125
-0.00957001739066448
-0.00956631804297416
-0.00956268702815342
-0.009559128396689999
-0.009555621482574094
-0.009552191398152688
-0.009548825290350295
-0.00954553653403978
-0.0095423070525349
-0.009539156575467292
-0.009536055119089287
-0.009533043795680136
-0.00953009392048152
-0.009527215145924825
-0.009524396550840936
-0.009521640854973416
-0.009518934301587872
-0.00951628431596157
-0.009513679322503946
-0.009511134673882019
-0.009508644507472715
-0.009506198447464302
-0.009503796840675094
-0.009501457047845652
-0.009499178661890524
-0.009496932155663657
-0.009494750663549227
-0.009492599795419795
-0.009490520719664074
-0.009488470083002512
-0.009486486976004361
-0.009484560367270073
-0.009482688940879247
-0.00948087000507448
-0.009479102396155771
-0.009477399917417913
-0.009475763905976297
-0.009474194781264687
-0.009472693194220356
-0.009471255263374912
-0.009469900631335139
-0.009468629579662257
-0.009467435260687048
-0.00946632862866109
-0.009465319501774342
-0.009464412707740026
-0.009463610603947422
-0.009462915619263228
-0.009462320548056301
-0.009461810372010724
-0.009461361957288077
-0.00946094552912828
-0.009460539250760779
-0.009460142717473554
-0.009459761439875983
-0.009459415906265305
-0.009459101139103244
-0.00945881903369066
-0.009458589544983942
-0.009458401710571938
-0.00945826629390688
-0.009458181192262096
-0.009458135357910425
-0.009458125114194842
-0.009458157126046337
-0.009458225429786351
-0.00945833494574757
-0.009458504924256705
-0.009458740246868777
-0.009459027483256121
-0.009459373896799827
-0.009459792112742975
-0.009460281421194741
-0.009460846815806249
-0.009461490654764386
-0.009462214175759582
-0.00946301585039244
-0.009463878402337079
-0.009464808383062972
-0.009465801088231533
-0.009466843547663622
-0.009467935365051378
-0.00946907684828378
-0.00947027999995739
-0.009471538070046194
-0.009472848788884953
-0.009474222431109307
-0.009475659995728464
-0.009477147860408892
-0.009478703090242197
-0.009480335652231739
-0.009482044318816605
-0.009483855224364257
-0.009485747394838798
-0.009487737507634257
-0.009489806313696532
-0.009491952696194274
-0.009494176484203845
-0.00949647349392787
-0.009498834715235107
-0.009501254409674482
-0.009503730124639122
-0.009506255053305063
-0.009508829138502968
-0.009511461505304512
-0.009514124118320812
-0.009516838395746387
-0.009519604682361828
-0.009522423205642571
-0.009525289202635286
-0.009528189703333214
-0.009531128584014972
-0.00953412362774881
-0.009537165585074494
-0.00954026018174067
-0.009543393361846916
-0.009546560268315607
-0.009549764617764037
-0.009553008947707544
-0.009556287035359531
-0.009559589479108168
-0.009562925075381193
-0.00956631026826213
-0.00956972322138462
-0.009573171870819975
-0.009576676457763795
-0.009580250268868634
-0.009583882319012976
-0.009587572511787058
-0.009591329941180652
-0.009595166956322726
-0.009599068724671426
-0.009603066673251228
-0.009607176328337784
-0.0096113780678672
-0.00961567974403339
-0.009620076500905845
-0.009624576971547318
-0.009629180878613626
-0.009633910310994871
-0.0096387651282987
-0.009643749519922085
-0.009648863744988275
-0.009654110148415926
-0.009659487799443636
-0.00966499491906928
-0.00967063062991264
-0.009676375410941986
-0.009682211687108325
-0.009688116197243593
-0.009694056029797848
-0.009699977258295472
-0.00970587445921532
-0.009711687449402954
-0.009717473557785882
-0.009723351861166261
-0.009729378482343192
-0.009735443498788398
-0.00974154318967325
-0.0097477014224633
-0.009753905304625901
-0.009760181549890015
-0.009766525814786124
-0.00977296051639674
-0.009779489130122125
-0.009786093118464607
-0.009792773031198609
-0.009799525898493387
-0.009806338448875363
-0.009813231942397256
-0.00982019413506515
-0.00982723531776464
-0.00983433549616265
-0.009841508676870095
-0.009848767317350302
-0.00985609627075505
-0.009863494861210244
-0.009870975024452734
-0.009878527229373183
-0.0098861458256012
-0.009893845055241176
-0.009901636586007546
-0.009909527862030783
-0.009917503191632898
-0.00992554445306937
-0.009933668927148536
-0.009941883594494194
-0.009950156945209985
-0.009958477335496742
-0.009966841219344462
-0.009975293076623792
-0.009983827604735472
-0.009992477978284633
-0.010001240495868908
-0.010010102604206744
-0.010019053562379454
-0.010028082940114489
-0.010037185828457825
-0.010046357699406486
-0.01005561302490699
-0.01006491029457751
-0.010074268464408625
-0.010083688727013266
-0.010093171492011966
-0.010102731432548771
-0.010112360803288173
-0.010122079165153777
-0.01013185484769963
-0.010141722237452624
-0.010151656429938283
-0.01016168394718627
-0.010171784586891023
-0.010181980205706917
-0.010192260951903797
-0.010202625219709294
-0.010213121495165471
-0.0102236983674138
-0.01023436334967216
-0.010245126794646625
-0.010255938399488988
-0.010266854444135304
-0.010277854629092637
-0.010288943171220507
-0.010300128948402295
-0.010311414333901366
-0.010322791871617911
-0.010334265313296752
-0.01034583097748611
-0.010357498552198747
-0.01036924493046057
-0.010381102482081251
-0.010393045691038133
-0.010405095298852534
-0.010417248027913257
-0.010429511282507749
-0.010441879321558234
-0.01045433264827575
-0.010466902339593616
-0.010479574658150078
-0.01049235427432666
-0.010505246560137824
-0.010518252146449966
-0.010531367376691265
-0.010544597847910297
-0.010557945766949432
-0.010571408745601498
-0.01058498256692796
-0.010598682958067838
-0.010612533765958719
-0.010626333661054834
-0.010640303115489613
-0.010654372280817774
-0.01066854417243619
-0.010682826301324331
-0.010697219530978195
-0.01071173254589895
-0.010726302234460638
-0.010740957054701197
-0.010755794763694964
-0.010770718005146875
-0.010785759520816653
-0.010800929728895051
-0.01081623061018053
-0.010831667432976097
-0.01084724075305426
-0.010862922530449974
-0.010878753675138757
-0.010894700732034293
-0.010910859654940874
-0.010927103818257055
-0.01094348727761503
-0.010960006771994903
-0.010976659376503488
-0.010993460006604542
-0.011010380443278704
-0.011027464618716103
-0.011044672824182913
-0.011062091482448348
-0.011079599087016162
-0.011097304573538767
-0.011115165077806933
-0.01113316041516344
-0.0111512950415035
-0.011169575081915274
-0.011187997666975862
-0.011206553329007026
-0.011225242549464904
-0.011244071719487112
-0.011263025067103829
-0.01128212213367743
-0.01130136469114079
-0.011320738290651375
-0.011340264949803565
-0.01135991662573702
-0.011379693990556347
-0.01139963377842126
-0.01141971955872715
-0.011439934720212114
-0.01146030215562946
-0.01148080985916239
-0.011501484322996974
-0.011522304168852266
-0.011543356737834087
-0.011564482205720946
-0.011585843745065877
-0.011607363174471539
-0.011628980941239864
-0.011650765965370501
-0.011672748194168288
-0.01169486694908294
-0.011717152886012891
-0.011739679332828183
-0.011762317088652064
-0.011785132503829602
-0.011808118646080817
-0.011831274439808142
-0.011854691667570142
-0.01187828455429152
-0.011902059862946615
-0.011925985508160743
-0.011950152897712214
-0.011974511004571768
-0.011999078927727827
-0.012023849688502548
-0.01204879475927524
-0.012073957262852663
-0.012099331217920959
-0.012124888007132784
-0.012150641228533427
-0.012176612563832004
-0.012202790526442476
-0.012229170430648882
-0.012255761615816043
-0.012282565933861848
-0.01230958130553868
-0.012336816299864379
-0.012364277140437224
-0.012391959746382412
-0.012419863501558838
-0.012447998175905363
-0.01247637039853368
-0.01250500449302889
-0.01253388220990555
-0.012563012024789079
-0.012592388966915963
-0.012622013734866482
-0.012651898095037155
-0.012682038182096164
-0.012712436817688258
-0.01274310004238784
-0.012774026370462955
-0.012805220436451601
-0.012836678329479502
-0.012868397240605288
-0.012900357691572911
-0.01293257463947389
-0.012965055175930563
-0.012997806052005192
-0.013030836175267504
-0.013064151659103067
-0.013097757641515141
-0.013131662906702993
-0.013165873008313938
-0.01320038507825343
-0.013235206050450945
-0.013270346520044529
-0.013305802766770083
-0.013341582567807915
-0.013377685874967281
-0.013414115130963104
-0.013450877252177695
-0.013487972716293432
-0.013525408944397218
-0.01356318565366128
-0.013601304801831351
-0.013639771405410573
-0.013678589005027034
-0.013717761837064288
-0.0137572917539662
-0.01379718397090432
-0.013837449117533726
-0.013878082981271623
-0.013919099989232006
-0.013960509422655459
-0.014002324365129448
-0.014044548946866322
-0.014087207570742522
-0.014130288847017723
-0.014173793949577542
-0.014217729951474625
-0.014262089810944728
-0.014306879250991054
-0.014352099302996862
-0.014397755481680525
-0.014443844132931222
-0.014490377388567023
-0.01453736508592748
-0.014584811765139474
-0.01463272519179041
-0.014681113604113711
-0.014729984116210744
-0.01477934657047946
-0.014829206126897186
-0.014879573742257094
-0.014930456058908867
-0.014981861617593812
-0.015033802737543322
-0.015086285939469313
-0.015139319735384882
-0.015192910354055934
-0.015247057772934502
-0.015301785926050002
-0.015357086766992241
-0.01541298485535047
-0.015469472296885943
-0.015526560452413367
-0.015584255071283479
-0.015642569935435533
-0.01570151619265475
-0.01576111013976898
-0.01582135917552035
-0.01588226566747246
-0.01594385873494837
-0.016006155875486695
-0.01606917517297561
-0.016132936600835753
-0.016197452577632526
-0.016262735193757295
-0.016328798771520162
-0.016395652125720098
-0.016463312335410325
-0.016531800848509984
-0.016601155493764595
-0.01667138098612079
-0.016742468899169218
-0.016814448555798642
-0.016887321377337165
-0.016961104765018005
-0.01703581696284001
-0.01711147230785013
-0.017188094864397825
-0.01726569208157116
-0.01734430561375231
-0.017423977063284406
-0.01750470276115317
-0.017586501435507274
-0.01766939049581666
-0.017753391276126473
-0.017838530984190408
-0.0179248293441608
-0.01801231141086283
-0.018101013423484646
-0.018190958975214975
-0.01828217922929486
-0.01837470737313814
-0.01846857899376843
-0.018563852572559686
-0.018660536314030293
-0.018758663878229127
-0.018858269241359894
-0.018959376341151083
-0.019062020393369336
-0.01916623801682546
-0.019272073827307983
-0.019379569391984475
-0.019488765187588568
-0.019599711884279655
-0.019712433528187016
-0.019826975862122405
-0.019943382417187377
-0.020061691626470722
-0.020181936315201945
-0.02030414949912298
-0.020428406109663202
-0.020554796741865052
-0.02068339209922593
-0.020814259050293087
-0.020947454852370935
-0.02108304257652895
-0.021221240007733042
-0.021361896480737864
-0.02150512124301506
-0.02165097171715146
-0.021799529375229863
-0.021950884647670366
-0.022105133570407668
-0.022262360126339753
-0.02242264952802647
-0.022586173579567458
-0.022752963555310417
-0.02292312296470144
-0.023096760982729243
-0.023273990205022424
-0.023454931900022638
-0.023639713913792822
-0.023828469172852168
-0.024021332544152563
-0.024218444590158258
-0.02441996250779749
-0.024626039007114867
-0.02483683591454191
-0.025052640621681724
-0.025273552834627254
-0.025499757053654745
-0.02573144348176051
-0.025968821338375414
-0.02621210358346701
-0.026461515751176855
-0.026717302960924515
-0.02697972559046987
-0.02724906093675172
-0.02752559008765965
-0.027809618670044455
-0.02810146987719474
-0.028401484149412896
-0.02871002061082713
-0.029027460197339955
-0.029354220666226286
-0.0296907287556758
-0.03003745860111461
-0.030394911666351263
-0.03076362754737196
-0.031144189557348302
-0.031537260262469995
-0.03194348245774248
-0.03236362690293431
-0.03279854245741849
-0.03324917275876871
-0.033716581183765866
-0.034201971664169196
-0.03470672794686985
-0.0352324535253495
-0.035781032391171363
-0.03635468820727242
-0.03695610515196905
-0.03758852559565771
-0.03825592692395762
-0.03896322393376406
-0.03971653751845181
-0.04052356699672826
-0.04139405072151461
-0.042340392407022295
-0.04337845845465594
-0.04452865889227692
-0.045817339381279465
-0.0472786259178079
-0.04895684437363858
-0.05090969517729915
-0.05321244032957263
-0.055963420710836646
-0.05929130815726398
-0.06336466685244657
-0.06840478867960269
-0.07470170765088027
-0.08263656707431527
-0.09271035351021924
-0.10558195162053405
-0.12211836146586141
-0.1434609736376457
-0.17111305860987022
-0.20705532022781512
-0.253898495752199
-0.31508558958886124
-0.39515794753865174
-0.5001084750748703
