-0.49022120213987985
-0.40311519790433303
-0.33651763456992945
-0.2854690124852989
-0.24621794725442117
-0.21592565266198144
-0.19244297830616275
-0.1741421213197461
-0.15978955095462505
-0.1484500141101789
-0.1394140000188419
-0.13214290409000456
-0.1262275629288195
-0.12135688756408337
-0.11729412810232714
-0.11385890815172367
-0.1109136208641331
-0.10835312537063616
-0.10609693959991223
-0.10408332285557599
-0.10226478928760466
-0.10060470457830588
-0.09907470305636591
-0.09765272864813533
-0.09632154468835705
-0.09506760276603615
-0.09388018212176606
-0.09275073455756659
-0.09167238621673501
-0.09063955697079573
-0.08964767023725834
-0.08869293135924741
-0.08777215778627546
-0.08688264905265747
-0.0860220867403683
-0.08518845734335455
-0.08437999295314033
-0.0835951251034406
-0.08283244905274136
-0.08209069568861271
-0.08136870950990417
-0.08066543139908283
-0.07997988460204183
-0.07931116506196778
-0.0786584339936677
-0.07802090328910885
-0.07739783790077329
-0.07678854909918642
-0.07619239031537554
-0.07560875470203579
-0.07503707256426528
-0.07447681095840823
-0.07392747165747172
-0.0733885908268253
-0.07285973953182281
-0.07234052426929259
-0.0718305870511302
-0.07132960716143166
-0.07083730243147968
-0.07035343124503236
-0.06987779292361938
-0.06941023011589423
-0.0689506276394891
-0.06849891082505288
-0.06805504268253952
-0.06761901562992972
-0.0671908410228702
-0.06677053389447007
-0.06635809218318325
-0.0659534658838232
-0.06555652583026787
-0.06516703313149509
-0.06478461045020946
-0.06440872997366107
-0.06403871397952926
-0.06367378071936239
-0.06331307988988978
-0.06295575592175821
-0.06260106792153425
-0.06224843034839945
-0.061897468512900164
-0.06154800990584903
-0.06120010691455161
-0.060853985082327804
-0.0605100371101706
-0.06016871922971352
-0.05983048989755038
-0.059495846821431934
-0.059165272371916315
-0.058839170663266896
-0.05851798939308243
-0.05820199821277113
-0.05789145010087051
-0.057586546542926324
-0.05728739092028318
-0.056994080068380075
-0.0567066433437865
-0.05642507971050206
-0.056149352642846324
-0.055879374726880114
-0.05561506217369446
-0.055356322112273725
-0.05510301671103498
-0.05485502072192776
-0.05461219489007639
-0.05437439779087974
-0.054141481039841906
-0.053913295997719914
-0.05368970125178038
-0.053470542708036826
-0.05325567835215589
-0.05304497068421125
-0.052838280679309194
-0.052635478617112104
-0.05243643537563744
-0.052241018116987885
-0.052049128711264256
-0.05186062664882156
-0.051675407295621846
-0.05149337516502963
-0.05131443158378473
-0.05113847703085575
-0.05096541797951671
-0.05079516106760406
-0.05062762432140476
-0.050462727809148955
-0.05030039866625617
-0.05014055956257179
-0.04998314109628489
-0.049828071625599726
-0.04967529106747747
-0.04952473031898184
-0.04937632796486276
-0.04923003196673448
-0.04908578517593138
-0.04894352643533542
-0.04880320713715715
-0.04866478904253422
-0.0485282146905454
-0.048393439695717175
-0.048260421507274116
-0.0481291177366613
-0.04799949817717048
-0.04787151360880768
-0.0477451331181728
-0.04762030915889883
-0.04749701506735488
-0.0473752246877514
-0.04725490961906773
-0.047136039491128504
-0.04701858727912786
-0.04690253141166204
-0.046787855488278
-0.04667452376781094
-0.04656251206548714
-0.04645181662540303
-0.04634239491374695
-0.0462342181058513
-0.04612727010842182
-0.046021532323466
-0.04591696325030046
-0.04581354862161473
-0.04571126379064434
-0.04561011789196906
-0.04551008147359337
-0.04541111349914068
-0.04531319358961674
-0.04521629371984604
-0.04512037905401279
-0.04502545215516054
-0.044931489435898114
-0.04483848221101128
-0.044746408345555065
-0.04465523133756028
-0.044564943944536625
-0.044475507211750996
-0.04438692815915045
-0.04429918246859783
-0.0442122900674004
-0.04412624210821752
-0.044040996087014284
-0.043956545065458194
-0.04387289518266195
-0.04379004206614963
-0.043707970253415
-0.04362664710924428
-0.043546071747398274
-0.0434662275676046
-0.043387108727253335
-0.04330872399675265
-0.043231057057152966
-0.043154093323430856
-0.043077831573349
-0.043002274299843
-0.04292737473302079
-0.042853142702628313
-0.04277957219182765
-0.04270665124556313
-0.042634375073326174
-0.04256274377375892
-0.04249174459649535
-0.04242135619205521
-0.042351582204235856
-0.0422824319063673
-0.04221387594801229
-0.04214591900328594
-0.0420785259120137
-0.04201171788678277
-0.04194549683350972
-0.041879805088402056
-0.041814699486440024
-0.041750149699160764
-0.041686155595084706
-0.041622676081902725
-0.04155975439146702
-0.04149736233677501
-0.04143551378717105
-0.041374194654773364
-0.041313315025883215
-0.041252959000254615
-0.04119311487998291
-0.04113376338815893
-0.04107489577429805
-0.04101648130161721
-0.0409585533284282
-0.040901017014076224
-0.04084398143500486
-0.0407873898884112
-0.040731253678882896
-0.0406755509245369
-0.04062027584872332
-0.04056547494797521
-0.040511096513243354
-0.04045722948775331
-0.04040377270128663
-0.04035065228798894
-0.040298052286185215
-0.040245868428758054
-0.04019407467578865
-0.04014264395855365
-0.0400916603392814
-0.040041084561794275
-0.039990927876443365
-0.039941163228878335
-0.03989188096407226
-0.03984301213574553
-0.03979452199722608
-0.039746458004227145
-0.03969872767185369
-0.0396514352102339
-0.03960454102209475
-0.03955799975376605
-0.03951184526675063
-0.03946603967042151
-0.03942057545879179
-0.03937545017633076
-0.03933064141500166
-0.03928611506810719
-0.03924178987905353
-0.039196460053591314
-0.03915387134673511
-0.03911126216036157
-0.0390673924096006
-0.0390262255477591
-0.03898495666169519
-0.0389436299314927
-0.03890223302007163
-0.03886069705948
-0.038817689628556314
-0.038775805577090317
-0.03873482370610626
-0.03869454623285929
-0.038654855055540095
-0.038615663163947614
-0.03857695411795036
-0.038538650675560615
-0.03850062225520899
-0.038462929722194665
-0.038425545441019095
-0.0383884457087038
-0.03835161468469485
-0.038315087256490736
-0.03827882441566047
-0.03824281667289512
-0.03820708413913635
-0.03817160813188812
-0.03813637759303507
-0.038101380012857955
-0.03806672147103545
-0.038032269670361114
-0.037998038438330675
-0.03796406831379697
-0.03793032829016416
-0.03789681977098066
-0.037863550114509675
-0.03783051854135909
-0.03779775421195092
-0.03776522650847968
-0.03773302567526279
-0.03770107808693858
-0.03766938231724406
-0.0376379198831984
-0.03760667567548802
-0.03757560566524664
-0.03754479723964469
-0.037514220387831615
-0.03748388841830304
-0.03745381484857676
-0.037423981346674955
-0.03739437216740659
-0.037365032925877555
-0.03733590587176898
-0.03730700792215198
-0.037278375223468496
-0.0372499485143401
-0.03722176604160376
-0.0371937830411717
-0.03716604191952712
-0.03713846642877964
-0.03711115431524849
-0.03708400114627908
-0.03705708946657723
-0.03703043954977923
-0.0370039933847162
-0.036977764299543914
-0.036952404736072954
-0.036926536592000764
-0.036900730794528484
-0.036875090078871756
-0.03684968015613791
-0.036824525034121924
-0.036799618022234096
-0.036775010381629114
-0.03675057506544551
-0.03672637514108163
-0.03670240726822582
-0.036678631864077264
-0.036655034144932014
-0.036631674035168246
-0.03660849420156851
-0.036585520954797446
-0.036562735853187374
-0.03654015269179311
-0.03651775733638168
-0.036495561571501973
-0.03647354991520867
-0.03645171291855619
-0.03643007656657476
-0.03640862825835368
-0.03638735441911333
-0.036366274735375036
-0.03634536827450843
-0.03632466204358841
-0.036304154018506056
-0.0362838135382676
-0.036263642995281904
-0.03624363401106858
-0.036223826948773546
-0.036204178749498966
-0.036184712998231464
-0.036165425266034106
-0.036146344477281954
-0.036127432480325565
-0.03610868377388387
-0.036090106378521836
-0.03607169053080023
-0.03605346082669841
-0.036035419269952934
-0.036017542359539204
-0.03599984299426359
-0.035982302180302905
-0.035964926369134
-0.03594772280005771
-0.035930693696054186
-0.03591383455306054
-0.035897129877181334
-0.03588060245734259
-0.03586424524244078
-0.03584798797930263
-0.035831953227189815
-0.03581607242469598
-0.03580032238668084
-0.03578478018644777
-0.035769437944830826
-0.03575430017285045
-0.0357393250119509
-0.03572449756689916
-0.03570980702679316
-0.03569527025209076
-0.03568089170393381
-0.03566666854218743
-0.03565264124342389
-0.0356387929089834
-0.03562509731507345
-0.03561158171627184
-0.03559823302217284
-0.0355850500096274
-0.035572039324542344
-0.03555918287681103
-0.03554646881197912
-0.035533912770648685
-0.035521502463498174
-0.03550926367419533
-0.03549718683288122
-0.03548527010018188
-0.035473515756147496
-0.03546192059419971
-0.035450537277622415
-0.03543927249580647
-0.035428104055655406
-0.035417070216077005
-0.03540617964165487
-0.03539539548189059
-0.035384776481242615
-0.03537430366914903
-0.035363962091842775
-0.035353766905612115
-0.035343709497447376
-0.03533380003544323
-0.0353240017569649
-0.03531430172784468
-0.035304781698640555
-0.035295412536046566
-0.035286145155524334
-0.03527701034580653
-0.03526797773415306
-0.03525912273603726
-0.035250432582451474
-0.03524193671014963
-0.03523358289011974
-0.035225468174727576
-0.03521752433753222
-0.03520967335410225
-0.03520197848709721
-0.035194423713584985
-0.03518705331825186
-0.03517977667144801
-0.035172614794580656
-0.03516564901648371
-0.03515882121603913
-0.035152128208502276
-0.03514558308519657
-0.03513920937757945
-0.03513298821887429
-0.03512692059100864
-0.03512104287741085
-0.03511530175056273
-0.03510971010037337
-0.03510423392133612
-0.035098940107921445
-0.03509377747135279
-0.03508879086550892
-0.03508393375621063
-0.03507920212411634
-0.035074563666713375
-0.035070023223388
-0.03506561188493405
-0.03506140481042368
-0.0350573626046498
-0.03505346334041411
-0.03504969000162078
-0.03504607416452039
-0.035042615321285144
-0.03503930545104499
-0.03503612822229417
-0.035033128090213916
-0.03503024240570527
-0.03502753098142293
-0.0350249115295848
-0.03502240809103789
-0.03502005191173445
-0.03501782321950914
-0.035015725073272864
-0.035013757684107936
-0.03501192316079461
-0.0350102242962611
-0.035008679390046885
-0.035007225299264734
-0.03500593303405585
-0.03500480024515027
-0.035003787246326364
-0.03500292063097179
-0.035002188721898336
-0.03500159167323066
-0.035001136964118516
-0.035000807124512194
-0.0350006227169687
-0.035000592155153346
-0.03500071671613875
-0.035000968538164555
-0.03500134870667711
-0.03500185912518311
-0.03500252334876361
-0.03500332674218573
-0.03500427201526942
-0.03500535966551102
-0.03500657037102504
-0.035007929021145176
-0.035009399058781705
-0.03501102830002432
-0.035012815544924976
-0.03501472508216192
-0.03501680771481964
-0.035019014460508584
-0.03502139483204599
-0.035023908114148634
-0.03502656083452472
-0.03502934203650803
-0.03503227998133633
-0.03503537932339542
-0.03503860941635457
-0.03504200334478851
-0.035045557002028674
-0.03504925587943509
-0.03505308167715451
-0.03505703784501663
-0.03506116545995585
-0.03506543475902685
-0.035069834346434854
-0.03507441162209168
-0.03507914065084689
-0.035084014817812405
-0.035089014854759716
-0.035094181434600226
-0.035099458454329775
-0.035104863089207836
-0.03511039617365561
-0.03511608362289441
-0.035121892506195046
-0.0351278240571624
-0.035133897589590846
-0.03514011091068468
-0.03514645597611168
-0.03515292539607255
-0.03515951177839105
-0.035166231901411625
-0.035173103793778235
-0.0351801224873634
-0.035187260152477744
-0.035194547616883017
-0.03520198719617087
-0.03520954494653228
-0.035217255259493783
-0.03522510577142245
-0.035233079462732846
-0.0352411967502563
-0.035249463322029044
-0.03525786769461763
-0.035266404717348404
-0.035275097570125945
-0.03528393382505261
-0.035292891988159845
-0.035302003439788204
-0.03531127826277715
-0.0353207061456374
-0.0353302794008708
-0.035339994167514675
-0.03534986090167948
-0.03535989385211009
-0.035370057190513775
-0.035380386355195574
-0.03539085509105639
-0.03540148380569941
-0.03541225803158791
-0.03542321256209961
-0.035434324128740126
-0.03544560810780808
-0.035457078218826536
-0.03546870236516156
-0.03548051332648456
-0.035492501615498495
-0.03550466450384561
-0.03551700812495536
-0.03552951642561586
-0.03554220022195255
-0.03555505499552235
-0.03556809022226266
-0.03558129644915569
-0.035594682260133244
-0.035608236002358455
-0.03562194606532545
-0.03563580453028266
-0.03564983105243965
-0.035664006020661894
-0.0356783340736094
-0.03569282588255612
-0.03570747980465897
-0.03572231449173152
-0.03573730921214659
-0.03575248640322839
-0.03576775511519629
-0.03578322923450197
-0.03579887354018375
-0.03581468794548033
-0.03583069395193757
-0.035846867342718504
-0.035863186539310685
-0.03587969890977155
-0.035896379172317174
-0.035913229115865614
-0.03593024604281682
-0.03594743964528482
-0.03596479388068647
-0.0359823697598903
-0.036000189286350175
-0.03601819178204229
-0.03603637588771715
-0.03605469475351812
-0.03607317178766598
-0.0360918041821515
-0.03611061847258139
-0.03612967478390612
-0.036148897384867026
-0.03616829556185676
-0.03618789363772924
-0.036207666658505507
-0.03622762599123674
-0.036247738559723276
-0.036268053516320016
-0.03628855682380886
-0.03630922095899709
-0.03633006180017974
-0.03635108549017264
-0.03637227301404833
-0.036393643812562444
-0.036415149790230555
-0.0364368577807993
-0.03645876998650868
-0.03648086864431163
-0.036503156543759574
-0.03652562279873184
-0.036548348537820824
-0.03657126325775164
-0.03659436869017725
-0.03661770988477462
-0.03664124281928336
-0.03666498001226969
-0.03668892611150233
-0.03671302800258286
-0.03673733599448469
-0.03676186411808125
-0.036786572685225144
-0.036811477932110204
-0.03683656698508482
-0.03686186557500032
-0.03688741630993209
-0.03691315857958344
-0.03693915425956223
-0.03696536496359225
-0.03699176585230421
-0.037018355291342196
-0.037045135147767916
-0.03707214931021829
-0.03709936520053037
-0.03712676812771679
-0.0371543718719843
-0.037182209351614405
-0.03721024675819817
-0.03723851409941364
-0.037266980735098945
-0.03729565957558543
-0.03732454018179197
-0.03735363776536066
-0.03738294735584156
-0.03741247181856499
-0.03744221135493356
-0.03747216732368214
-0.037502354263413265
-0.03753276845010639
-0.037563407546811166
-0.03759426584000497
-0.03762535459364213
-0.03765667482247621
-0.037688225049084666
-0.03772000661406126
-0.03775202224742628
-0.03778426958831165
-0.037816751647857534
-0.037849473123725864
-0.037882430941797246
-0.037915630055473146
-0.03794906989578578
-0.0379827526407478
-0.038016678588101246
-0.03805084094421271
-0.038085244781624686
-0.03811987952621803
-0.03815480038976166
-0.038189952961432044
-0.038225346480818476
-0.03826101094432107
-0.038296950167309864
-0.03833313547625068
-0.038369587076172586
-0.03840631386987647
-0.03844330742760804
-0.03848054319781023
-0.038518013234373545
-0.03855575909563383
-0.038593758307920695
-0.03863205061356187
-0.038670629138935014
-0.03870950087327864
-0.03874864847255826
-0.03878808832131951
-0.038827769769853346
-0.03886769334424495
-0.03890789507196371
-0.03894841051379202
-0.038989227589726214
-0.03903034636183528
-0.03907176586000096
-0.03911348593428415
-0.039155507358703885
-0.03919783150843071
-0.03924045576017964
-0.039283384913045505
-0.039326620123585336
-0.03937016845970707
-0.03941403104445291
-0.039458202960006857
-0.03950269428477078
-0.03954750428480156
-0.039592631111945255
-0.03963808152440843
-0.03968385459759244
-0.03972995517834453
-0.03977638456345181
-0.039823140844497444
-0.039870244142705936
-0.039917656812829924
-0.039965418501805086
-0.040013518855160544
-0.040061967332600534
-0.04011076844626438
-0.04015991947045103
-0.040209417422776644
-0.04025928014610104
-0.04030950902780915
-0.04036010647333674
-0.04041107922522317
-0.04046241889265428
-0.040514132509031915
-0.04056621439596307
-0.04061868477392119
-0.04067154490986765
-0.04072480060629031
-0.04077845208248379
-0.040832506131639384
-0.04088696385366508
-0.040941829585490634
-0.04099710764468077
-0.0410528025438504
-0.041108916893177506
-0.041165455238600164
-0.041222418749497815
-0.04127981509541295
-0.041337649943896965
-0.041395921693484265
-0.0414546365700285
-0.041513803997096296
-0.04157342953534985
-0.0416335171961855
-0.041694062720426694
-0.041755074070871354
-0.041816562326387266
-0.04187852855670195
-0.04194099213881264
-0.042003910995569695
-0.04206733514381191
-0.04213123653061191
-0.04219565351385847
-0.04226060182623056
-0.04232608147652607
-0.04239209275291221
-0.04245864558556737
-0.04252574060472675
-0.042593384572701655
-0.042661567820058005
-0.04273029735688157
-0.04279958254734481
-0.04286943326096409
-0.04293985092022202
-0.04301085719624011
-0.04308243159035903
-0.043154596616204494
-0.04322736082309155
-0.043300737816010994
-0.04337472876056951
-0.04344934239632854
-0.043524584218954374
-0.04360045014678728
-0.04367697436994042
-0.04375417176311136
-0.04383205077084924
-0.04391062377413351
-0.04398988901711702
-0.04406987539539638
-0.04415060912621461
-0.04423208585119917
-0.044314342871929265
-0.04439741757723275
-0.044481361521885504
-0.044566210210805535
-0.04465202213697994
-0.044738885499381355
-0.04482691389774623
-0.04491701467247785
-0.045007431554135856
-0.04509790691917373
-0.04518870209256524
-0.04527998256224816
-0.04537081984058719
-0.045464907638181874
-0.04555942411353856
-0.04565455565039809
-0.04575038566196215
-0.045846965246213844
-0.04594431558839195
-0.04604244711803692
-0.04614135944599133
-0.046241052408223106
-0.04634152330414697
-0.04644276538479092
-0.046544777023256885
-0.04664754778819456
-0.046751093836389306
-0.0468554241572492
-0.04696057259789316
-0.047066574174881255
-0.04717345137988387
-0.04728122915151094
-0.04738993997237496
-0.04749962677437803
-0.047610308819526485
-0.04772201753710385
-0.04783478565463283
-0.0479486416110095
-0.04806360971664454
-0.048179712165216076
-0.04829696824084493
-0.04841540377998332
-0.04853503546682889
-0.04865588457911096
-0.048777969325973836
-0.048901297627561256
-0.04902590105620804
-0.04915179785971209
-0.049279002908985584
-0.04940753274462432
-0.04953740409814934
-0.04966863568501936
-0.049801242128388434
-0.049935237569498414
-0.05007064284368548
-0.050207472829685094
-0.05034574371133149
-0.050485469968907064
-0.050626668186156236
-0.050769361077582884
-0.05091356404261221
-0.05105929424578571
-0.051206582096954965
-0.05135544111863363
-0.05150587853986403
-0.05165791985250264
-0.05181162263668647
-0.051966995073199865
-0.05212405806706544
-0.0522828265551528
-0.05244332136845933
-0.05260556652257951
-0.05276957712889667
-0.052935394474931216
-0.05310305193164649
-0.05327258080024948
-0.05344401442761894
-0.05361738619104258
-0.05379273520868248
-0.05397010079278874
-0.054149523388167524
-0.05433105095931141
-0.05451473343382884
-0.05470061564849955
-0.05488875444526521
-0.055079212866186146
-0.05527206143955329
-0.05546737648756174
-0.055665233488573156
-0.055865718297217204
-0.05606892339759717
-0.05627495045762193
-0.05648390738780307
-0.05669590826483215
-0.05691106079101663
-0.057129482113000674
-0.05735130779227631
-0.05757669812236522
-0.05780581946639519
-0.05803884655739902
-0.05827596560138168
-0.05851736529412186
-0.05876323965942672
-0.059013786729411585
-0.05926920647067741
-0.05952969151699338
-0.05979542579707964
-0.06006657460216329
-0.06034328007184311
-0.06062565985599236
-0.060913790327823125
-0.061207696057118705
-0.06150733867094886
-0.06181261531091252
-0.06212335097507106
-0.06243930256261703
-0.06276016839202947
-0.06308561377268962
-0.06341530247412878
-0.06374894438954179
-0.06408635263309428
-0.0644274953420699
-0.06477251776071541
-0.06512177234260792
-0.06547579160222021
-0.06583522465485488
-0.06620077319402928
-0.0665731108145565
-0.06695282329241144
-0.0673403754965314
-0.0677361054853332
-0.06814023581483294
-0.06855290179377893
-0.06897417672569282
-0.0694041011831902
-0.06984270790685594
-0.07029004795122944
-0.07074623595802398
-0.07121128917565418
-0.07168534273711537
-0.07216856649128431
-0.07266116764838335
-0.07316339116595928
-0.0736755172639264
-0.07419786073095282
-0.0747307686570503
-0.07527461982488555
-0.07582982368357591
-0.07639682044412652
-0.07697608113778188
-0.07756810759128682
-0.07817343330696562
-0.0787926259747178
-0.079426288355579
-0.08007506169505864
-0.08073962837591099
-0.08142071570125647
-0.08211910034630042
-0.08283561380523784
-0.08357114918162217
-0.08432667144751
-0.08510321917172933
-0.08590192356160264
-0.0867240213111053
-0.0875708731944467
-0.08844398636077884
-0.08934504700242984
-0.09027595395191285
-0.09123886723125793
-0.09223627152757696
-0.09327105302759849
-0.09434660531790677
-0.0954669628104716
-0.09663697632718453
-0.09786254065745373
-0.0991508946278625
-0.10051101231961868
-0.10195411482851302
-0.10349434585145074
-0.10514965758056927
-0.10694297608551372
-0.10890373341839249
-0.1110698846448013
-0.11349053042997842
-0.1162295175095361
-0.11937002294067237
-0.12302060123047323
-0.12732326305672087
-0.13246409884371363
-0.13868731922092808
-0.14631377085030217
-0.15576543340271512
-0.16759784892767787
-0.1825427819340195
-0.20156504616324025
-0.2259374143104505
-0.2573398799681786
-0.297991132417833
-0.35082275766450716
-0.419710158273549
-0.5097787978601201
