-0.4977367734991396
-0.3988990699169669
-0.3233061371544572
-0.265354794497967
-0.22080299023897562
-0.18643747958086168
-0.15982307215996305
-0.13911326054663342
-0.12290714247165631
-0.1101412643734617
-0.10000783374734659
-0.09189283998888302
-0.08532922986661245
-0.07996142528267543
-0.07551847313519933
-0.07179368374664635
-0.06862919719005747
-0.06590427843600644
-0.06352643545140058
-0.06142467754261943
-0.05954439445742797
-0.05784346680325714
-0.05628930895909182
-0.05485662065338203
-0.05352567537990087
-0.05228101232603775
-0.05111045017587584
-0.05000432675826571
-0.04895492087287958
-0.04795601222988714
-0.047002544144739325
-0.04609036168009844
-0.04521601719521519
-0.04437662376948446
-0.04356973052660775
-0.042793219813874066
-0.042045218614546305
-0.04132414487902201
-0.04062858439470472
-0.03995727379358124
-0.03930906861143455
-0.03868293866828442
-0.038077933385275695
-0.03749317512813653
-0.036927850720128476
-0.03638120844925882
-0.03585254143809186
-0.03534119240386236
-0.03484654708548918
-0.03436802291092305
-0.03390507313155297
-0.03345717660243345
-0.03302385154873419
-0.032604639583597314
-0.03219910606463583
-0.03180684240055993
-0.031427478133605836
-0.031060607606023107
-0.0307059135203299
-0.030363064242246395
-0.030031755441321792
-0.029711678376145474
-0.029402561483231945
-0.02910414405634761
-0.0288161762576125
-0.028538378139797597
-0.028270530440706248
-0.0280124056531832
-0.027763790530303513
-0.027524499062476494
-0.027294332787565375
-0.02707310901835346
-0.02686066592496016
-0.026656851419628293
-0.026461514018582873
-0.02627452350112272
-0.02609573359040879
-0.025925014932602797
-0.025762252175473017
-0.025607337134362827
-0.025460159346349296
-0.025320625910593034
-0.02518864644175374
-0.025064121370785782
-0.024946980209413223
-0.024837150476795744
-0.024734552918403076
-0.024639133317279616
-0.024550823694786506
-0.024469573276030776
-0.02439533990902342
-0.02432806915504513
-0.024267723522104143
-0.024214272191858094
-0.024167670316954253
-0.02412790499871023
-0.024094955951408675
-0.02406879023473846
-0.024049391600258846
-0.0240367697054807
-0.024030917309896406
-0.024031843155779508
-0.024039540215314365
-0.02405403505282404
-0.02407533767344636
-0.024103474110165054
-0.02413845158385856
-0.024180311544793835
-0.024229081238419034
-0.024284806708993377
-0.02434751751197392
-0.024417276068104884
-0.024494128552154416
-0.024578144950738567
-0.02466936667587825
-0.0247678827045991
-0.02487372668430434
-0.02498701175990528
-0.025107806592932557
-0.02523620938602828
-0.025372304331931463
-0.0255161971553997
-0.025667996648619143
-0.02582787683451807
-0.025995918289110898
-0.026172263810018453
-0.02635703812784357
-0.026550400789344147
-0.02675248920917953
-0.02696348030403365
-0.02718354012545182
-0.027412859619553732
-0.027651628683512657
-0.027900051945450543
-0.028158348141129233
-0.028426730808157007
-0.028705431863400258
-0.02899470923528513
-0.02929482337148571
-0.029606053139030516
-0.029928690884512717
-0.03026304870834875
-0.030609450465823265
-0.03096823725432067
-0.03133976116606675
-0.03172440766311436
-0.03212257327825413
-0.03253467913419942
-0.032961146901944544
-0.03340248923627098
-0.03385918402764232
-0.03433174873061485
-0.0348207367867619
-0.0353267355471203
-0.03585037203223182
-0.03639230436805962
-0.036953240366073115
-0.03753393649535
-0.03813520841952534
-0.038757919100543145
-0.039402991684186546
-0.04007144670670064
-0.040764387309864716
-0.04148301416000238
-0.04222866264082888
-0.04300280609292448
-0.043807158172629285
-0.044643582068685156
-0.04551425670221251
-0.046421719118163535
-0.047368968604452194
-0.04835955356937393
-0.04939774102403407
-0.05048871345469109
-0.05163883013632551
-0.05285596458414971
-0.05414994686187401
-0.05553317366330307
-0.05702128751141275
-0.05863426528118361
-0.06039763792392207
-0.06234428530477652
-0.06451665386844614
-0.06696974438110549
-0.0697750045500852
-0.07302546788173815
-0.07684251713155753
-0.08138476131005179
-0.08685994027594071
-0.09354023369517878
-0.101782758546674
-0.11205652775265999
-0.12497803895629692
-0.14135827103792717
-0.16226477258419247
-0.1891037219271196
-0.22372842150117092
-0.2685828455533567
-0.32689153869570203
-0.4029110719393681
-0.5022632265008604
