-0.49968294365232685
-0.39510677366574043
-0.31519033777337063
-0.25401637024284623
-0.20709632901861588
-0.17102398287277606
-0.14321334347120399
-0.1217003043745713
-0.1049924356185954
-0.09195518696007018
-0.08172564676969274
-0.07364715845656325
-0.06721973539997378
-0.06206242184759478
-0.05788474889230412
-0.05446505047823262
-0.05163400319636597
-0.04926211640808026
-0.047250229650562865
-0.04552228812424825
-0.04401984951296316
-0.0426979054935437
-0.04152170354883373
-0.04046432697006759
-0.03950485210750854
-0.03862694446919659
-0.037817788803979686
-0.03706727305956508
-0.03636736533888265
-0.035711639796395016
-0.03509491233949835
-0.034512960670414455
-0.0339623137145698
-0.03344009034344683
-0.03294387034948213
-0.03247160345345698
-0.03202146118201012
-0.031591957058924335
-0.031181750982313596
-0.030789657704767114
-0.03041461395740954
-0.030055669150436004
-0.029711956676777476
-0.02938268282386689
-0.029067120545853274
-0.028764601289370757
-0.028474498558026334
-0.028196236322489215
-0.027929276612167857
-0.027673112162234267
-0.027427267566551464
-0.027191297253644484
-0.026964787369163638
-0.026747347574874236
-0.02653860778687326
-0.026338219159565655
-0.026145862569822514
-0.025961197922259587
-0.02578395814957753
-0.025613865030371177
-0.025450660162224994
-0.025294089405504958
-0.025143920360768124
-0.024999928570251313
-0.024861906863962644
-0.024729592434926347
-0.02460281677677393
-0.024481400323061293
-0.024365178689580155
-0.024253991752961623
-0.024147680793016647
-0.02404610124965535
-0.023949127336597015
-0.023856621102015776
-0.023768461746629187
-0.02368453798668524
-0.02360473282737471
-0.02352893767062614
-0.02345706268608888
-0.02338901453846713
-0.02332470400549002
-0.02326405488213617
-0.023206986856648404
-0.023153423716787004
-0.02310330761719325
-0.02305657864401601
-0.023013169945944916
-0.02297303193785747
-0.022936115208203094
-0.022902371428642012
-0.022871769089794634
-0.02284425830315151
-0.022819808411361452
-0.022798395719767574
-0.022779982987991845
-0.022764559790445938
-0.022752103930451687
-0.022742594094955812
-0.02273601658858317
-0.022732375593922508
-0.02273166110530138
-0.02273387698260309
-0.022739013873850505
-0.022747090566564425
-0.022758112010556702
-0.02277209693563946
-0.022789049651654614
-0.022809001514846463
-0.02283197273634474
-0.02285799711461561
-0.022887093134007063
-0.022919308261534054
-0.02295467649001409
-0.02299325123080569
-0.023035061478732816
-0.023080176738716325
-0.02312861579218274
-0.023180469226501625
-0.02323578753850931
-0.023294648190792765
-0.023357114871059226
-0.02342327196515347
-0.023493204986553374
-0.023567057732246204
-0.02364487325171675
-0.02372676337192205
-0.02381282520998443
-0.02390318460588172
-0.023997949806933268
-0.024097258946436495
-0.024201239138113537
-0.02431003922015164
-0.024423804409283625
-0.024542697628703848
-0.024666889124564398
-0.024796548123123877
-0.02493185608570654
-0.025073019284479817
-0.02522024078543799
-0.02537374310654849
-0.025533754781876663
-0.02570052614024255
-0.025874313053714907
-0.026055383111619142
-0.02624401873093598
-0.02644053342974678
-0.026645247612880032
-0.026858502372451486
-0.027080636141198454
-0.027312067360365917
-0.02755318241261549
-0.027804406030353324
-0.028066194267611717
-0.02833903171654942
-0.028623437206145536
-0.028919953863420965
-0.02922917660463675
-0.02955174494669995
-0.029888350115336824
-0.030239734552004467
-0.030606701448452584
-0.03099013837653319
-0.031391021967839806
-0.03181042691362368
-0.032249564565415376
-0.03270978640897419
-0.033192673004410214
-0.03369999410182194
-0.0342338306552332
-0.03479662847530754
-0.035391310681758256
-0.03602137052766633
-0.036691051105231146
-0.037405558517437425
-0.03817133843277193
-0.038996438864784294
-0.03989098122007257
-0.040867804084982834
-0.041943206365634055
-0.043138101076230805
-0.04447932996213573
-0.046001562594026574
-0.047749762746436664
-0.049782231099548706
-0.05217483938111504
-0.05502651347712697
-0.058466450715895554
-0.0626635825335835
-0.06783917341814213
-0.07428318930903233
-0.08237601074727828
-0.09261700906110275
-0.1056622022798234
-0.12237390994627326
-0.14388624131428798
-0.17169150486898951
-0.20775425268687844
-0.2546618882540767
-0.3158235951556762
-0.39573324983654756
-0.5003170563476731
