-0.4763186512342464
-0.3995215038163583
-0.3408331972302169
-0.2958298757237979
-0.2611830059037463
-0.23438600329211712
-0.21354944751311897
-0.19724762097001108
-0.18440345600021107
-0.17420223643148564
-0.16602683055253695
-0.1594090529915288
-0.15399311507323274
-0.14950813816378286
-0.1457474661599964
-0.14255308319821802
-0.13980386390175928
-0.13740670654476053
-0.1352898327784486
-0.13339771974275572
-0.131687261735977
-0.13012485880499713
-0.1286842051023192
-0.12734460842998968
-0.12608970718784931
-0.12490649204170733
-0.12378455716999744
-0.122715525721561
-0.12169260932662489
-0.12071026754909607
-0.1197639452586014
-0.1188498691135091
-0.11796488911194646
-0.11710635530887466
-0.11627202079823579
-0.11545996559747568
-0.11466853681786142
-0.11389630079197653
-0.11314200520336792
-0.11240454863924679
-0.11168295601595916
-0.11097635873561754
-0.11028397780759953
-0.10960511464390506
-0.10893913840147987
-0.10828546865633545
-0.10764357641110506
-0.1070129777853575
-0.10639322610155187
-0.10578390882151507
-0.10518464255315746
-0.1045950717596404
-0.10401486422788288
-0.10344370846736407
-0.10288131389510907
-0.10232740651230346
-0.1017817277783208
-0.10124403387046177
-0.10071409398079965
-0.10019169045206708
-0.09967661472702234
-0.09916867051616737
-0.09866766862549117
-0.09817342813868944
-0.09768577806619878
-0.0972045520673211
-0.09672959051903514
-0.09626074028735675
-0.09579787014817817
-0.09534084648903554
-0.0948895342472074
-0.09444380366639445
-0.09400352872649896
-0.09356859220871323
-0.09313887224537795
-0.09271427306304048
-0.09229469264313866
-0.09188000707243255
-0.09147011474383177
-0.09106492209044892
-0.09066434755306994
-0.09026828984602102
-0.08987665926258619
-0.08948935961823982
-0.08910633735055644
-0.08872751535697485
-0.08835277909410551
-0.08798203781976373
-0.0876152353647461
-0.0872522796614623
-0.0868931810433139
-0.08653786666082162
-0.08618626364586858
-0.08583831086001369
-0.08549391427829459
-0.08515300647831855
-0.08481552294460855
-0.08448141712463632
-0.08415065404579236
-0.08382317355012782
-0.08349891996939689
-0.08317784558657118
-0.08285989828998992
-0.0825450396089249
-0.08223322103920296
-0.08192439308435642
-0.08161851165434018
-0.08131552118166009
-0.08101538291125142
-0.08071805457124034
-0.0804234940676553
-0.08013165947165056
-0.07984251164364381
-0.07955600844144455
-0.07927211390536107
-0.07899078557676081
-0.07871200613208139
-0.07843571393079585
-0.07816188351268553
-0.07789048508266894
-0.07762148981371718
-0.07735486397525562
-0.07709057416936904
-0.07682858900197174
-0.07656888221550351
-0.07631142797656859
-0.07605619829120303
-0.07580316217277622
-0.07555229636557702
-0.07530356659601756
-0.07505695400582184
-0.07481242167811342
-0.07456994558778793
-0.07432950825002975
-0.07409108775253169
-0.07385465604558385
-0.07362019093789213
-0.07338767966391019
-0.07315708461219461
-0.07292838700511049
-0.07270156166445602
-0.07247658765104853
-0.07225345089117542
-0.07203212380810921
-0.07181259298740952
-0.07159483634911853
-0.07137882855830653
-0.07116455081658044
-0.07095198606392555
-0.07074112346057398
-0.07053194728550323
-0.07032443807933471
-0.07011859046654498
-0.06991437995579694
-0.06971179802264711
-0.06951085574628182
-0.06931151924462926
-0.06911375060543512
-0.06891753469093859
-0.06872285814689462
-0.06852966177884968
-0.06833794064221647
-0.06814769052486463
-0.06795894793100866
-0.06777172779976653
-0.06758603184502335
-0.06740184982543654
-0.06721913326155554
-0.0670378563894058
-0.06685798784049299
-0.06667952775304457
-0.06650245881756008
-0.0663267731224848
-0.06615242528430038
-0.06597939919758036
-0.0658076676929081
-0.06563723890497629
-0.06546810400600812
-0.06530024720895473
-0.06513368072300046
-0.06496834617629586
-0.064804247117953
-0.06464139956699194
-0.06447978055586112
-0.06431939139769305
-0.06416017581698509
-0.06400211094991497
-0.06384521534527722
-0.06368945740412439
-0.06353486639985045
-0.06338141723916389
-0.06322908998803836
-0.06307788525467019
-0.06292781715193113
-0.06277878809318031
-0.062630831796229
-0.06248394532555637
-0.06233812136840444
-0.06219335304111252
-0.06204961752384878
-0.061906929073478466
-0.06176526925695832
-0.06162462548998233
-0.06148502005533753
-0.06134638230721908
-0.06120873985894926
-0.061072033870662935
-0.06093628570351085
-0.06080151220928284
-0.0606676720747388
-0.06053481805057896
-0.06040289684555008
-0.060271928367417106
-0.060141853266979635
-0.06001272126656242
-0.05988448386676762
-0.05975717900577461
-0.05963075487255591
-0.05950523963894826
-0.0593806209107769
-0.05925689947256889
-0.05913406388491998
-0.05901208166840076
-0.05889085408794466
-0.0587705681868421
-0.058651084442206174
-0.05853248440878876
-0.05841462189029147
-0.05829761976163692
-0.05818142992743164
-0.0580660418275631
-0.05795154308258729
-0.057837732733671696
-0.0577247549702182
-0.05761257633224822
-0.05750111806865751
-0.0573905215414757
-0.0572806870653095
-0.05717162362213707
-0.0570632658456641
-0.05695574356160431
-0.05684899066432396
-0.056742995650909143
-0.05663771514717884
-0.05653317761899485
-0.05642938926195065
-0.05632631964717852
-0.05622406490214201
-0.05612247651020362
-0.056021637206616265
-0.0559215486592657
-0.055822151024878926
-0.055723477071292736
-0.05562548229106195
-0.055528151657547674
-0.055431428079486034
-0.05533525370496786
-0.05523951134401465
-0.055144017170188596
-0.05504692782304909
-0.05495505255007703
-0.054863032305358585
-0.05476895532780401
-0.05468004819171949
-0.05459092472818968
-0.054501629249295115
-0.054412114833282725
-0.054322140179076196
-0.05422951549492721
-0.05413914468896632
-0.05405054563919612
-0.0539633799997466
-0.05387737898618505
-0.053792391801132225
-0.05370832130084396
-0.05362505216125252
-0.053542338129457676
-0.053460296538901025
-0.05337891332945599
-0.053298120121205224
-0.053217919722159716
-0.05313830264682828
-0.053059268759771315
-0.05298080366549224
-0.052902864757656334
-0.052825480179108264
-0.052748660429851255
-0.052672358930123044
-0.05259667779413023
-0.05252148024759529
-0.052446789688930316
-0.05237263953801817
-0.05229898743551814
-0.05222584767295607
-0.052153222582880285
-0.05208111512605109
-0.052009547928388765
-0.051938460208892444
-0.051867960517617676
-0.05179792835263045
-0.0517283775018212
-0.051659325611099725
-0.051590745306656714
-0.05152258520437916
-0.051454936903745585
-0.05138782819964882
-0.051321256876236315
-0.051255270169197585
-0.051189840081306046
-0.05112493782385788
-0.05106050955417359
-0.05099654230738629
-0.05093305746748483
-0.05087003718864397
-0.05080745572838409
-0.05074536192776906
-0.050683727832159596
-0.05062255613098854
-0.050561818954179695
-0.05050159570098057
-0.0504417697034105
-0.05038244661596474
-0.050323685885673944
-0.05026536327198083
-0.05020754665485783
-0.050151415961958316
-0.05009442601055831
-0.05003762743173568
-0.04998121366258024
-0.04992531922693134
-0.04986994487491378
-0.04981513929834135
-0.04976090454516131
-0.049707117225442576
-0.04965381879263736
-0.04960098574769948
-0.04954857534789022
-0.049496559015160355
-0.04944501199867469
-0.049393871350697054
-0.04934318195945513
-0.04929291042138424
-0.04924307002331715
-0.049193643784737215
-0.049144657219684765
-0.04909605694552306
-0.04904785194776272
-0.04900011292850066
-0.04895278484570625
-0.04890586162688569
-0.04885935847160494
-0.04881324035275434
-0.04876753402338183
-0.0487222483767565
-0.048677357936172186
-0.04863286877836371
-0.04858876966467735
-0.048545099480959
-0.04850180768925944
-0.04845891270352255
-0.0484164027715862
-0.048374324488179854
-0.048332635272419495
-0.048291311953629436
-0.048250391514206396
-0.04820983913940495
-0.048169699908713226
-0.04812993354170295
-0.04809055775224204
-0.048051583447194665
-0.04801296578614977
-0.04797472973833435
-0.04793686856654248
-0.04789938902638786
-0.04786228013127847
-0.04782553628509782
-0.0477891787402532
-0.04775317401849594
-0.04771751867384499
-0.047682296525013504
-0.047647440538729144
-0.04761293781162788
-0.04757884261358378
-0.04754514823034229
-0.04751185580752728
-0.04747887634076976
-0.04744624887291827
-0.04741394083805531
-0.04738201170073234
-0.047350441886002605
-0.04731921790445085
-0.047288399222071884
-0.04725795025724599
-0.04722781610328606
-0.04719805134015226
-0.04716863560082602
-0.04713958976786271
-0.04711093276148549
-0.04708260276837318
-0.04705459727221255
-0.04702693433379684
-0.04699957772064303
-0.04697257913837126
-0.04694590365597484
-0.046919532253215934
-0.046893486334378696
-0.04686775644055726
-0.046842426260385074
-0.04681740102848093
-0.04679265616190358
-0.046768283265870916
-0.046744258299321176
-0.046720548751942176
-0.04669721919460999
-0.04667425346482457
-0.046651621518403054
-0.04662934121436125
-0.046607414550855
-0.04658585834258887
-0.046564609766209165
-0.046543609117507524
-0.046523057995574914
-0.04650285856412322
-0.04648293337976695
-0.04646333839932376
-0.046443983852949434
-0.04642501870466793
-0.04640637357179412
-0.046388082707440444
-0.046370028009734256
-0.04635245701657235
-0.04633525194940456
-0.04631827861547903
-0.0463016256602787
-0.04628528641135795
-0.046269399197265686
-0.04625372727430106
-0.046238363160673715
-0.046223393105452426
-0.04620874142028103
-0.046194388133889555
-0.04618035364787981
-0.046166656703940136
-0.04615327015523099
-0.04614022502024045
-0.046127549870020094
-0.04611514324472306
-0.04610306095650754
-0.046091292205055714
-0.04607988438226843
-0.046068757514533425
-0.04605797929521265
-0.04604750574220602
-0.04603733467740286
-0.04602745147450444
-0.0460178794960273
-0.04600863571073255
-0.045999795460788924
-0.04599129760981613
-0.04598310276604345
-0.04597521031740973
-0.045967605064989744
-0.045960329937744696
-0.045953370169927454
-0.04594671781158811
-0.04594043620146209
-0.045934431456894
-0.045928823263885164
-0.04592344849665304
-0.04591836979530656
-0.04591362867195456
-0.04590919309905964
-0.045905037808174405
-0.045901201966312095
-0.04589766670378363
-0.045894439886104026
-0.045891554303624356
-0.04588892355116737
-0.04588661692189585
-0.04588466850982598
-0.04588297515798829
-0.04588160149431221
-0.045880533495811074
-0.04587975324994471
-0.045879284946656856
-0.0458791012812722
-0.045879247886949
-0.045879725240500796
-0.0458805140913159
-0.04588161820361126
-0.04588300699038285
-0.04588466775496575
-0.04588666644264986
-0.045888969849276984
-0.04589158485743832
-0.045894510560972504
-0.04589769552725566
-0.045901211652253256
-0.045904978653048586
-0.04590910793165928
-0.04591357652089575
-0.045918322948178714
-0.045923436672581426
-0.04592881635778823
-0.04593458575751557
-0.045940633959200505
-0.04594694281007414
-0.04595356680586534
-0.045960520258574854
-0.045967858822793944
-0.04597548802657501
-0.04598347467915794
-0.04599178044102028
-0.04600038192286395
-0.046009262724899386
-0.04601844875737722
-0.04602798214731472
-0.04603782315331853
-0.04604794144842686
-0.046058445199742726
-0.046069242284065046
-0.04608031213545393
-0.04609162955006089
-0.04610332907038611
-0.04611527306862891
-0.04612749532900015
-0.04614002345148054
-0.04615291641484694
-0.046166091776198785
-0.04617954631382795
-0.04619333091528269
-0.04620740335310517
-0.04622178301690953
-0.04623646488497816
-0.04625141241077304
-0.04626666257372203
-0.046282281595463715
-0.04629823105874098
-0.0463144363391957
-0.046330987438862166
-0.046347854741543064
-0.046365015224254506
-0.046382481684452234
-0.046400295640046045
-0.04641839297139539
-0.04643681562876078
-0.04645559630254226
-0.04647468627960005
-0.04649410928730852
-0.046513858720599245
-0.046533973759835465
-0.046554392584623794
-0.04657515930651758
-0.046596283079882096
-0.046617762743324784
-0.04663958401364593
-0.04666172360269794
-0.04668421660793764
-0.046707066167683296
-0.046730237340971065
-0.046753746075368946
-0.04677758906342796
-0.046801795439108604
-0.04682632278891563
-0.046851197311861714
-0.04687640761015175
-0.04690197418321508
-0.04692788740734406
-0.046954168523904535
-0.04698079751805521
-0.04700777155558812
-0.047035098573808214
-0.04706275800410926
-0.0470907930679332
-0.047119171423056015
-0.04714791596249946
-0.04717701564408332
-0.04720645432590812
-0.04723625588564745
-0.047266431878987346
-0.047296917056050373
-0.0473277431265297
-0.047358976164161216
-0.047390556019767334
-0.047422483805655787
-0.04745473087250863
-0.04748731103381283
-0.04752026912409355
-0.047553566837673186
-0.04758722810599638
-0.04762115833425807
-0.04765552468138924
-0.047690231178620174
-0.047725321142710116
-0.04776077983213928
-0.04779659657700433
-0.04783273195912077
-0.047869264569884516
-0.047906141805448325
-0.047943379151046836
-0.04798098552513198
-0.04801893215999173
-0.048057241701244015
-0.048095969951388144
-0.04813507323977615
-0.04817455654670872
-0.04821441320015254
-0.04825461917724383
-0.04829518582649017
-0.04833612601025016
-0.048377465986390276
-0.048419236984941424
-0.048461362782586205
-0.04850385329271679
-0.04854675548649023
-0.048590026323838666
-0.04863369331520641
-0.04867769811883206
-0.04872212975796387
-0.0487669604513425
-0.04881213723329225
-0.04885771477467155
-0.04890367343162737
-0.04895002560166996
-0.048996773090755286
-0.04904390475055097
-0.049091481188048666
-0.04913942370134337
-0.049187786305852424
-0.04923657732725281
-0.04928576392130404
-0.049335371389351804
-0.04938536050396128
-0.04943576006721049
-0.04948654927385952
-0.049537787098443996
-0.0495894331612427
-0.049641477698595116
-0.04969384615786625
-0.0497466910762163
-0.04979999906861912
-0.04985370978856342
-0.04990784801109822
-0.04996240267222264
-0.050017389054101635
-0.0500728479094596
-0.05012874943406559
-0.050185077874488594
-0.05024188478498098
-0.05029911475210038
-0.05035676272463883
-0.050414857402824316
-0.050473424440316744
-0.05053244608565688
-0.05059190104567797
-0.050651812990553394
-0.050712165866924556
-0.05077297304499434
-0.05083425043220731
-0.05089599119565031
-0.050958177364921475
-0.0510208058288846
-0.05108391963284286
-0.05114750533288217
-0.05121155400642654
-0.051276062986845936
-0.05134105250077868
-0.05140650756159743
-0.051472438370283105
-0.051538851393967314
-0.05160574295964157
-0.0516731204762388
-0.051740988179382635
-0.051809341482590775
-0.05187818454788044
-0.05194752209287924
-0.05201735042919065
-0.052087676993584554
-0.052158504094270905
-0.05222983739254042
-0.05230167956661378
-0.05237403041121684
-0.05244689342729757
-0.05252027223356324
-0.0525941623718171
-0.05266857276585414
-0.052743489800146565
-0.05281895878390402
-0.052894945259855115
-0.05297145199318375
-0.0530485048396114
-0.05312610540125144
-0.05320424529976425
-0.05328292782052699
-0.05336215713860852
-0.05344193248613268
-0.05352224599437727
-0.0536030924592982
-0.053684528087637774
-0.05376649591232756
-0.05384905168736611
-0.05393216640565111
-0.054015828867443
-0.05410007997829438
-0.05418488329833064
-0.05427025290925908
-0.054356193937910434
-0.054442713803468976
-0.05452983161015087
-0.054617552309066245
-0.05470587399131807
-0.05479480519347865
-0.054884349145963844
-0.05497450635045561
-0.055065278344641984
-0.05515665893639091
-0.05524866110180248
-0.055341286630770654
-0.055434537771567094
-0.055528429060809445
-0.05562295312824164
-0.055718117728808234
-0.05581392209061467
-0.05591037226982153
-0.05600746595424934
-0.05610521268486437
-0.05620361751317329
-0.05630268659096913
-0.05640241942209539
-0.056502860031215005
-0.05660390670215429
-0.05670565922383428
-0.056808098104193704
-0.05691122766158069
-0.0570150569116588
-0.05711957989056659
-0.05722478565787196
-0.05733070139145838
-0.05743735343008134
-0.05754472987320275
-0.0576528338444302
-0.05776166261942506
-0.05787121532984794
-0.05798150690933573
-0.05809254041314988
-0.05820431904271813
-0.05831685956415655
-0.05843016166416533
-0.05854423377728984
-0.05865908327830319
-0.05877471166537614
-0.058891126836959774
-0.05900833644323265
-0.05912633959367144
-0.059245143581104366
-0.05936475694541092
-0.05948517773792046
-0.05960641684412959
-0.0597284704869917
-0.059851343011312765
-0.05997505087674523
-0.06009960443454662
-0.06022500367609919
-0.06035124299445804
-0.060478322102570606
-0.06060625179019035
-0.060735032975854246
-0.0608647185334026
-0.06099523052112259
-0.06112665247473458
-0.061258938078437956
-0.06139214391286053
-0.06152628723526035
-0.06166137101952908
-0.06179739141334567
-0.061934370546325314
-0.062072308804330914
-0.06221121973051432
-0.062351083551207755
-0.062491892914453985
-0.0626336731630392
-0.06277641344783308
-0.06292010733719391
-0.06306479984790134
-0.0632104612888583
-0.06335710840427011
-0.06350474120206989
-0.06365338954718242
-0.0638030562486919
-0.06395374186193649
-0.06410545242839075
-0.06425816715217077
-0.06441194744768142
-0.06456682837436
-0.06472279026458384
-0.06487981600097818
-0.0650378881381153
-0.06519701189203388
-0.06535723126604655
-0.06551854629013593
-0.06568099833391712
-0.06584464711830193
-0.06600959495673439
-0.06617589994458366
-0.0663436640970991
-0.06651305402483157
-0.06668432209506545
-0.06685892917814164
-0.06703380374115539
-0.0672084058261573
-0.06738314479747166
-0.06755827429448497
-0.0677324113041051
-0.06791184017810822
-0.06809181699930801
-0.06827262051373802
-0.06845441826406334
-0.0686373534917894
-0.06882151661723551
-0.06900697115860101
-0.06919376272823317
-0.0693819363807704
-0.06957151924792483
-0.069762528019172
-0.06995497692972832
-0.07014887178705878
-0.07034423457985801
-0.07054107085710584
-0.07073940402833222
-0.07093924793136348
-0.07114060642438466
-0.07134348459072143
-0.071547892228206
-0.07175386896872586
-0.07196140402198307
-0.07217051535088961
-0.07238122110691686
-0.07259353613774647
-0.07280747752928038
-0.07302306416652934
-0.0732403124502694
-0.07345924174403168
-0.0736798603242073
-0.07390219116683396
-0.07412625133543099
-0.07435206090678737
-0.07457963323951085
-0.07480899731412269
-0.07504016311553324
-0.07527315091889848
-0.07550797337122575
-0.0757446612154339
-0.07598322763984777
-0.0762236910277649
-0.07646607540064901
-0.07671040191680802
-0.07695668782895203
-0.07720495698155454
-0.07745522777982068
-0.07770752811608055
-0.07796187421965663
-0.07821828676864559
-0.07847678980756777
-0.07873740701512799
-0.07900013434966525
-0.0792650142373081
-0.07953209437987742
-0.07980141149244972
-0.08007299858201103
-0.08034687923542608
-0.08062308329708799
-0.08090163550499006
-0.08118256281463945
-0.08146589698932584
-0.08175167064002442
-0.08203991315560664
-0.08233065818714107
-0.08262393747253358
-0.08291978358643425
-0.08321823265163801
-0.08351931719527006
-0.08382307246405045
-0.0841295319067831
-0.08443872838343308
-0.0847507109480231
-0.08506550199877765
-0.0853831476456183
-0.08570369240189143
-0.08602717266556054
-0.08635363080703214
-0.08668310933031347
-0.0870156537265652
-0.08735130675210387
-0.08769010959649083
-0.08803208435771577
-0.08837727190617631
-0.08872572246736775
-0.08907749557285852
-0.08943264801643991
-0.08979123340330303
-0.09015330931746379
-0.09051893245320047
-0.0908881639367406
-0.09126106341327404
-0.09163769137231478
-0.09201810833163847
-0.09240238457893168
-0.09279057513277938
-0.0931827460502425
-0.09357896358799914
-0.09397930437172076
-0.09438384208472608
-0.09479264315871883
-0.09520578239773565
-0.09562333788726543
-0.09604539024425655
-0.09647202005430187
-0.09690332025892544
-0.09733938222619595
-0.09778029715612434
-0.09822616411265525
-0.09867708564842452
-0.09913315309591891
-0.09959446946871069
-0.10006114343927455
-0.10053328283193738
-0.10101100543303623
-0.10149443275193995
-0.1019836882393684
-0.10247890070021587
-0.10298020452063285
-0.10348773854782507
-0.10400164938465672
-0.10452208632089938
-0.10504920201072551
-0.10558315346341648
-0.10612412106436434
-0.10667232138023001
-0.10722786109924688
-0.10779093940644754
-0.10836176585412462
-0.10894055842466926
-0.10952754519898508
-0.11012296456072242
-0.1107270677432666
-0.11134011919878177
-0.11196239844238343
-0.11259420106578627
-0.11323584132453415
-0.11388765446059143
-0.11454999859673468
-0.11522325651977258
-0.11590784042096995
-0.11660419355983204
-0.11731279535913697
-0.11803416549398568
-0.11876886921468159
-0.11951752349691237
-0.12028080444012212
-0.12105945628982812
-0.1218543047475257
-0.12266625989221813
-0.12349633967515718
-0.12434568611564442
-0.12521558747844191
-0.12610750453247346
-0.1270231071647205
-0.12796431445987816
-0.12893334664144354
-0.12993279090367818
-0.1309656903705173
-0.13203564558684328
-0.13314694935793583
-0.1343047611524641
-0.1355153276081634
-0.1367862717807322
-0.13812696363013455
-0.13954899900107784
-0.1410668278158292
-0.14269857131777866
-0.14446709153464224
-0.14640139035977148
-0.14853844608481676
-0.15092557061143133
-0.15362373565245252
-0.1567117061388878
-0.1602915260891537
-0.16449588241389948
-0.16949780411033166
-0.17552354407892226
-0.18286960244273343
-0.19192536262605822
-0.20320322932469567
-0.21737837838392385
-0.23534217788135148
-0.25827289936708964
-0.28773001649778096
-0.32577987832709276
-0.37516325851905274
-0.4395188303206632
-0.5236813487657537
