-0.5134164423339241
-0.49230128762217346
-0.4725113538583718
-0.4539447135206005
-0.43650846430765317
-0.4201178316398422
-0.40469536753273766
-0.390170242660579
-0.3764776097989768
-0.3635580367414123
-0.35135699843022694
-0.3398244197488752
-0.3289142701468425
-0.3185841958279292
-0.30879518876002693
-0.2995112896161376
-0.2906993201877068
-0.2823286416256291
-0.2743709353661754
-0.266800004815461
-0.25959159754933403
-0.25272324256245815
-0.24617410190204797
-0.23992483822480182
-0.23395749081428435
-0.22825536631752177
-0.22280293834504702
-0.21758575467590052
-0.21259035203074983
-0.20780418248973764
-0.20321554090167315
-0.1988135012769997
-0.19458785817213617
-0.19052907273254108
-0.18662822676615032
-0.1828769623008054
-0.1792674647958537
-0.17579240986767722
-0.172444930413833
-0.16921857551432484
-0.16610729153222842
-0.1631053946114911
-0.16020754304874502
-0.15740871442221746
-0.15470417910797046
-0.15208948644344872
-0.14956043695839613
-0.14711307624671158
-0.14474367403799324
-0.14244871220552255
-0.14022486726911876
-0.1380689958069833
-0.13597812703227496
-0.13394946683903797
-0.13198036474078056
-0.13006829258375122
-0.1282108842095547
-0.12640586355658823
-0.12465111057994266
-0.12294459017271425
-0.12128436718982555
-0.11966861732718466
-0.11809560238845873
-0.11656368166831403
-0.11507125477274031
-0.11361681495286825
-0.11219896016253245
-0.11081637347130505
-0.10946774422434533
-0.10815183604676576
-0.10686750731906243
-0.10561363399656444
-0.1043889799628544
-0.10319268265354617
-0.10202378519916157
-0.10088131124952535
-0.09976431940102677
-0.09867202988229497
-0.09760368773639973
-0.09655847620179306
-0.09553557188422669
-0.09453433986042536
-0.09355408071898906
-0.09259412156368835
-0.09165387001126378
-0.09073271426874746
-0.08983011908622593
-0.08894547352657535
-0.0880782979514238
-0.0872280078610133
-0.08639421710614684
-0.08557642270503714
-0.08477420739079261
-0.08398713428267972
-0.08321476569192718
-0.08245670963958318
-0.08171264962742392
-0.08098203542489898
-0.08026466683850261
-0.07956023105922443
-0.07886843135324162
-0.0781889473864195
-0.07752154999543974
-0.07686584222484714
-0.07622157791775991
-0.0755885799877411
-0.07496652949390373
-0.0743551865175093
-0.07375433435222849
-0.07316375212865568
-0.07258333382198474
-0.07201279437295953
-0.07145067354244182
-0.07089837836131392
-0.07035525553703424
-0.06982139854637605
-0.0692964392290542
-0.06878041308955579
-0.06827273893879034
-0.0677736776334281
-0.0672832014822255
-0.066800954101923
-0.06632649789753522
-0.06586041839223729
-0.06540281852446331
-0.06494770953131458
-0.06450457406447589
-0.06406300787966138
-0.06362567527843889
-0.06319526202749406
-0.06277124319414132
-0.06235380971676001
-0.06194274520548544
-0.06153798449648408
-0.06113925038281188
-0.06074618303044652
-0.0603590069692861
-0.0599774988353335
-0.05960152975606915
-0.05923091267669029
-0.05886545527415793
-0.05850496806188925
-0.058149360097596935
-0.057798414957202685
-0.05745181430676142
-0.057109350396087825
-0.05677073208659851
-0.05643578204965699
-0.05610442785873497
-0.05577633581379212
-0.0554510160960227
-0.055128299769377005
-0.054808139194891796
-0.05449001569195716
-0.05417394516605202
-0.05385967487153726
-0.05354699035166445
-0.05323606105024748
-0.05292674694828085
-0.052619061335970975
-0.052313414386333495
-0.052009757359734045
-0.05170817345705613
-0.05140856440841091
-0.05111129824269897
-0.05081645125849485
-0.05052401925588148
-0.05023400884553023
-0.04994642558770347
-0.049661345872128684
-0.04937882348817014
-0.04909877246691409
-0.04882137005748088
-0.04854652748232322
-0.04827444085347152
-0.0480049336273652
-0.047738515418435434
-0.04747476384471939
-0.047213896930355465
-0.046956132743657945
-0.04670122542298554
-0.046449207203855924
-0.046200065107504615
-0.04595379128880074
-0.045710461248696446
-0.045469931896331535
-0.04523255942775357
-0.04499819736326482
-0.044766742595607555
-0.04453829718606349
-0.044312809905276425
-0.04409027403930832
-0.04387062504166748
-0.04365387305644231
-0.04343987508025566
-0.043228300006661474
-0.04301972745073738
-0.04281398398605916
-0.0426109408778992
-0.04240981110225447
-0.042211208828650024
-0.04201447055462577
-0.041820811974123615
-0.0416298131224731
-0.04144115148617258
-0.04125446554416826
-0.041070045934646006
-0.0408876175156146
-0.04070723009351891
-0.04052885824453448
-0.040352549046954796
-0.04017846056044785
-0.04000598664455167
-0.03983548453946972
-0.039666878627672035
-0.03950001791858493
-0.03933519313821468
-0.039168980306903446
-0.03900746062199011
-0.03884756256634515
-0.03868768848082016
-0.03853085206977695
-0.03837550253249197
-0.0382222268027639
-0.03806944984764896
-0.03791909333786456
-0.03776984142950641
-0.037622612651688384
-0.03747653437747156
-0.03733120430666894
-0.037188300761271
-0.037047155268748355
-0.0369055640151511
-0.036763056937864
-0.03662547156152412
-0.036488630588413416
-0.03635053998622796
-0.03621475229533709
-0.03607925906649932
-0.03594565602828346
-0.03581666052572016
-0.035685608954757995
-0.03555583136461488
-0.03543077895464452
-0.035305445530472906
-0.03517860059366247
-0.035052545361557635
-0.03493141368815232
-0.034807648421253036
-0.034684957762746486
-0.03456583053517206
-0.0344476140779185
-0.03433077931834616
-0.03421549620352897
-0.03410013000532943
-0.03398604822423307
-0.033872991764003935
-0.03376081492727089
-0.03364969266470499
-0.03353888013292654
-0.0334282617759954
-0.03331960312014424
-0.033212041492890906
-0.03310651006833859
-0.03300021320187257
-0.032894648465830345
-0.03278994586327344
-0.03268697732805567
-0.03258496620434293
-0.03248497367305325
-0.032385549600001506
-0.0322868140129157
-0.03218789672726516
-0.032090568418017856
-0.03199394020016371
-0.03189921118116537
-0.0318044065208374
-0.03171215004918093
-0.03162064272692978
-0.03152970180287368
-0.03143852994881273
-0.031349001613697046
-0.03125907384766077
-0.031170417782846183
-0.03108252102795795
-0.030995166341626912
-0.030909264168468342
-0.030825083461626743
-0.03074123664018284
-0.03065746664300011
-0.030574777349730978
-0.030491961403135776
-0.030410471493481406
-0.030330043173830024
-0.030250249240895203
-0.03017169379704512
-0.03009287425515574
-0.030014631359825787
-0.029937167779371575
-0.02986039574782909
-0.02978400305816119
-0.02970877853963895
-0.029634498278223367
-0.029561038566363683
-0.02948882223261033
-0.02941684084876316
-0.029345136601788547
-0.02927518686975716
-0.029206229202392516
-0.029137346224849196
-0.02906892756305531
-0.029000992790041265
-0.028933787444137927
-0.028867045114579677
-0.028800851100763594
-0.02873574233575073
-0.02867104363903212
-0.02860707188134565
-0.0285438456613842
-0.028481018379915155
-0.028418916837839096
-0.028357372389939847
-0.02829639000638588
-0.028235898757851364
-0.028175847394576695
-0.02811648764390205
-0.028057877190354984
-0.02799959113818209
-0.027942115168874404
-0.02788516101484419
-0.0278287190613554
-0.027773126957212277
-0.027718092114645203
-0.02766355646520423
-0.027609529133322788
-0.027556300552285324
-0.02750341259915474
-0.02745108201257794
-0.027399156302851647
-0.027347584738891557
-0.02729678879996531
-0.02724625147107974
-0.027196588731377903
-0.02714756515307318
-0.02709890594120571
-0.027050991593132807
-0.027003650229078108
-0.026956481909199203
-0.02690985599133564
-0.026864112928504682
-0.026818869365983992
-0.026773906619874544
-0.026729602534697108
-0.02668580569103467
-0.026641997831736215
-0.026599082164919446
-0.02655693725239638
-0.026515268470079848
-0.026474120098942525
-0.02643329646178748
-0.026392899960759397
-0.026353008096002068
-0.026313530935265814
-0.026274466564570314
-0.026235789785638917
-0.026197597468839717
-0.02615967000871453
-0.026122154608539117
-0.026085000029122417
-0.026048208480490668
-0.026011649623352315
-0.025975280162024012
-0.02593920102228956
-0.025903914464821744
-0.02586887258442413
-0.02583434074934481
-0.025799996607218517
-0.025766195185473302
-0.025732616875625298
-0.025699660802245117
-0.025667076302652015
-0.025634709356525016
-0.02560255842524675
-0.02557082536668874
-0.025539519488553597
-0.025508688208225567
-0.025477863412688925
-0.025447322924812662
-0.025417140616439862
-0.02538728725947604
-0.025357745450799482
-0.025328494558036332
-0.02529948176026327
-0.02527077964560731
-0.025242302365477896
-0.025214087034657058
-0.025186163279729043
-0.02515850817121929
-0.025131304453994224
-0.025104328998451664
-0.025077469377741846
-0.02505099497025575
-0.02502464672115023
-0.024998568836759057
-0.024972603244460073
-0.024946647786933465
-0.024920917135053462
-0.024895313346302926
-0.02486989205720795
-0.024844838252756796
-0.024820087069137173
-0.024795661862086805
-0.024771470699002263
-0.024747634917770142
-0.024724169982430523
-0.024700890589961635
-0.024678200887331612
-0.024656101228484457
-0.024634701678258798
-0.024614065859590757
-0.024594425684942144
-0.024575807519356056
-0.024558268057656894
-0.024541799556088238
-0.024526288481497606
-0.024511836894820813
-0.024498307148343095
-0.024485688654565838
-0.024473946258605314
-0.02446321807966332
-0.024453228724488497
-0.024444033091906466
-0.024435555666868627
-0.024427729140075613
-0.02442039349854066
-0.024413606392382384
-0.02440723931456385
-0.02440134969919715
-0.02439574123678173
-0.024390734158377038
-0.024385996751604213
-0.024381518587497045
-0.024377406019806213
-0.024373699575258347
-0.024370115999270775
-0.02436694050238068
-0.0243637865484063
-0.024361072104653225
-0.024358589533462083
-0.024356358613592543
-0.02435435283815135
-0.024352574189656417
-0.02435100637036825
-0.02434961182499392
-0.024348486575051603
-0.024347641865261765
-0.02434697690707551
-0.024346628518740417
-0.024346505246391287
-0.02434667725155431
-0.024347221838011402
-0.024348062361512338
-0.024349289946266527
-0.02435048142149653
-0.024351910682052676
-0.024353452475608925
-0.024355484547242824
-0.02435782809916909
-0.02436044016171694
-0.024363211972374527
-0.024366229129526008
-0.024369596738372492
-0.024373242580441257
-0.024377162712021262
-0.024381344128253407
-0.024385834343483823
-0.024390654307020868
-0.024395797101806862
-0.024401221349933985
-0.024406838124886015
-0.024412825204765405
-0.024419129892444838
-0.024425766554640516
-0.024432702964602464
-0.024439939264318932
-0.024447490870342117
-0.024455363772867205
-0.024463575319752486
-0.024472117597096634
-0.024481048446183786
-0.024490342742911692
-0.024499969308083694
-0.02450990366954887
-0.024520167002008517
-0.024530787081605863
-0.02454165398033619
-0.024552906410298163
-0.024564577494114958
-0.024576577751714842
-0.024588961341492483
-0.024601604032314314
-0.024614525280756753
-0.024627811764881415
-0.024641433977790627
-0.024655430514024242
-0.024669756193244383
-0.024684466442675114
-0.02469951544748785
-0.024714901100179175
-0.024730615177150216
-0.02474664260919824
-0.024763037969977326
-0.024779774345428347
-0.02479676535042622
-0.02481420333404406
-0.024831980142348612
-0.02484998235400582
-0.024868533863663687
-0.024887241554294438
-0.024906512383571187
-0.024926058632789832
-0.024945954979783667
-0.024966224742280163
-0.024986800341654142
-0.025007746405086788
-0.02502899758479436
-0.025050447414150804
-0.02507224117770441
-0.02509428628897498
-0.02511663514400533
-0.02513925624546818
-0.025162191091194597
-0.025185422803277676
-0.025209061135326217
-0.025232883448178867
-0.02525715276321551
-0.025281786494253475
-0.025306754764276126
-0.025332038435081337
-0.025357459869215837
-0.025383386252175608
-0.02540954470899295
-0.025436066760168553
-0.02546283271059408
-0.02548986253851936
-0.025517322646128843
-0.02554491908634082
-0.025572836248666
-0.02560110852016545
-0.025629821875883498
-0.02565894550645977
-0.02568838266524837
-0.025718168944077302
-0.02574823244280047
-0.02577877298860847
-0.02580953574644958
-0.02584057896973447
-0.0258719461998821
-0.02590364112334137
-0.025935623865248995
-0.025967864364854588
-0.026000527427687575
-0.026033541876889842
-0.02606688635788137
-0.026100572061139665
-0.02613451567814152
-0.02616881136910753
-0.02620354377469697
-0.02623892505696025
-0.0262749965747692
-0.026311262451843627
-0.02634798260542299
-0.026384912718876156
-0.026422342500203394
-0.026459897377654713
-0.02649798455072757
-0.026536421667293666
-0.026575240332333622
-0.026614423285404868
-0.02665399079524233
-0.026693935886221806
-0.02673422629873438
-0.026774948102441718
-0.026816118328176517
-0.02685763035452463
-0.026899368325764113
-0.026941573032408784
-0.026984246446281675
-0.027027410662750287
-0.027070976264232317
-0.027114844287858316
-0.027159146878740156
-0.027204218720859024
-0.027248818252095793
-0.027293341328481414
-0.02733817247539439
-0.02738299429571153
-0.027428135888460867
-0.02747361789952306
-0.02751945033702882
-0.027566009180442615
-0.02761270500693565
-0.027659817112452696
-0.02770714189012184
-0.027754768738664417
-0.02780282530933534
-0.027851241355717305
-0.027899987026934667
-0.027949121934136824
-0.027998594948109946
-0.02804849657332571
-0.02809887150880976
-0.028149536329657655
-0.028200572803525906
-0.028251985927829085
-0.028303735175801276
-0.028355982089761898
-0.028408534527665535
-0.02846156157963686
-0.028514962828902892
-0.02856873291084269
-0.02862290550698698
-0.02867778448461093
-0.028732886763093005
-0.028788267223769936
-0.02884401757694679
-0.028900370103465498
-0.028957099725772283
-0.0290141551146045
-0.029071569137808076
-0.029129388624410116
-0.029187739910368965
-0.02924644222540545
-0.029305662603056577
-0.029365252223736763
-0.0294254727116032
-0.029485915830812327
-0.029546841761611424
-0.029608150584350457
-0.029669899787242403
-0.02973204121357389
-0.02979469172891946
-0.029857841859660044
-0.029921289874539677
-0.029985393740974673
-0.03004986372942477
-0.030114845868479765
-0.03018020624889905
-0.030246056210772778
-0.030312315049375708
-0.030379011580492245
-0.030446437345279798
-0.030514148315503656
-0.0305822409179642
-0.030650862752110826
-0.03071989316048756
-0.03078944826372805
-0.030859352784507764
-0.03092966852756332
-0.031000453111000588
-0.03107176002586862
-0.03114351353134197
-0.03121572443924527
-0.03128840892719539
-0.03136158651382757
-0.0314352096537879
-0.03150947723022902
-0.031584104356233364
-0.031659219114509765
-0.03173484752443203
-0.031810992687445735
-0.03188793167820994
-0.03196500416248276
-0.032042745857465305
-0.03212088712950471
-0.03219949751163388
-0.0322787717573043
-0.032358533043566416
-0.03243882207431336
-0.032519660770927356
-0.032601020516542865
-0.03268306266308167
-0.032765263666739805
-0.032848004348735846
-0.03293161542959036
-0.033015629791147076
-0.03310029514511686
-0.03318566048002609
-0.03327150469060149
-0.033357776638596875
-0.03344473725373826
-0.03353231583404346
-0.03362033944484923
-0.03370874164701056
-0.03379804575870355
-0.033887799538905986
-0.03397820007575485
-0.03406917353520225
-0.03416074753330031
-0.034252916542942796
-0.03434571996521803
-0.0344388071888423
-0.03453275518843261
-0.034627111094024485
-0.03472249210734962
-0.03481803812696065
-0.03491407330874217
-0.03501082701319663
-0.03510808914561274
-0.035205982338980694
-0.035304478454001004
-0.035403785925691156
-0.03550370494443938
-0.03560471162867555
-0.03570607365812073
-0.035808423593322994
-0.03591152455415299
-0.036015137405884454
-0.03611949504949466
-0.036224595186946
-0.036330491990209726
-0.036437021882364015
-0.036544177763580335
-0.03665207423208674
-0.03676050590754829
-0.036869760074734
-0.0369797512975231
-0.03709048843017817
-0.037202323158990476
-0.03731445390813524
-0.03742756713114898
-0.03754200393359392
-0.03765725450873148
-0.03777272335247432
-0.03788878784296787
-0.038005737272315245
-0.0381239035623627
-0.038242708790598684
-0.03836429503237734
-0.03848459257621733
-0.03860782595328735
-0.03873170978724574
-0.038854931411922845
-0.03897918748452618
-0.03910534284942296
-0.03923151548794474
-0.03935853953157259
-0.039488052434984086
-0.03961698623492179
-0.039746503018333414
-0.03987691364565964
-0.0400087423067163
-0.04014303216769726
-0.04027816556814782
-0.04041391299037305
-0.04055008571794298
-0.04068834875261314
-0.04082748796950243
-0.040967810134914746
-0.041109175314459324
-0.04125091162690675
-0.04139439041638602
-0.04153904577522046
-0.04168475899545962
-0.04183120279886711
-0.04197905472345732
-0.042128127893216724
-0.042278323799512754
-0.04242969586638689
-0.042582295487121495
-0.0427360387260838
-0.04289105325373035
-0.04304730631802169
-0.0432047481016953
-0.04336335799659691
-0.043523253461859986
-0.0436844840101631
-0.04384712641333475
-0.04401105265569628
-0.04417642384383732
-0.04434314660112704
-0.04451112653660315
-0.0446805811528789
-0.04485141007240164
-0.04502369172650679
-0.045197400162914944
-0.04537258003838697
-0.04554922879044936
-0.04572738804573454
-0.04590704831923092
-0.04608820878972903
-0.046270933986804506
-0.046455187982044836
-0.04664101661110632
-0.04682850893403123
-0.04701764314451312
-0.04720840908946686
-0.047400910456984795
-0.047595097720452534
-0.047790996408915494
-0.047988631858839545
-0.048188077155867634
-0.04838930219252589
-0.04859235526816097
-0.04879722087338206
-0.04900388599174244
-0.049212450102332224
-0.04942289457237267
-0.04963525007242248
-0.049849567990470314
-0.05006584487265389
-0.050284147662565996
-0.05050448719134954
-0.05072692153824404
-0.05095139676306706
-0.05117797733806167
-0.0514066371173319
-0.05163741439036444
-0.05187039965889235
-0.05210557912363437
-0.052342970202800716
-0.05258260931884632
-0.052824522761721726
-0.05306871849881718
-0.05331528516976602
-0.053564332328250044
-0.05381577408008273
-0.054069657859459545
-0.05432600090389258
-0.05458482988820961
-0.05484614763424326
-0.055110001259592215
-0.05537643685365365
-0.05564542654474039
-0.05591702599986795
-0.05619123689211708
-0.0564680651166307
-0.056747596622579714
-0.057029823916056224
-0.05731479792825851
-0.05760250104285886
-0.05789296014197851
-0.058186247149749806
-0.05848237786603143
-0.058781357718952876
-0.05908323464850957
-0.05938794445234103
-0.05969572589239177
-0.06000641286478172
-0.06032017807416608
-0.060637051202827044
-0.060957119796434193
-0.06128042423533917
-0.06160703971317057
-0.06193707366258667
-0.06227056822509732
-0.06260759721447216
-0.0629482364369911
-0.06329262571993721
-0.06364091854725862
-0.06399321190943319
-0.06434966929982054
-0.06471038114694054
-0.06507545593468628
-0.06544492177800462
-0.06581897051275852
-0.0661977611376315
-0.06658137906631431
-0.06696997910423641
-0.0673636653083249
-0.06776254110641812
-0.06816674272619302
-0.06857624439286938
-0.06899126787273671
-0.06941201741825376
-0.0698386225095197
-0.07027122649447498
-0.07071000633160526
-0.0711550967768013
-0.07160663603888791
-0.07206483215800918
-0.07252983317178188
-0.07300179647596317
-0.07348090211285398
-0.07396725779059297
-0.0744611623311217
-0.07496260293179992
-0.07547202617718819
-0.0759894267853148
-0.07651509512977314
-0.07704925034502819
-0.0775920834654833
-0.07814376215904358
-0.07870449127801894
-0.07927453854054016
-0.07985422581417947
-0.08044375194645678
-0.08104333685295306
-0.08165324503906951
-0.08227376385402092
-0.08290509137349333
-0.08354749005735443
-0.08420130314115347
-0.08486671762116109
-0.08554407015157259
-0.08623366955975527
-0.0869358569032466
-0.08765093000244815
-0.08837931857220373
-0.08912132658447795
-0.0898774037664197
-0.09064788282440969
-0.09143318057946406
-0.09223382078487065
-0.0930501875475288
-0.09388413421059143
-0.0947345439960344
-0.09560219089448738
-0.09648761786526303
-0.09739136841310411
-0.09831404977174538
-0.09925630445975503
-0.10021877935548425
-0.10120219297432556
-0.10220727203804808
-0.10323475720547416
-0.10428544862526942
-0.10536017230638059
-0.10645968252946666
-0.1075849247521401
-0.10873680191116449
-0.10991625865505876
-0.11112430460993637
-0.11236196926786131
-0.11363038284227722
-0.11493070336833883
-0.11626412593227883
-0.11763192492158876
-0.11903542035341756
-0.12047598071155056
-0.12195506473841201
-0.12347421953184787
-0.12503506843864015
-0.12663934278916966
-0.12828883720214046
-0.1299854780905325
-0.13173130339808636
-0.13352844225286975
-0.13537916831932356
-0.13728590116083933
-0.13925117421413288
-0.14127769108555166
-0.14336831607959036
-0.14552611708975974
-0.14775422408434863
-0.15005616394402588
-0.15243557052111875
-0.15489631647055876
-0.15744251353510078
-0.16007880461508667
-0.16280956971372154
-0.16563977760258605
-0.16857471653697492
-0.17162002971960952
-0.17478173921969387
-0.17806625837626325
-0.18148045505114396
-0.1850316662275332
-0.18872774016201663
-0.1925770829573031
-0.1965887046035144
-0.2007722662410698
-0.20513813388615806
-0.20969744262818993
-0.21446215830252116
-0.21944515100831502
-0.22466027431650276
-0.2301224511716111
-0.23584778181862978
-0.2418536167689551
-0.2481587102722791
-0.2547833365531009
-0.26174942679438984
-0.26908074456828085
-0.27680305093813834
-0.28494431687155586
-0.29353493339164854
-0.3026079472268881
-0.31220096281427756
-0.3223518382553279
-0.33310333966696404
-0.3445022340772078
-0.35659969589072826
-0.3694517905866408
-0.38312001923226036
-0.3976719339029725
-0.4131818365897305
-0.42973444030859403
-0.4474173204253476
-0.4663302138416625
-0.48658355766607586
