-0.5134166748453577
-0.49229524340580133
-0.47250020436681756
-0.45392942955512583
-0.43648984961767806
-0.42009655165212967
-0.4046719728342945
-0.39014518856011576
-0.3764512726597927
-0.3635307275553261
-0.35132897177881595
-0.3397958868644537
-0.3288854038942045
-0.3185551375824757
-0.30876605382788247
-0.2994821720086627
-0.2906702955553795
-0.28229977038563525
-0.2743422657416401
-0.26677157496377363
-0.2595634285848377
-0.2526953558372146
-0.24614651292163994
-0.2398975577955592
-0.23393052572795148
-0.22822872012857645
-0.22277661200837282
-0.2175597471718436
-0.21256466086074366
-0.2077788036319563
-0.20319047010265545
-0.19878873319044227
-0.19456338708810925
-0.19050489249148808
-0.18660433095609352
-0.18285334452713783
-0.1792441184605776
-0.1757693283300022
-0.1724221070477185
-0.16919600374838087
-0.16608496488820562
-0.1630833067342634
-0.1601856877251877
-0.15738708559158196
-0.1546827708195093
-0.15206829305085576
-0.14953945297389606
-0.14709229642210586
-0.1447230933956367
-0.14242832533016758
-0.14020466942726043
-0.138048982586743
-0.13595829418052896
-0.13392981026465023
-0.1319608804010823
-0.13004897666201878
-0.12819173330742278
-0.1263868743022068
-0.12463227974631409
-0.1229259147382666
-0.12126584433029217
-0.11965024314074638
-0.11807737405716656
-0.11654559646570137
-0.1150533100991978
-0.11359900837766572
-0.11218128938830484
-0.11079883630126278
-0.10945033857431294
-0.1081345599359158
-0.10685035886115898
-0.10559661139928134
-0.10437208153098508
-0.1031759067485162
-0.10200713026645965
-0.1008647757545628
-0.0997479020481863
-0.098655729381167
-0.09758750266808962
-0.09654240533637211
-0.09551961405433698
-0.09451849394612488
-0.09353834564032495
-0.09257849628062625
-0.09163835352699114
-0.09071730562727252
-0.08981481736925391
-0.08893027785921462
-0.08806320748528765
-0.08721302180695321
-0.0863793346687903
-0.08556164306760379
-0.08475952967999385
-0.08397255781067313
-0.08320028968024823
-0.08244233332554629
-0.08169837226657102
-0.08096785634223282
-0.08025058439090985
-0.07954624503009437
-0.07885454099897372
-0.0781751519725227
-0.0775078487698373
-0.07685223450424825
-0.07620806297059451
-0.07557515705106817
-0.07495319781503557
-0.07434194535507119
-0.07374118295570481
-0.07315068975411891
-0.0725703591907828
-0.07199990686331002
-0.07143787251438051
-0.07088566293510765
-0.0703426248114502
-0.06980885161957132
-0.06928397516214563
-0.06876803094096605
-0.06826043775488698
-0.06776145648811098
-0.0672710594203184
-0.06678889017991811
-0.06631451116934071
-0.06584850773494001
-0.0653909827888091
-0.06493594841252065
-0.0644928859111648
-0.06405139244063691
-0.0636141318264178
-0.06318378931994137
-0.06275984010702128
-0.062342475125192136
-0.0619314780568324
-0.06152678374956379
-0.06112811507242872
-0.06073511218449526
-0.060347999573689685
-0.05996655394562431
-0.05959064647273249
-0.05922009007252582
-0.058854692616351484
-0.05849426460801608
-0.05813871519639642
-0.05778782808717435
-0.05744128512073868
-0.05709887863352318
-0.056760317552296345
-0.05642542460200599
-0.05609412746470633
-0.055766092501481845
-0.055440829909403605
-0.055118170817885566
-0.0547980675795431
-0.05448000151626669
-0.05416398848148569
-0.05384977568768232
-0.05353714856514047
-0.05322627649771426
-0.05291701934807792
-0.05260939027932683
-0.05230379930831921
-0.052000197616692945
-0.05169866830120912
-0.0513991130484962
-0.051101899768638395
-0.050807104617402316
-0.050514723420441596
-0.050224762704009905
-0.049937227997067866
-0.04965219563363987
-0.04936971936039142
-0.049089713201521286
-0.04881235439466036
-0.048537554216850944
-0.04826550860689678
-0.0479960411618571
-0.04772966143613806
-0.04746594716690684
-0.04720511633356661
-0.0469473870039346
-0.04669251338146444
-0.04644052775855539
-0.04619141716783465
-0.045945173762380394
-0.04570187305697457
-0.045461372004431316
-0.04522402676040663
-0.04498969088805611
-0.04475826132207808
-0.044529840118197286
-0.0443043760457348
-0.04408186238197904
-0.04386223458329817
-0.04364550281093083
-0.04343152407669383
-0.04321996729399489
-0.04301141194161027
-0.04280568469461773
-0.042602656833537776
-0.04240154146094927
-0.04220295266889687
-0.042006227054554215
-0.04181258014701821
-0.041621592065788734
-0.04143294036692936
-0.0412462636059251
-0.041061852422571675
-0.04087943170965884
-0.04069905129781674
-0.04052068582349063
-0.04034438236462271
-0.0401702989266724
-0.039997829510256225
-0.03982733131334915
-0.03965872877203641
-0.039491870913149006
-0.03932704836187459
-0.03916083769883386
-0.03899931914169557
-0.03883942163217544
-0.03867954782021319
-0.03852271088133673
-0.03836736027331674
-0.03821408284065999
-0.038061303782298626
-0.037910944488657776
-0.037761689308653826
-0.037614456639387034
-0.03746837393275646
-0.03732303896716185
-0.03718012978685731
-0.03703897797652405
-0.03689738006246339
-0.03675486594007364
-0.036617272380058984
-0.03648042264999599
-0.03634232302623878
-0.03620652554643173
-0.03607102202652573
-0.03593740797441888
-0.035808400284067135
-0.03567733634512983
-0.03554754569253817
-0.035422479017524676
-0.03529713078474687
-0.03517027068239136
-0.035044199553148005
-0.03492305060383833
-0.03479926776533226
-0.034676558632481196
-0.034557410214705146
-0.03443917170601576
-0.03432231413293843
-0.03420700741861132
-0.03409161709035151
-0.03397751043696681
-0.03386442840226622
-0.03375222529012288
-0.0336410760398472
-0.03353023609523776
-0.03341958982766072
-0.0333109025449066
-0.03320331172729295
-0.03309775046998637
-0.03299142364496494
-0.032885828730386354
-0.03278109583182232
-0.032678097047159384
-0.03257605553470713
-0.032476032841187996
-0.03237657917048082
-0.03227781482750621
-0.032178870142749
-0.03208151565348734
-0.031984863030492985
-0.03189011146611494
-0.03179528693334546
-0.031703013199592525
-0.031611491985421916
-0.03152054108046436
-0.03142936369675434
-0.031339834791735396
-0.031249912616140962
-0.03116126885815614
-0.03107339200537078
-0.030986065750437837
-0.030900201586736953
-0.030816069481962468
-0.03073228333442612
-0.030648587478864835
-0.03056598696948099
-0.03048327612281435
-0.03040190897724751
-0.030321622648269906
-0.03024199152364314
-0.03016362123388567
-0.03008501053433997
-0.030007000640392852
-0.029929793854699363
-0.029853299914044805
-0.02977719875979998
-0.029702254684959038
-0.029628159392349914
-0.029554692712829324
-0.029482320283409278
-0.0294101470519083
-0.02933825749494548
-0.029268138932471245
-0.02919903122220573
-0.029130016761915956
-0.029061484281262654
-0.028993452131822563
-0.0289261645430439
-0.028859353619741554
-0.028793103348867494
-0.028727949389784586
-0.02866321550726217
-0.02859921748969726
-0.02853597296011686
-0.028473134475203454
-0.028411028000296427
-0.028349484165833445
-0.0282885072511707
-0.028228025718836657
-0.028167987772671554
-0.028108644617736822
-0.02805005345569413
-0.027991789042791867
-0.027934336671312218
-0.0278774077280191
-0.02782099232675838
-0.027765427806192226
-0.027710421376944884
-0.027655914783061956
-0.027601916964232823
-0.027548718166236885
-0.02749586017194443
-0.02744355957920726
-0.02739166379478252
-0.0273401219960386
-0.027289355589192738
-0.02723884750214619
-0.027189213569662897
-0.027140218341606175
-0.027091587000638486
-0.02704369996991132
-0.026996385373596284
-0.026949243308223556
-0.026902643082647195
-0.026856925061081335
-0.02681170594084503
-0.026766767054900994
-0.02672248619453968
-0.02667871197288188
-0.026634926189275026
-0.026592031965546523
-0.026549907855071466
-0.026508259276823234
-0.026467130523502476
-0.02642632594351867
-0.026385947941836213
-0.026346074026711172
-0.026306614272760986
-0.02626756681059091
-0.026228906438423776
-0.026190730046854568
-0.026152818056706384
-0.02611531766734049
-0.02607817765710582
-0.02604140025375207
-0.02600485513888468
-0.025968499015229338
-0.025932432822434636
-0.02589715874503608
-0.02586212900723381
-0.025827608925619912
-0.025793276199275465
-0.025759485826479068
-0.025725918256384296
-0.02569297256164203
-0.025660398128368886
-0.025628040961791113
-0.025595899554287385
-0.02556417571269823
-0.025532878781268895
-0.02550205616519311
-0.025471239833643775
-0.02544070757564331
-0.025410533262822457
-0.025380687678742592
-0.025351153435438725
-0.02532190990419007
-0.02529290427951868
-0.025264209140043056
-0.025235738662753866
-0.025207529958025977
-0.02517961265628581
-0.025151963821465975
-0.02512476620522413
-0.025097796705487247
-0.025070942930129642
-0.025044474195912277
-0.025018131501158735
-0.024992059031926056
-0.024966098737644243
-0.024940148477894847
-0.024914422901282856
-0.024888824079898734
-0.024863407654195802
-0.024838358579632597
-0.024813612015759406
-0.02478919131078825
-0.02476500453001332
-0.024741173016071403
-0.024717712230572435
-0.024694436893775956
-0.024671751105325206
-0.024649655218858434
-0.02462825929272479
-0.024607626935032472
-0.02458799003344866
-0.024569374944381658
-0.024551838363486296
-0.02453537253799706
-0.024519863954605436
-0.024505414657872662
-0.024491887023973292
-0.02447927046812051
-0.024467529840602294
-0.0244568032391434
-0.024446815310347064
-0.024437620941129876
-0.02442914462542067
-0.02442131905963675
-0.02441398426298967
-0.024407197876576144
-0.024400831401297143
-0.024394942270142068
-0.024389334204112868
-0.024384327376587325
-0.02437959014441749
-0.024375112082877102
-0.024370999513017064
-0.02436729296735556
-0.024363709231001496
-0.024360533463033067
-0.02435737919314338
-0.024354664317194546
-0.024352181228959466
-0.024349949699644362
-0.024347943225754183
-0.024346163788846922
-0.024344595090445342
-0.024343199579492582
-0.024342073265215616
-0.024341227388952225
-0.024340561180799792
-0.02434021143197968
-0.024340086702868066
-0.024340257151629362
-0.02434080006726408
-0.024341638799848662
-0.02434286446807288
-0.024344053941964563
-0.0243454811028246
-0.02434702070331415
-0.024349050453291183
-0.024351391560846872
-0.024354001054824184
-0.02435677020220791
-0.024359784582481572
-0.024363149283270158
-0.02436679208991694
-0.024370709060872967
-0.024374887188323105
-0.024379373981654715
-0.02438419037690715
-0.02438932945540307
-0.024394749845258412
-0.024400362628971713
-0.02440634555214306
-0.024412645925262506
-0.024419278109377406
-0.024426209877833865
-0.02443344136926995
-0.024440987994967172
-0.024448855739481145
-0.02445706194435767
-0.024465598690960173
-0.02447452380768626
-0.024483812148458448
-0.024493432546992322
-0.0245033605253524
-0.02451361724211939
-0.02452423047660642
-0.02453509030443913
-0.024546335423030464
-0.024557998930661254
-0.02456999136259987
-0.02458236686050425
-0.024595001207778716
-0.02460791385291421
-0.024621191449655706
-0.024634804495127904
-0.024648791570734505
-0.024663107486575655
-0.024677807655538064
-0.024692846279686053
-0.02470822122667445
-0.024723924272436967
-0.024739940341397756
-0.024756323986647812
-0.024773048285643546
-0.024790026864935477
-0.02480745203608463
-0.024825215667685828
-0.024843204333285462
-0.02486174186855493
-0.024880435217951972
-0.0248996912687678
-0.0249192223563984
-0.024939103123799787
-0.02495935688533516
-0.0249799160853666
-0.025000845345128347
-0.025022079309897038
-0.025043511552005418
-0.02506528733399714
-0.025087314100830614
-0.02510964423300528
-0.0251322462738077
-0.02515516172319512
-0.02517837374087638
-0.025201992089045964
-0.02522579421881926
-0.025250043147985738
-0.025274656361284703
-0.025299604054092078
-0.025324867166889326
-0.025350268191192953
-0.0253761743640828
-0.02540231298492748
-0.025428815694621933
-0.02545556301512802
-0.02548257510586295
-0.025510018587197397
-0.025537599812771226
-0.025565503454617576
-0.025593764245781653
-0.02562246855584574
-0.02565158605483696
-0.025681020535621303
-0.02571080817901626
-0.025740877786955087
-0.025771429938449057
-0.025802210719731652
-0.02583327936252406
-0.02586468052448019
-0.02589641916662568
-0.0259284568063527
-0.025960764966537306
-0.025993510130076666
-0.026026622976538842
-0.026060084038331245
-0.026093906290691415
-0.026128007697817333
-0.02616248131790219
-0.026197294918109425
-0.026232544985627628
-0.026268424982642476
-0.02630450855490766
-0.026341061957051132
-0.02637784251882022
-0.026415139734441543
-0.02645257822553539
-0.026490563972236134
-0.026528913399577237
-0.026567656844510585
-0.026606775831377043
-0.026646289473783058
-0.026686189726732076
-0.02672644335110509
-0.026767135498471355
-0.026808282371175392
-0.02684977661067507
-0.026891501706425572
-0.026933697801114886
-0.026976366308841208
-0.027019528832253097
-0.02706309553742952
-0.027106967065392333
-0.02715127517044057
-0.027196354203751945
-0.027240962515379497
-0.02728549562727643
-0.027330337765411886
-0.02737517140462193
-0.027420325406012094
-0.027465820251903566
-0.027511665808338352
-0.027558237874564358
-0.027604947030684425
-0.027652072423387908
-0.027699410396701738
-0.027747050277568443
-0.027795119635082962
-0.027843548181705372
-0.027892306029487782
-0.02794145275035229
-0.02799093719656384
-0.028040849819173392
-0.02809123529952088
-0.028141910218975545
-0.028192956320718273
-0.028244378600182207
-0.02829613652353173
-0.028348391616446023
-0.028400951749272513
-0.028453985990469072
-0.02850739393267229
-0.028561170218090303
-0.02861534854448753
-0.028670232726442788
-0.028725339744998853
-0.02878072449072236
-0.028836478672236467
-0.02889283455738834
-0.028949567086990438
-0.029006624944329554
-0.02906404101030987
-0.02912186212389785
-0.02918021461002338
-0.02923891773107098
-0.029298138506753984
-0.029357728152572798
-0.029417948269160575
-0.02947839067281899
-0.029539315527362643
-0.029600622941212643
-0.02966237039805574
-0.02972450977794794
-0.029787157916162987
-0.02985030536300231
-0.029913750427599594
-0.029977851017258427
-0.030042317458811696
-0.030107295782149608
-0.030172652092879008
-0.030238497738301093
-0.0303047520245929
-0.030371443779914277
-0.03043886450115318
-0.030506570246610833
-0.030574657413497824
-0.030643273609185177
-0.030712298174554196
-0.03078184722361476
-0.030851745517962596
-0.03092205486555448
-0.03099283287741506
-0.031064133044383414
-0.031135879647406987
-0.0312080835023277
-0.03128076078174546
-0.03135393101427064
-0.031427546655768156
-0.031501806574489734
-0.03157642592798092
-0.03165153278666581
-0.031727153154721015
-0.03180329015488456
-0.03188022082230679
-0.031957284908492437
-0.03203501808171953
-0.03211315073984489
-0.03219175241515493
-0.03227101782833517
-0.032350770191656955
-0.0324310502018806
-0.03251187978209505
-0.032593230322101714
-0.03267526314963767
-0.032757454803959814
-0.03284018606795169
-0.032923787611835446
-0.033007792368581416
-0.033092448035585934
-0.033177803585549726
-0.03326363794330542
-0.03334989999198856
-0.03343685062011418
-0.0335244191391229
-0.03361243263119858
-0.03370082466613412
-0.03379011848123957
-0.03387986192090986
-0.0339702520355492
-0.03406121501593434
-0.034152778469653894
-0.034244936866734375
-0.034337729604093044
-0.034430806123354515
-0.03452474341637166
-0.034619088584581265
-0.034714458733414014
-0.03480999392723321
-0.03490601827067403
-0.03500276110318081
-0.035100012358080426
-0.03519789467777333
-0.035296379916933136
-0.03539567648764453
-0.03549558462534141
-0.03559658030584653
-0.03569793141680088
-0.03580027033130401
-0.03590336024739734
-0.03600696205188574
-0.03611130862928253
-0.03621639767601175
-0.036322283342415
-0.03642880210723396
-0.03653594685390812
-0.03664383217430531
-0.03675225273526878
-0.0368614957762458
-0.0369714758879044
-0.03708220192530468
-0.037194025472397516
-0.03730614514141451
-0.03741924729431833
-0.037533672962935714
-0.037648912420018416
-0.03776437027071752
-0.037880423855305594
-0.03799736245318388
-0.03811551790940545
-0.03823431240019588
-0.03835588763894993
-0.038476174550509876
-0.03859939703527123
-0.03872327001595765
-0.03884648107538499
-0.038970726638257416
-0.039096871398482454
-0.03922303364926411
-0.039350047408352
-0.0394795498439645
-0.039608473496330544
-0.03973798031030055
-0.03986838113446023
-0.04000020007947873
-0.04013448009249185
-0.040269603748149016
-0.040405341595927007
-0.040541504988804995
-0.04067975861563247
-0.040818888531829065
-0.04095920145668658
-0.04110055747506972
-0.041242284807116954
-0.04138575458875736
-0.04153040098890636
-0.04167610531133238
-0.041822540327784256
-0.04197038346096799
-0.04211944784989851
-0.04226963498529047
-0.042420998277144975
-0.042573589092110495
-0.042727323502194194
-0.042882329130971564
-0.043038573227068486
-0.04319600596785755
-0.043354606749516855
-0.043514493388078584
-0.04367571485117635
-0.04383834819743438
-0.04400226546323398
-0.04416762776249391
-0.04433434175919194
-0.04450231310543897
-0.04467175927981199
-0.04484257993568971
-0.045014853496230085
-0.04518855401721345
-0.04536372614772266
-0.045540367318677326
-0.04571851914515942
-0.04589817213943229
-0.04607932547498037
-0.046262043664311935
-0.046446290783128896
-0.046632112658550176
-0.0468195983301263
-0.047008725984201714
-0.04719948546791579
-0.04739198044283252
-0.047586161385886845
-0.047782053822839995
-0.04797968308133269
-0.04817912222868041
-0.048380341164881005
-0.04858338817434542
-0.04878824774507058
-0.04899490686049446
-0.04920346498509257
-0.04941390347892716
-0.04962625299938486
-0.04984056491722577
-0.05005683578189463
-0.050275132504771114
-0.05049546591615583
-0.05071789406813849
-0.050942363018603394
-0.05116893720961323
-0.05139759049104331
-0.05162836112639496
-0.05186133959056947
-0.05209651206551104
-0.05233389594723682
-0.05257352763529746
-0.0528154333958427
-0.05305962116716532
-0.05330617955218589
-0.05355521806497179
-0.053806650782156795
-0.05406052509960115
-0.0543168582154904
-0.0545756767577276
-0.054836983507528796
-0.05510082552361691
-0.055367248831276875
-0.055636225507009494
-0.055907811141230626
-0.05618200733457967
-0.05645881989620571
-0.05673833467682988
-0.0570205440832707
-0.057305498908509146
-0.057593181406409066
-0.057883618303433214
-0.05817688134271291
-0.05847298612944326
-0.058771937867248616
-0.05907378423281664
-0.059378460748623525
-0.059686205766982615
-0.05999685283514216
-0.0603105741514788
-0.06062739885368396
-0.06094741385301088
-0.061270658777138116
-0.061597207963418235
-0.061927168064325896
-0.062260579814857504
-0.06259751571332733
-0.06293804991010878
-0.06328232074171486
-0.06363047989672513
-0.06398262258430236
-0.06433891123124602
-0.06469943810587099
-0.06506433191616931
-0.06543370266628859
-0.06580768209584406
-0.06618640629405309
-0.06656995413020589
-0.0669584797667862
-0.0673520875382853
-0.06775088135626604
-0.06815499791607096
-0.06856441191891992
-0.06897934550717288
-0.06940000327611032
-0.06982651501866641
-0.07025902435648172
-0.07069770847424117
-0.07114270232971348
-0.07159414430740776
-0.0720522425751331
-0.07251714527906415
-0.07298900959753973
-0.07346801596822036
-0.07395427218553569
-0.0744480770868566
-0.0749494179207616
-0.0754587412722189
-0.07597604186822371
-0.07650161007697348
-0.07703566500894278
-0.07757839768621957
-0.07812997574282683
-0.07869060401861835
-0.07926055012046859
-0.079840135908101
-0.08042956024218324
-0.08102904295696046
-0.08163884848956678
-0.08225926421789126
-0.08289048816149595
-0.0835327827081009
-0.08418649100496911
-0.08485180005344266
-0.08552904642518663
-0.08621853888915046
-0.08692061844242012
-0.0876355828552936
-0.08836386175528141
-0.08910575906220089
-0.0898617244227177
-0.09063209047726073
-0.09141727398647069
-0.09221779861099516
-0.0930340484140954
-0.09386787652731468
-0.09471816679658866
-0.09558569305387882
-0.09647099813903576
-0.09737462549296355
-0.09829718229240114
-0.0992393110100339
-0.10020165847843299
-0.10118494315475286
-0.10218989169783524
-0.10321724469564983
-0.10426780221807591
-0.10534239019335762
-0.10644176284108675
-0.10756686555565578
-0.10871860123483146
-0.10989791450791381
-0.11110581057725975
-0.1123433234921616
-0.11361158358179256
-0.11491174891402947
-0.11624501454565689
-0.11761265483734887
-0.11901598955822426
-0.12045638565054044
-0.12193530122067357
-0.12345428541512858
-0.12501496151846375
-0.12661906081753563
-0.1282683779089807
-0.129964839189018
-0.13171048258516044
-0.13350743629165224
-0.1353579750057216
-0.1372645182575235
-0.13922959945703683
-0.1412559218969801
-0.14334635035505347
-0.14550395174507555
-0.14773185656083915
-0.15003359136257333
-0.15241279007369163
-0.15487332540847137
-0.15741930916342226
-0.16005538424924265
-0.16278593076767317
-0.16561591757070376
-0.16855063301396694
-0.17159572042877413
-0.17475720205124343
-0.17804149143934725
-0.18145545673047878
-0.18500643525251825
-0.18870227570377662
-0.19255138474191938
-0.19656277303420633
-0.20074610257578537
-0.2051117398429191
-0.20967082199840914
-0.2144353163099045
-0.2194180946442949
-0.22463301230507135
-0.2300949956602682
-0.2358201480150722
-0.2418258234245114
-0.24813078093708532
-0.2547552997520297
-0.26172131794879094
-0.26905260633860595
-0.2767749353083354
-0.28491628665441915
-0.2935070641921048
-0.30258032803074575
-0.3121737024774187
-0.3223250681246889
-0.3330772162045209
-0.34447694528602646
-0.35657546593635053
-0.3694288868125004
-0.38309876116590447
-0.3976527028072609
-0.41316508723242673
-0.4297207149410855
-0.4474072680008784
-0.4663246086792907
-0.4865833251546423
