-0.4947837489275692
-0.3922175344055985
-0.3140072949115482
-0.2542637844776142
-0.20853030960242547
-0.17343288805255153
-0.1464161686660268
-0.12554399744354025
-0.10934874166840511
-0.09671740767364338
-0.08680553369965419
-0.07897206095629274
-0.07273005493081942
-0.06770940803489127
-0.063628599152351
-0.060273308218691084
-0.05748021134883649
-0.05512470113908467
-0.05311158056234201
-0.05136800299899361
-0.049838118724497164
-0.04847901226130965
-0.04725761938887737
-0.04614838328276515
-0.045131479562152806
-0.04419146208006313
-0.043316235437084634
-0.0424962727863725
-0.04172402123236023
-0.04099344734717364
-0.040299691403155556
-0.03963880306957153
-0.039007539249790425
-0.038403209400418144
-0.03782355664719981
-0.03726666638152601
-0.036730895959827176
-0.036214820230789424
-0.03571718945688865
-0.03523689640160727
-0.03477295071017851
-0.034324459043758616
-0.03389060908775329
-0.0334706579804611
-0.03306392332990726
-0.03266977035144361
-0.032287610767584844
-0.031916896104674394
-0.03155711313688147
-0.031207780537330393
-0.030868445735978953
-0.030538682888200205
-0.030218090207094525
-0.0299062881854168
-0.029602917929211874
-0.029307640146029764
-0.02902013308343856
-0.02874009171153494
-0.028467226542891383
-0.02820126287391699
-0.027941939289018797
-0.027689007671113028
-0.027442231593217434
-0.027201385801750622
-0.02696625609586415
-0.02673663781788868
-0.026512336060019737
-0.026293165566950584
-0.026078945573134744
-0.025869505829607366
-0.025664684548114016
-0.02546432685933379
-0.025268284410792805
-0.02507641517164434
-0.024888582204809075
-0.024704661805767376
-0.024524527477741993
-0.02434804217468412
-0.024175102900716203
-0.0240056009361747
-0.0238394367091837
-0.023676495390800616
-0.023516679780815876
-0.023359891993614275
-0.023206058632266033
-0.02305510051571603
-0.022906897841635007
-0.0227613917091231
-0.02261850724564045
-0.022478148862099603
-0.022340308267378484
-0.022204860412625167
-0.02207174251454265
-0.021940906715275536
-0.021812258827776876
-0.021685768325070683
-0.021561384019954558
-0.02143906043512039
-0.021318742280708538
-0.02120035155212898
-0.02108384954033574
-0.02096921328237118
-0.020856376358326243
-0.020745297358989088
-0.02063593639239134
-0.02052825724236149
-0.020422218511754627
-0.020317785902884654
-0.020214932138830594
-0.020113614198958317
-0.02001380115647647
-0.019915463757446385
-0.019818567489729592
-0.019723091151473224
-0.019629002069455996
-0.019536264913526027
-0.019444870182428412
-0.0193547780297602
-0.019265961709511628
-0.01917839986606878
-0.01909206911547234
-0.019006943620924338
-0.01892300074805597
-0.01884021390025733
-0.01875855801949858
-0.01867800829881879
-0.01859854055006619
-0.018520126614478615
-0.01844274147027672
-0.018366355545632873
-0.01829094394703145
-0.01821647465658314
-0.01814291880482511
-0.018070249089051676
-0.017998430696414186
-0.017927426208520197
-0.017857199991799758
-0.017787724593259002
-0.017718955101882414
-0.017650857898945906
-0.017583401453329664
-0.017516546866668713
-0.017450262914153355
-0.01738450973741336
-0.017319261538942716
-0.017254488468805364
-0.017190173315176964
-0.017126306960199393
-0.017062887879222426
-0.016999926152301406
-0.016937439922127276
-0.01687546724292538
-0.016814064483241326
-0.016753295748696433
-0.01669325105956361
-0.016634041128727496
-0.016575784365009918
-0.016518612905477587
-0.016462671259213687
-0.016408109797710735
-0.016355052035913212
-0.016303608126761543
-0.01625385190459622
-0.016205811525518744
-0.01615944124430267
-0.016114610151088837
-0.016071152783917655
-0.01602882251784178
-0.01598732774909128
-0.015946364270421145
-0.015905587057439777
-0.015864685104507784
-0.015823366032427216
-0.015781391387222468
-0.015738595674656578
-0.015694859181079254
-0.01565016017401647
-0.015604505788757819
-0.01555798575850089
-0.01551069946694674
-0.015462774897860925
-0.015414356724983065
-0.015365613076249741
-0.015316703993320009
-0.015267786940983933
-0.015219009042334936
-0.015170490165060554
-0.015122348197677197
-0.015074678693954143
-0.015027568667136821
-0.014981083337472278
-0.014935270226465692
-0.014890167143529738
-0.014845813135852325
-0.01480220929003791
-0.014759369895754576
-0.014717286469761946
-0.014675950388717445
-0.014635350761382629
-0.014595493397011036
-0.014556342182167795
-0.014517872759774158
-0.014480061282102556
-0.014442901946537154
-0.014406361474008861
-0.014370419277239836
-0.014335048851921928
-0.014300233857433398
-0.014265957245711919
-0.01423217785293828
-0.01419889095307268
-0.014166077560304862
-0.014133721864030854
-0.014101794029253817
-0.014070288094475022
-0.01403918503620159
-0.014008477553683592
-0.013978145699673218
-0.013948159942541503
-0.013918526195576859
-0.013889234740010527
-0.013860270035293543
-0.013831618998969881
-0.013803259934205125
-0.013775217040344935
-0.013747432307570516
-0.013719941286157313
-0.013692707679386391
-0.013665749311404412
-0.013639052392777525
-0.013612605434150646
-0.013586411922138726
-0.0135604368263668
-0.013534728050191229
-0.01350925255745204
-0.013483962870534492
-0.013458939140882567
-0.013434120314657808
-0.013409503896115126
-0.013385074422967764
-0.013360873806446684
-0.013336880492901744
-0.013313102099073397
-0.013289514609679018
-0.013266148263457444
-0.013242983859931971
-0.013220000210584833
-0.013197230118266677
-0.01317462040171456
-0.013152215882027592
-0.013130008383840383
-0.013107969065820565
-0.013086115127443062
-0.013064428264820202
-0.013042907005054961
-0.013021547688977906
-0.01300033964899919
-0.012979265391409993
-0.012958279110196884
-0.012936652736306188
-0.012916577423306378
-0.012896454507253583
-0.012875547836849376
-0.01285616349946591
-0.012836700032285164
-0.012817181675291838
-0.012797618885934984
-0.01277795379340393
-0.012757401818796464
-0.012737436164867664
-0.012717914337405177
-0.012698723228333587
-0.012679784451437597
-0.012661065256006257
-0.012642586526504912
-0.012624268952639364
-0.012606049209895838
-0.012587970696176832
-0.012570040047924783
-0.012552251180402756
-0.0125346041569345
-0.012517104944918611
-0.012499695576916636
-0.012482375051170124
-0.01246522876892735
-0.012448217017080477
-0.012431319087266076
-0.012414520497041932
-0.012397935875046142
-0.012381418177753097
-0.012364982982110067
-0.01234867676667052
-0.01233246170020934
-0.01231635129535732
-0.01230034577105917
-0.01228445171497279
-0.0122687060699113
-0.012253085271725384
-0.012237645471833015
-0.012222306545589203
-0.01220706144011563
-0.012191906815792235
-0.012176840982764973
-0.01216182345335509
-0.012146947525876214
-0.012132185491825365
-0.012117552905609006
-0.01210303384616048
-0.012088636808938406
-0.012074349687862074
-0.012060189796060385
-0.01204612119975463
-0.01203214497847555
-0.012018294811194178
-0.01200453323479254
-0.01199090279554009
-0.011977325234137878
-0.011963881653884975
-0.011950461987751255
-0.01193720524878798
-0.011923982710893833
-0.011910891292525344
-0.011897958855345817
-0.011885148053830613
-0.011872433480652783
-0.011860182726828837
-0.011847617446783887
-0.01183507636931284
-0.011822605341851963
-0.011810260522692705
-0.011798029714758842
-0.0117859265715755
-0.011774002662448773
-0.011762106572814676
-0.011750333631450815
-0.011738697640805916
-0.011727133250056839
-0.01171562443114182
-0.011704248960587344
-0.011692945911386185
-0.011681734167180158
-0.011670602066384338
-0.011659559925755602
-0.011648600141543473
-0.0116377293173522
-0.011626940347976872
-0.01161622578805876
-0.011605606742942453
-0.011595074012608803
-0.011584618013266585
-0.011574253390339772
-0.011563964389515935
-0.011553768420982758
-0.011543667862550172
-0.011533637487082544
-0.011523682957855429
-0.011513802148291973
-0.011504011434639723
-0.011494293551757274
-0.011484657243285457
-0.011475100544158876
-0.011465635681431257
-0.011456248240507972
-0.011446929380113548
-0.011437684729275968
-0.011428512456750188
-0.011419428247059491
-0.011410425291142782
-0.011401499529830035
-0.011392653002128921
-0.011383879397832855
-0.011375183934103979
-0.01136656851930154
-0.011358033021283017
-0.011349577090662191
-0.01134119017772115
-0.011332888035333217
-0.011324667416185447
-0.0113164603807696
-0.011308399776802784
-0.011300385973195862
-0.01129239193744155
-0.011284517491895501
-0.011276747258958221
-0.011269085521658291
-0.011261503134949091
-0.011253989013038092
-0.011246540238939251
-0.011239142115030543
-0.011231827925973744
-0.011224587977505708
-0.011217449612163385
-0.011210394268974936
-0.011203403846917469
-0.011196496404883996
-0.011189663079697315
-0.011182903029881917
-0.011176221415803787
-0.011169609377913312
-0.011163055553599229
-0.011156571451230909
-0.011150149820150342
-0.011143804007835625
-0.01113753275144743
-0.01113133250139748
-0.011125204717732713
-0.011119144549320361
-0.011113196669507018
-0.011107300931762506
-0.011101444610032079
-0.011095651369725195
-0.011089922529544785
-0.011084225875148158
-0.011078609697502222
-0.011073063915428796
-0.011067573155916118
-0.011062149171647488
-0.011056791194263312
-0.011051506023995286
-0.011046268597236338
-0.011041073305544742
-0.01103597564654453
-0.011030958230160225
-0.011025987070748094
-0.011021089132872253
-0.011016236062679043
-0.011011474797032173
-0.011006795327937559
-0.01100221106717678
-0.010997675543154305
-0.010993263590400124
-0.010988932596095036
-0.010984631191789229
-0.010980403638464935
-0.010976243362618024
-0.01097217595370325
-0.010968130379073196
-0.010964125568300067
-0.01096023975433263
-0.010956424314596312
-0.010952671485865543
-0.010948982545142072
-0.01094537266564974
-0.01094182003292027
-0.010938332812420386
-0.010934954707788146
-0.010931629503133682
-0.01092837057257112
-0.010925164660510599
-0.010922057127646868
-0.01091901301273695
-0.010916062062671686
-0.010913177933814857
-0.01091035065484136
-0.010907541846766584
-0.010904753424476617
-0.01090202175899878
-0.010899384394883367
-0.010896826204227389
-0.0108943191621063
-0.010891858868983051
-0.010889478356618366
-0.010887172471761021
-0.010884934442009971
-0.01088276273614548
-0.01088068028724689
-0.010878648624861329
-0.010876704094832075
-0.010874799050232803
-0.010872943942068638
-0.010871165455963802
-0.01086944759934334
-0.010867783531737528
-0.01086618185758995
-0.010864639506254206
-0.010863155405560893
-0.010861743723315496
-0.010860362090312908
-0.010859061203373797
-0.010857828474163963
-0.010856642503065594
-0.010855521233685278
-0.01085445657086793
-0.01085344784265403
-0.01085249863049899
-0.010851599799882322
-0.01085076269612124
-0.01084999066214132
-0.010849285296144259
-0.010848637818551417
-0.010848045187486258
-0.010847504342349884
-0.010847027299672872
-0.010846611130001748
-0.010846253875121522
-0.010845955723226167
-0.010845706605228331
-0.010845519678188585
-0.010845372921487411
-0.010845294661843412
-0.010845283638371825
-0.010845322625937698
-0.010845441949408476
-0.010845613498486659
-0.010845866042478777
-0.010846178439904628
-0.01084655011514249
-0.010846983326643135
-0.010847490691422837
-0.010848080919110091
-0.010848734853671643
-0.01084947837833173
-0.010850302803304023
-0.010851206893494154
-0.01085217075502073
-0.010853206730738394
-0.010854333110596852
-0.010855540332446378
-0.010856819289582573
-0.010858193448203669
-0.010859650085883216
-0.010861181376850111
-0.010862787042178152
-0.010864464914544281
-0.010866205506146458
-0.010868009984280154
-0.010869881389200609
-0.010871844243243044
-0.010873871813470921
-0.010875977821878418
-0.010878172815444532
-0.010880441765044237
-0.010882783173603604
-0.010885193530323039
-0.010887663846296693
-0.010890207807388764
-0.010892818991531269
-0.010895496523630803
-0.010898221884182414
-0.010901023865161466
-0.010903882199428278
-0.010906783098345366
-0.010909737610168477
-0.010912735435249878
-0.010915779035326648
-0.010918860857856419
-0.01092199026369795
-0.010925161071226909
-0.010928375552044288
-0.010931632972566925
-0.010934941661416661
-0.010938281548513954
-0.01094168006449332
-0.010945139669075761
-0.010948651320826105
-0.010952212089708972
-0.010955822394861781
-0.010959484531083868
-0.010963215022946697
-0.010966984689315146
-0.010970809340938659
-0.010974698891528474
-0.010978649485018116
-0.010982665034687531
-0.010986753373513567
-0.01099090715132619
-0.01099513660947939
-0.010999452007819169
-0.011003833400797969
-0.011008298134645364
-0.011012846148766136
-0.011017472779436752
-0.011022186397290058
-0.011026973937961168
-0.011031842494673837
-0.011036787252921381
-0.011041824997114787
-0.011046935012248673
-0.011052134095303848
-0.01105741789227112
-0.011062778094880404
-0.011068215245618965
-0.011073739224706607
-0.011079336464496518
-0.011085009473118187
-0.011090765143278723
-0.011096601470018785
-0.011102534611111117
-0.011108547958385097
-0.011114658736422207
-0.01112079572865061
-0.01112707505574244
-0.011133441811663142
-0.0111398926571845
-0.011146446748394502
-0.011153077898698707
-0.011159780036131203
-0.011166579356392512
-0.011173459349370547
-0.011180434598544897
-0.011187509392643836
-0.011194664368144407
-0.0112018839943443
-0.011209223354006625
-0.011216680523852357
-0.01122422695541224
-0.011231858603276242
-0.011239535592451555
-0.011247278462427897
-0.011255105368168934
-0.01126302192055805
-0.011271080858156516
-0.011279213708483116
-0.01128742688349893
-0.011295734545499474
-0.0113041227433272
-0.011312606485704639
-0.011321165423567153
-0.011329823285973994
-0.011338572660625768
-0.011347402196571458
-0.011356322613673754
-0.011365333619780715
-0.011374422394119453
-0.01138360787148563
-0.011392840726336503
-0.01140217701990161
-0.01141160210195588
-0.011421118192242365
-0.011430731585624744
-0.01144042812121885
-0.011450243965465153
-0.011460149677500225
-0.011470139909688872
-0.011480242330736164
-0.011490438013153406
-0.011500729031235401
-0.011511116759319588
-0.011521553624852469
-0.011532085504620053
-0.011542719626847175
-0.011553433115214087
-0.011564236618139156
-0.011575123087745134
-0.01158610810560508
-0.011597206495309086
-0.01160839850946561
-0.01161971469223273
-0.011631132104584895
-0.01164263707731563
-0.011654225371404599
-0.01166589968421711
-0.011677687765661242
-0.011689567088169633
-0.01170153247854363
-0.011713593619730352
-0.011725761451956992
-0.011738021083874412
-0.011750389240239204
-0.011762848411001196
-0.011775402618141704
-0.011788055070475187
-0.011800805015259526
-0.011813652492198125
-0.011826599255999614
-0.01183964446692459
-0.0118527913521792
-0.011866044133541993
-0.01187940311361276
-0.011892869792995179
-0.011906434645975577
-0.011920105880016943
-0.011933884353743434
-0.01194776837608263
-0.011961758337768094
-0.01197585596816362
-0.011990059164858822
-0.012004370707056714
-0.012018791936182906
-0.012033321780999008
-0.012047961706766001
-0.012062712282562046
-0.01207757464630201
-0.012092549152972896
-0.01210763118646175
-0.012122825815216693
-0.012138123638857927
-0.012153554227408018
-0.012169091803039198
-0.012184739013401188
-0.01220050996280702
-0.012216407789822355
-0.012232422652735477
-0.012248559206507944
-0.01226482074696783
-0.012281209842899257
-0.012297711326134877
-0.012314322258684295
-0.01233106337308877
-0.012347918676791199
-0.012364914015525112
-0.012382043236483667
-0.0123993128392592
-0.012416715863811502
-0.012434259392859172
-0.01245191731010238
-0.012469686278115677
-0.012487589049802697
-0.012505638730181038
-0.01252382851251234
-0.01254215910025095
-0.012560630396425961
-0.012579242038539383
-0.012597994622351978
-0.012616886157397986
-0.012635924236724381
-0.012655104920013599
-0.012674428865268003
-0.01269390007992228
-0.012713520504296893
-0.012733286524646814
-0.012753204476497188
-0.012773272866735205
-0.012793490294090146
-0.012813862194715238
-0.012834387024559624
-0.012855066439622625
-0.012875900904029356
-0.012896888582998655
-0.01291804208343695
-0.01293933742250854
-0.01296079561071689
-0.01298241651022417
-0.013004202632742844
-0.01302615346249208
-0.013048275841024507
-0.01307056750438911
-0.013093031062289965
-0.013115658934406846
-0.013138461490298417
-0.013161444911807362
-0.013184598397723067
-0.013207929544806978
-0.013231434530947609
-0.013255125439268638
-0.013279002317912835
-0.01330306695064152
-0.013327317972075233
-0.013351759092159573
-0.013376391049805566
-0.013401216315215549
-0.013426236408187974
-0.013451453955214762
-0.013476870496540557
-0.013502488548760775
-0.013528309778184297
-0.01355433741277633
-0.01358057558922287
-0.013607023866768096
-0.01363368363501284
-0.013660557217421649
-0.013687644786051454
-0.013714950992335946
-0.013742474700890822
-0.013770220002525441
-0.013798188526989986
-0.013826387765865119
-0.013854817647199931
-0.013883472271459033
-0.013912363772966266
-0.013941483582764124
-0.013970842085923151
-0.014000450257632009
-0.014030304579106078
-0.014060406340210975
-0.014090758894559336
-0.01412136333196317
-0.01415222568416213
-0.014183336681917864
-0.014214702478250478
-0.014246329192384284
-0.014278224458519666
-0.014310391497210516
-0.014342833246130922
-0.014375540390327474
-0.014408522834936845
-0.01444178664611072
-0.014475336691959892
-0.014509172649501217
-0.01454329829731995
-0.014577712712106923
-0.014612408108257677
-0.014647404352642956
-0.01468270320548364
-0.014718310887990046
-0.014754230471530967
-0.014790456205291713
-0.014827001035835402
-0.014863872555080383
-0.014901054690923518
-0.014938558056902687
-0.014976395586117377
-0.015014578979669275
-0.015053104382501757
-0.015091981073323497
-0.01513122352039091
-0.015170846601571152
-0.015211264787764628
-0.015251974238240724
-0.015292901937149233
-0.015334118749031261
-0.015375665164878483
-0.015417048441950517
-0.015459547489339484
-0.015502322209972915
-0.015545443868632585
-0.015588938393997342
-0.01563282214650411
-0.015677106114090626
-0.01572180291970204
-0.01576692258950493
-0.01581247465500858
-0.015858470260901064
-0.015904916219804496
-0.015951817405233278
-0.0159991641030022
-0.01604696497518665
-0.01609522087695662
-0.016143950317101613
-0.016193166753577664
-0.01624287302559963
-0.016293075751430866
-0.016343784451755324
-0.01639500703946702
-0.0164467505183069
-0.016499023895520385
-0.01655183869648803
-0.016605203281736015
-0.01665912637504
-0.016713617561648637
-0.01676868027210932
-0.016824327818192243
-0.016880569206936803
-0.01693741555564982
-0.016994879296172438
-0.017052949295008675
-0.01711165158419555
-0.017170996504082357
-0.01723099488758912
-0.017291658614960376
-0.01735299808222378
-0.017415026951698963
-0.01747775563557677
-0.017541194502893778
-0.017605359549545684
-0.017670260965905047
-0.017735909574369924
-0.01780231811254251
-0.017869498771018538
-0.01793746679331507
-0.018006235128503956
-0.01807581468882444
-0.018146227811037387
-0.018217484050928413
-0.018289589557630277
-0.018362564378476377
-0.01843643915636227
-0.01851122417320903
-0.018586936711462523
-0.018663591577416077
-0.01874120504620013
-0.018819794488945687
-0.01889937520927181
-0.018979970437003082
-0.019061601482154668
-0.01914428769429303
-0.019228049933941463
-0.019312909164028547
-0.019398889127267154
-0.019486012170752555
-0.019574301841462558
-0.019663782583490004
-0.019754480014098633
-0.01984641430259069
-0.019939611984254462
-0.02003410028725038
-0.020129907970788872
-0.02022706728623608
-0.020325605661239487
-0.020425555090910714
-0.0205269475264602
-0.020629817884080366
-0.0207342003348353
-0.020840129739971337
-0.02094763365198882
-0.021056741327652385
-0.021167493539314183
-0.02127993422973384
-0.02139410842561311
-0.021510061147799114
-0.02162783874493739
-0.02174748797990711
-0.021869056951462035
-0.021992596504693596
-0.022118159255493843
-0.022245799323643817
-0.022375572407434832
-0.0225075354412595
-0.02264174871178826
-0.02277827539479314
-0.022917181830593176
-0.02305853635849485
-0.023202408435577505
-0.023348871774404874
-0.02349800213042413
-0.023649878018307736
-0.023804579639343387
-0.023962192027584112
-0.02412280206289529
-0.02428649908771344
-0.024453375610827128
-0.024623528086597162
-0.024797053890221417
-0.024974052331536892
-0.025154627951038747
-0.025338883470586132
-0.025526930195415118
-0.02571888212972403
-0.02591485688510716
-0.026114977260774875
-0.026319372346526773
-0.026528177428925163
-0.026741536711217935
-0.02695960206761242
-0.027182535055209147
-0.02741050917873662
-0.027643708039124717
-0.027882364170650382
-0.02812664676732369
-0.02837678210420162
-0.028633007788783346
-0.028895576528289817
-0.029164757070073412
-0.029440834530353947
-0.029724111973495518
-0.03001491142325193
-0.030313576048834227
-0.030620472228481965
-0.030935992344607383
-0.03126055658457463
-0.03159461447537479
-0.031938646408260364
-0.03229316394030981
-0.03265870633801783
-0.03303583232127181
-0.03342509901737135
-0.033827011131173236
-0.03424186729741508
-0.03466889693656756
-0.03510528926356328
-0.03555499329331716
-0.03602053051732809
-0.036503408122976484
-0.03700464226134981
-0.03752531677563852
-0.038066656757236514
-0.03863007520927029
-0.03921721776171322
-0.03983001877741365
-0.040470774418300375
-0.0411422315487243
-0.0418477100885169
-0.04259125930357125
-0.043377862886578536
-0.044213707139895815
-0.04510653301229956
-0.04606609837676078
-0.04710478255888173
-0.04823838420814455
-0.049487168158770016
-0.05087724256385452
-0.05244237150586898
-0.0542263598845002
-0.05628617214773895
-0.058696130474356234
-0.06155335578355826
-0.06498494153167172
-0.06915746640238823
-0.07428952435569469
-0.08066827356211762
-0.08867126365452041
-0.0987952799128524
-0.11169447372301489
-0.12823062565291266
-0.1495398105964101
-0.17712040073635266
-0.21294952764645791
-0.2596372195042053
-0.32063047570417635
-0.40048357061439643
-0.5052162510724307
