-0.4889160269874332
-0.40893303659578534
-0.3477873696022054
-0.3008949233716404
-0.26480150265009234
-0.23690240805699428
-0.21523187833600513
-0.19830495578985774
-0.18499870054732948
-0.17446292787468934
-0.1660531138447848
-0.15927993129281695
-0.15377129799994876
-0.14924375544769997
-0.14548094118851154
-0.14231733699706098
-0.1396260077541961
-0.1373093397833435
-0.1352920359770595
-0.13351581459561448
-0.13193539033150528
-0.13051542726474627
-0.1292282231837311
-0.128051948160126
-0.1269693019145282
-0.12596648430173854
-0.12503241907070453
-0.12415815084649477
-0.12333638389099924
-0.12256112917874833
-0.12182743024421802
-0.12113114411366117
-0.12046879003385419
-0.11983741616045093
-0.1192344922126131
-0.11865771415004889
-0.11810530126432492
-0.11757559605776595
-0.1170671269214542
-0.11657859840323517
-0.11610885124369603
-0.11565685206245577
-0.11522162784179424
-0.11480234107975193
-0.11439821361732966
-0.114008553305178
-0.1136327097670756
-0.1132700910516965
-0.11292015077014973
-0.11258237271205346
-0.11225629068828855
-0.11194146616459255
-0.11163751227894753
-0.11134406161610752
-0.11106077165654331
-0.11078733538448526
-0.11052347889682013
-0.1102688193485906
-0.11002320363452495
-0.1097863971492305
-0.10955815226361094
-0.10933825082295993
-0.10912651072210064
-0.10892273199895904
-0.10872674674214086
-0.10853838724593431
-0.10835751465154454
-0.10818395407416576
-0.10801755135435251
-0.1078581665260519
-0.10770566173948762
-0.10755990939874455
-0.107420792692078
-0.10728825790571295
-0.10716219994482534
-0.10704253979134927
-0.10692918201810603
-0.10682204973159913
-0.10672105379913589
-0.1066261405156797
-0.10653723196112873
-0.10645426650441756
-0.10637720199208939
-0.10630596224581972
-0.10624051625901965
-0.10618083863788581
-0.10612687164014027
-0.10607857902527244
-0.10603593205651825
-0.10599891475425811
-0.10596748639406614
-0.10594162511741594
-0.10592132872380797
-0.10590657089730388
-0.10589733384581321
-0.10589362227604168
-0.1058954337900384
-0.10590272031265685
-0.10591549818259303
-0.10593377877182412
-0.10595757496728817
-0.105986892957658
-0.106021745098073
-0.10606215570216043
-0.10610815041278492
-0.10615974395518682
-0.10621694991244904
-0.1062798042403005
-0.10634834696012077
-0.10642260579226986
-0.10650261119238372
-0.106588414388296
-0.10668006560114385
-0.10677760603498933
-0.10688106930328246
-0.10699052652354665
-0.10710596698033717
-0.10722751559542161
-0.10735521469471217
-0.1074891289562159
-0.10762932555606279
-0.10777586839146819
-0.10792887054284878
-0.10808845977172522
-0.10825468412272876
-0.10842764741907006
-0.10860744418046298
-0.10879419087726969
-0.1089879917135461
-0.10918897449594354
-0.1093972675958564
-0.10961300960304657
-0.1098363451008143
-0.1100674212515097
-0.11030640883649125
-0.11055345901033903
-0.11080874899872746
-0.11107247203404035
-0.11134482890082006
-0.11162603227273589
-0.11191631379959874
-0.11221591442295901
-0.11252508960194609
-0.112844158673375
-0.11317343711107236
-0.11351320132674547
-0.11386373752424103
-0.11422540305596826
-0.11459855771928595
-0.11498366916446737
-0.1153811878607853
-0.11579155622107135
-0.11621525230420186
-0.11665280729592488
-0.11710480232897956
-0.11757186337663221
-0.11805465309530366
-0.11855389738439014
-0.11907040108880519
-0.11960500386363129
-0.12015863555536097
-0.12073234685034549
-0.12132728440501016
-0.12194470930861115
-0.12258602278724991
-0.12325278977996097
-0.12394680371743592
-0.12467006575404152
-0.12542489747371346
-0.12621399393267213
-0.1270405108983651
-0.12790816802736146
-0.12882137775891755
-0.12978541036175198
-0.13080661663118784
-0.13189271331646213
-0.13305315335657578
-0.13429961052898293
-0.1356465385297785
-0.1371120550558602
-0.13871895384317726
-0.14049621767657
-0.14248049100138802
-0.14471884869574697
-0.14727179080666689
-0.15021739264589687
-0.15365676066417513
-0.15772121264906042
-0.1625820113519052
-0.168462770320122
-0.17565626952896665
-0.18454663977540892
-0.19563879493307282
-0.2095975079182916
-0.22729932431796296
-0.24990156760209495
-0.2789341049177185
-0.31642148098965095
-0.36504534482116396
-0.42836073203480424
-0.5110839730125668
