-0.5024034848268886
-0.4808505908223993
-0.46069528852879094
-0.44182688313170126
-0.4241450130690202
-0.40755853449213286
-0.39198454213395667
-0.37734750858250615
-0.36357853356473624
-0.3506146550312423
-0.3383982689629971
-0.32687660061006096
-0.31600130952104494
-0.3057279337760634
-0.2960156219339307
-0.28682677661824035
-0.2781267577790326
-0.2698836166063525
-0.2620678584995551
-0.25465223027335154
-0.24761152216039892
-0.24092239651357175
-0.23456323198855375
-0.2285139784144913
-0.22275603142255399
-0.21727210452781934
-0.21204613337941408
-0.20706317581545888
-0.20230932129360246
-0.1977716140550837
-0.1934379835996671
-0.18929715550820267
-0.18533861493328857
-0.18155254206379154
-0.17792976787228224
-0.17446180861090674
-0.171140645579359
-0.16795879207355144
-0.1649092207270426
-0.16198534972583153
-0.15918099319183052
-0.15649036567764335
-0.15390800707286456
-0.15142882323243156
-0.14904801406556942
-0.1467610464786675
-0.1445636478477583
-0.1424518397860253
-0.14042183592706758
-0.1384700408682127
-0.13659311391909787
-0.1347879121493925
-0.13305147321317626
-0.1313810113222837
-0.12977388322109684
-0.12822765379528211
-0.1267399667901591
-0.1253084926136206
-0.12393125690045334
-0.12260630668606035
-0.12133178746142292
-0.12010591818265944
-0.11892706524745414
-0.11779364220637335
-0.11670420961908134
-0.11565739097205023
-0.11465164247694751
-0.11368574746452877
-0.11275854891394337
-0.11186892848925421
-0.11101580943940592
-0.11019821755973074
-0.10941510002512458
-0.10866574701151865
-0.10794927326116072
-0.10726491889801328
-0.10661180568322631
-0.10598927048248728
-0.10539661343363675
-0.10483327195078308
-0.10429861407711026
-0.10379205135059878
-0.1033131565745787
-0.10286134087755815
-0.1024362054150401
-0.10203739438528718
-0.10166444659290567
-0.10131703452839412
-0.1009947873910815
-0.10069748770605044
-0.10042479121718526
-0.10017643303664274
-0.0999522661196206
-0.09975203366987412
-0.09957554012019283
-0.09942269209825139
-0.09929338097672968
-0.09918736606876644
-0.09910465309214447
-0.09904518630956592
-0.09900894660940068
-0.09899590407305092
-0.09900605745802138
-0.09903945333218665
-0.0990961829585008
-0.09917629889942786
-0.09927986734999167
-0.09940703566525635
-0.09955798075580047
-0.09973284936536846
-0.09993181507814983
-0.10015512005832247
-0.10040305280573796
-0.10067587435954055
-0.1009738139961266
-0.10129724936291265
-0.10164635513215878
-0.10202169629420155
-0.10242365775782306
-0.10285269066450539
-0.10330927709892387
-0.10379392104859264
-0.10430727526078049
-0.10485003719085761
-0.10542262896275614
-0.10602572676252338
-0.10666002353493233
-0.10732629314237117
-0.10802528852173286
-0.10875786912339876
-0.10952492068197418
-0.11032739270731892
-0.1111662726866346
-0.11204261737474135
-0.1129575462193889
-0.11391221143719304
-0.11490785740546909
-0.11594582229754001
-0.11702749813131537
-0.1181543666543361
-0.11932800958993238
-0.12055006837889834
-0.12182223717395944
-0.1231464234390583
-0.12452462566642779
-0.1259588621541598
-0.12745134586124834
-0.12900436421791014
-0.1306203316165012
-0.1323020127095484
-0.13405213675416977
-0.13587360699672513
-0.13776956191762724
-0.1397433049168884
-0.14179834413769377
-0.14393836843580854
-0.14616734259904826
-0.14848947828641482
-0.15090925364783514
-0.1534314046218738
-0.15606100899990805
-0.15880350146935346
-0.161664664517628
-0.16465064893203618
-0.1677680459780289
-0.17102386185623766
-0.17442561875929752
-0.1779813230269093
-0.1816995729860938
-0.18558954968225727
-0.18966112607018917
-0.19392486654897273
-0.198392095470308
-0.20307496255772606
-0.20798652200729104
-0.21314080653734252
-0.21855288745928897
-0.22423899433626632
-0.230216599420963
-0.2365045348989972
-0.24312310375731033
-0.25009429325707
-0.2574417210763017
-0.26519098640150857
-0.27336979097905456
-0.282008134788257
-0.2911385377282208
-0.30079619050347955
-0.3110194639340471
-0.32185001434260957
-0.33333318162592757
-0.3455183704791142
-0.35845947922330834
-0.37221538004669397
-0.38685046339462914
-0.4024352455928185
-0.4190470443108958
-0.4367707928722797
-0.45569990623652284
-0.4759372948026386
-0.49759651517311143
