-0.49487432044593466
-0.39374965924324645
-0.3165910922222622
-0.25760845949156047
-0.21241907301260526
-0.17770424075560443
-0.15094992894909265
-0.13025086493025503
-0.11416249990134017
-0.10158909549144342
-0.09169908815672694
-0.08386105801224615
-0.07759527212888975
-0.07253699936699026
-0.06840873009854512
-0.06499913773691833
-0.06214712284400665
-0.05972973219292739
-0.057652992825618865
-0.05584496230612404
-0.054250453906981334
-0.052827034793355494
-0.051541987197207755
-0.050370002339675056
-0.04929141871709344
-0.04829089720054395
-0.04735640054267632
-0.04647842068182775
-0.04564938962771013
-0.04486322834379838
-0.04411500705811256
-0.04340068955257401
-0.04271695168493723
-0.04206106372351975
-0.04143081748950884
-0.040824446569164265
-0.04024048471633449
-0.03967759151839465
-0.03913447455343884
-0.03860990738125294
-0.03810276493797378
-0.03761203474984307
-0.03713680969827761
-0.03667627497124898
-0.036229694868041756
-0.03579639533347271
-0.03537575915576826
-0.0349672162344447
-0.03457023647119673
-0.03418432537331912
-0.03380901925161618
-0.03344388247903873
-0.03308850426060627
-0.032742496427847684
-0.03240549156436503
-0.032077141805713236
-0.03175711665613994
-0.03144510209079163
-0.031140799331785998
-0.030843923986900255
-0.030554204513878552
-0.030271382120881686
-0.02999520905605216
-0.029725447883631417
-0.02946187133446225
-0.029204260751171395
-0.028952406221042892
-0.028706105803411187
-0.028465160649513193
-0.028229381460046214
-0.02799858695775186
-0.02777260295222525
-0.027551263032320725
-0.027334409621796195
-0.02712189436234114
-0.026913587579747673
-0.026709362751757972
-0.026509092318350275
-0.02631269068113591
-0.026120073535974512
-0.02593116888406326
-0.0257458889539147
-0.025564159214480787
-0.025385898522851474
-0.025211040168623862
-0.025039500908911185
-0.02487115037071063
-0.024705911134324438
-0.024543684672405457
-0.02438435196286515
-0.024227876159208336
-0.024074112040156494
-0.023922975740750866
-0.02377439979555433
-0.023628277214747872
-0.023484563296167726
-0.02334319699378038
-0.023204125293158646
-0.023067285924076378
-0.02293259820727311
-0.02280001743445634
-0.02266951394635397
-0.02254102014873236
-0.022414490715601885
-0.022289881193137302
-0.022167152399073048
-0.022046259293724852
-0.021927165092224744
-0.021809838274378893
-0.021694233757705735
-0.021580319087603408
-0.02146806176216339
-0.02135742438704086
-0.021248382500442222
-0.021140900992104552
-0.02103494283970883
-0.02093049492883923
-0.02082751649858914
-0.020725978442802225
-0.020625857387830935
-0.0205271287474966
-0.020429766656653137
-0.020333747334236176
-0.020239045113601476
-0.020145636296252323
-0.0200534991879288
-0.019962612921256707
-0.01987295494218688
-0.01978450594933936
-0.019697243504745533
-0.019611150612438306
-0.01952620441477215
-0.019442387107780693
-0.01935968455677317
-0.019278074384558273
-0.019197534541681837
-0.01911804627769928
-0.019039599646392548
-0.01896216733565113
-0.018885733752483397
-0.018810284611338563
-0.018735797200453885
-0.018662256951348873
-0.018589638872521103
-0.01851792771031378
-0.018447100590515245
-0.018377142328308737
-0.018308038263564617
-0.018239771568094112
-0.0181723254055151
-0.018105678535652116
-0.01803981663922148
-0.01797472602446934
-0.01791038560175636
-0.017846780548370425
-0.01778389804411605
-0.01772171659855694
-0.01766021731099438
-0.017599386543750595
-0.017539218420445583
-0.017479692400365586
-0.01742079777139312
-0.017362523909621133
-0.0173048624102127
-0.01724779087450427
-0.017191274456431625
-0.017135308494557567
-0.01707986800855929
-0.017024938738972574
-0.01697052302940169
-0.016916597835841977
-0.01686315557052608
-0.016810177327271414
-0.016757646866827302
-0.016705554331346063
-0.01665387718425486
-0.016602617328563433
-0.016551753390043666
-0.016501292925102946
-0.016451216051846674
-0.016401496923452323
-0.01635211691551668
-0.016303071934853915
-0.016254347006489884
-0.016205931689007372
-0.016157817616965095
-0.01610997784464702
-0.01606240723197821
-0.01601509150379723
-0.015968018250646362
-0.01592117217445154
-0.015874538230507
-0.01582809683819144
-0.015781842826404546
-0.015735749130879963
-0.015689810955407214
-0.015644003142940073
-0.015598303569092215
-0.015552702321485064
-0.015507195619059956
-0.015461751700985165
-0.015416352576872653
-0.015370975729126782
-0.015325613068076269
-0.015280238228422073
-0.015234827775774236
-0.015189362634188396
-0.015143825085437912
-0.015098199017373921
-0.015052451403669079
-0.015006565577884582
-0.014960523307431762
-0.014914304606317477
-0.014867877191070628
-0.014821225172090998
-0.014774322176172163
-0.01472715336682502
-0.014679690444158126
-0.01463190224489702
-0.014583780489102924
-0.014535304567115265
-0.014486449429860323
-0.01443719065874727
-0.014387504177585443
-0.01433740614856289
-0.014286829374620991
-0.014235799108231435
-0.014184274800640878
-0.014132279266463156
-0.014079802063811169
-0.014026840045364405
-0.013973400937830597
-0.01391947467133204
-0.01386513806505747
-0.013810397076900746
-0.01375524801096816
-0.013699837623122716
-0.013644169546047056
-0.013588339785489874
-0.013532442170339302
-0.013476654451061004
-0.013421114423416893
-0.013366031487256303
-0.013311610468819037
-0.013258157175370341
-0.013205969204701988
-0.013155404194905114
-0.013106916183278573
-0.013060940822610898
-0.013018069803652818
-0.012978902565085406
-0.01294407671012432
-0.012914316789628448
-0.012890333862097264
-0.012872830606839612
-0.012862434656777853
-0.01285959719677457
-0.01286447724204545
-0.012876762444034053
-0.012894830546045432
-0.012918847745788335
-0.012944870490324736
-0.01296848111289567
-0.012987435825834831
-0.012996247832630035
-0.0129918141356024
-0.012973022932391776
-0.012940950761118298
-0.012897634055707973
-0.012847984247982733
-0.012795438406614084
-0.012742862372177878
-0.012692331441175648
-0.012645186813326083
-0.012602189059470586
-0.012563519961493219
-0.012529053791014292
-0.012498558273593066
-0.012471636168050462
-0.012447833264614471
-0.012426707951396278
-0.01240783187343163
-0.012390753733888602
-0.012375107770575823
-0.012360662819299506
-0.012347128075968482
-0.012334258998230258
-0.012321844304121962
-0.012309832167814762
-0.012297974904750694
-0.012286168130869926
-0.012274381034433438
-0.012262521395601406
-0.01225054316911527
-0.01223841500567732
-0.012226113392103876
-0.012213656215755797
-0.012201017251339607
-0.012188251406783574
-0.0121752924523813
-0.012162142209896963
-0.012148797988616466
-0.012135266640461644
-0.012121512789573931
-0.012107620486544431
-0.01209357405377718
-0.012079393509023243
-0.01206508423091335
-0.0120506585242599
-0.01203611864662216
-0.012021484684691634
-0.012006729669424607
-0.011991863631364674
-0.011976922962447059
-0.011961883902113862
-0.01194679604988959
-0.01193159511482304
-0.011916355704740254
-0.011900982083291572
-0.011885603300594539
-0.011870114297393803
-0.0118546026151841
-0.0118391045674196
-0.011823592494127075
-0.011808051194838184
-0.011792849531207322
-0.011777284968330607
-0.011761641155468641
-0.011745941753888088
-0.011730254057006735
-0.01171456219584192
-0.011698898604992394
-0.011683306547153079
-0.011667658995895608
-0.011652040497767201
-0.011636469600334168
-0.011620893598641812
-0.011605294449702309
-0.011589754239079876
-0.011574216808699436
-0.011558703335596249
-0.0115432060832248
-0.011527736993372109
-0.011512290375419424
-0.011496879016821213
-0.011481494092911302
-0.011466131714810176
-0.011450815712920637
-0.011435538510929889
-0.011420295962478467
-0.011405098759436879
-0.011389936691805274
-0.011374824071648389
-0.011359766898418831
-0.011344749068994563
-0.011329777087019557
-0.011314847596815983
-0.011299981523853708
-0.01128516065083532
-0.01127039620021449
-0.011255689586555151
-0.011241044629191411
-0.011226455463298212
-0.011211917885739324
-0.011197436932602424
-0.01118301333831965
-0.011168666584023513
-0.011154387233721206
-0.011140175023515685
-0.011126032352506046
-0.011111958337070238
-0.01109795793408494
-0.011084035642737524
-0.011070192045983642
-0.011056429941061577
-0.011042737129961566
-0.01102913390950937
-0.011015617904570583
-0.011002120907614377
-0.010988778358573812
-0.010975496543704036
-0.010962251705388653
-0.010949137636760867
-0.010936144642512514
-0.010923270997842207
-0.010910499601826724
-0.010897818130202484
-0.010885219003099687
-0.010872699758269022
-0.010860291199290313
-0.010847988917222773
-0.01083582795134024
-0.01082378357525808
-0.010811840309658245
-0.01080001904412682
-0.010788317197466217
-0.010776735302237259
-0.010765286413958255
-0.010753965607535677
-0.010742763070243341
-0.010731689315367056
-0.010720743346970239
-0.010709937178481673
-0.010699276545165082
-0.010688758438306651
-0.01067838669503624
-0.010668159874660571
-0.01065811841156581
-0.010648224187528454
-0.010638460216372167
-0.010628854528709585
-0.010619406413315104
-0.010610085363707042
-0.01060094268982062
-0.010591968752736665
-0.0105831505756578
-0.010574498689144075
-0.010566020648785401
-0.010557720026588174
-0.010549575759326357
-0.010541577052298686
-0.010533778097671394
-0.010526164371695025
-0.010518705563961457
-0.010511425561750377
-0.010504297897768241
-0.010497364324048013
-0.010490612636102962
-0.010484062232897565
-0.010477666185955737
-0.010471500682383419
-0.010465528491531217
-0.01045970077610548
-0.010454052239352328
-0.010448573952499882
-0.010443289250439611
-0.01043813165984107
-0.010433121330418536
-0.010428342377417228
-0.010423740855364575
-0.010419308945302266
-0.010415050276748444
-0.010410981751055226
-0.010407080243696309
-0.010403355567915629
-0.010399844624316073
-0.010396485813489113
-0.010393296049158967
-0.010390264138956764
-0.010387435098120673
-0.01038476307549196
-0.010382279949163485
-0.010379957491758072
-0.010377780971999505
-0.01037570651291972
-0.010373739579772364
-0.010371919613860898
-0.010370285013867032
-0.010368811048298019
-0.01036746880329633
-0.010366252584646235
-0.010365197569731336
-0.010364282559944963
-0.01036349849332058
-0.010362835972599719
-0.010362316682951126
-0.010361905126179584
-0.0103616359367638
-0.010361463633040819
-0.010361396443414788
-0.01036145777168605
-0.010361628702206938
-0.010361895430517042
-0.010362268536542926
-0.01036274158617842
-0.01036331021487643
-0.010363985286443222
-0.01036472330537785
-0.010365572066385295
-0.010366512371805617
-0.010367525814192695
-0.010368624192891059
-0.010369799589897633
-0.010371046896247188
-0.010372369238658452
-0.010373756712806662
-0.010375215478886911
-0.010376746525360045
-0.010378348934973348
-0.010380014552898574
-0.010381735720432413
-0.010383503201422917
-0.010385334908029618
-0.010387221428058258
-0.010389155675907806
-0.010391140673340316
-0.010393159246623066
-0.010395226762410122
-0.010397312149051279
-0.010399447762918514
-0.010401628202276011
-0.010403835374310211
-0.010406096126258845
-0.010408378079486151
-0.010410707946066352
-0.010413061733558975
-0.010415433828263322
-0.010417826298363292
-0.010420248497585324
-0.010422705553371797
-0.01042517588409695
-0.01042767965652021
-0.010430206363184504
-0.010432751737737814
-0.010435293744265722
-0.010437841438560372
-0.010440410334441036
-0.010442987628007942
-0.010445560407632674
-0.010448151015975057
-0.010450743393309325
-0.010453328032848366
-0.010455900456777639
-0.010458460354747701
-0.010460995927677349
-0.010463508801609627
-0.010466004209247272
-0.010468506712486815
-0.010470986101708168
-0.010473458276922863
-0.010475933523633223
-0.010478397324342302
-0.010480852276773117
-0.010483295012415435
-0.010485718589866168
-0.01048814038806348
-0.010490557600982357
-0.010492967918557295
-0.010495354665063721
-0.010497750395616037
-0.010500136936368412
-0.010502503324089111
-0.01050486070278228
-0.010507203652641527
-0.010509534806508269
-0.010511845822817775
-0.010514147313951247
-0.010516434697436758
-0.010518713200660642
-0.010520981452382528
-0.010523245139009992
-0.010525485457821598
-0.01052772968912885
-0.010529981542811831
-0.010532230120749435
-0.010534469572106448
-0.01053669932406199
-0.010538923078003542
-0.010541153953472372
-0.010543361269207328
-0.010545560939198596
-0.01054776139941101
-0.010549955384739974
-0.01055214727090965
-0.010554345639832647
-0.010556540175863605
-0.010558741320701281
-0.010560958006631363
-0.010563170382600415
-0.010565393506325635
-0.010567627415845531
-0.010569867139562246
-0.010572120156088454
-0.010574375031075075
-0.010576637284206518
-0.010578902228851519
-0.010581187372442331
-0.010583473928076322
-0.01058577987306115
-0.01058810142600747
-0.010590432180751242
-0.010592774177633763
-0.010595141410073916
-0.010597519544184282
-0.010599911566709239
-0.010602324122008488
-0.010604756392594695
-0.010607225460586803
-0.01060971937745485
-0.01061225627891601
-0.010614770725634517
-0.010617380606154986
-0.01062003294613695
-0.010622728098640418
-0.010625487876146611
-0.010628288790274044
-0.010631126861020048
-0.010634029293195645
-0.010636978334389627
-0.010639992188255952
-0.010643075252914441
-0.010646214976833341
-0.010649410978648771
-0.010652721464266815
-0.010656135918459635
-0.010659635032626052
-0.010663217267242016
-0.010666852157833006
-0.010670565766887762
-0.010674388182219179
-0.010678330511451662
-0.010682448060056563
-0.010686667343379936
-0.010691003582470472
-0.01069547692375243
-0.010700078596942119
-0.010704831474821335
-0.010709720833161192
-0.010714773562363685
-0.01071998996068115
-0.010725365557797252
-0.01073091664313808
-0.010736649081455354
-0.010742558247639944
-0.010748667844811093
-0.010754937195572812
-0.010761430536485947
-0.01076813650878279
-0.010775071536398532
-0.010782244490449911
-0.010789647249042737
-0.010797314493470468
-0.01080523177864252
-0.010813401775357737
-0.010821855019340184
-0.010830580421540436
-0.010839582729697279
-0.01084887342520263
-0.010858438545550691
-0.010868314800372186
-0.01087850972219615
-0.010889005056600055
-0.010899826958197642
-0.010910962527199726
-0.0109224301233102
-0.010934247711464055
-0.010946404314960821
-0.010958937476113938
-0.010971833731157397
-0.010985080634280815
-0.010998679373904302
-0.011012638717266108
-0.011026984833467991
-0.011041703300162922
-0.011056790377210352
-0.01107225694384942
-0.011088109001448583
-0.011104339972132227
-0.011120963337440304
-0.01113796823708413
-0.011155356135621767
-0.011173126506788771
-0.011191279891641885
-0.011209814160474186
-0.011228728992828568
-0.011248019714121751
-0.011267685394453065
-0.011287723486393392
-0.011308128595174563
-0.01132889847661154
-0.011350015809253973
-0.011371485087418682
-0.01139329801705219
-0.01141544468320803
-0.011437916262015298
-0.011460705159275487
-0.011483799486944076
-0.011507191432885517
-0.01153087236639396
-0.011554829585286244
-0.0115790533951933
-0.011603532657309307
-0.01162825627427853
-0.011653212292006427
-0.011678385158548861
-0.011703766425041314
-0.011729336754058052
-0.011755103485706042
-0.01178104088952338
-0.01180713615028006
-0.011833385026812296
-0.011859778717989315
-0.011886304063905149
-0.011912949972545547
-0.011939706955968722
-0.011966570142878547
-0.011993514846436487
-0.012020529108319496
-0.012047621176044328
-0.012074769516116766
-0.012101990127943453
-0.012129270109209117
-0.012156608332672788
-0.012183992570727248
-0.012211421604559255
-0.012238869976485964
-0.012266330746460705
-0.0122938187738603
-0.012321336816834604
-0.012348880059433706
-0.012376446381649312
-0.012404035418197441
-0.01243164452952649
-0.012459273693028176
-0.012486918756826167
-0.012514593059852376
-0.012542288536904513
-0.012570005340132159
-0.012597749031714114
-0.012625522176656313
-0.012653324726458
-0.012681163370946245
-0.01270903839646534
-0.012736954257200854
-0.012764914596877504
-0.012792922660580379
-0.012820982057972403
-0.012849096193553247
-0.012877266590822337
-0.01290550901421519
-0.012933809364402199
-0.012962178680266065
-0.012990628789552724
-0.013019164234822233
-0.013047785042717697
-0.013076509510194088
-0.013105337627742117
-0.01313426896060828
-0.01316328616282935
-0.013192415072359992
-0.013221668257600877
-0.013251036795503658
-0.01328053246572953
-0.01331015337319962
-0.013339913967079727
-0.013369819032652457
-0.013399871002057055
-0.013430070926089555
-0.013460424669986279
-0.013490936448901326
-0.013521611853869282
-0.013552454178452345
-0.013583468379307257
-0.01361465921312329
-0.013646031427418137
-0.013677589023678553
-0.013709336775471715
-0.013741281309128706
-0.013773425321035725
-0.013805770225136937
-0.013838318699111599
-0.013871069818796438
-0.013904031481193516
-0.013937206583260994
-0.013970602906818279
-0.014004221272526806
-0.014038069426625565
-0.014072151826759425
-0.01410645965719455
-0.014141002166310732
-0.014175769290773485
-0.014210771402945643
-0.014246024698780073
-0.014281524095830406
-0.01431727475135358
-0.014353276931013735
-0.01438953443630584
-0.01442605353922924
-0.014462822282866843
-0.014499853068994956
-0.014537153283429874
-0.01457473427196787
-0.01461260538011577
-0.014650754876330807
-0.01468917537485833
-0.014727883472808696
-0.014766891140450865
-0.01480619869225445
-0.014845803251210186
-0.014885711924642614
-0.0149259202315798
-0.014966417901633696
-0.015007229373635196
-0.015048347453014295
-0.01508978527662701
-0.01513154646547188
-0.015173628318917876
-0.015216053123271777
-0.015258820452363589
-0.015301907310614852
-0.0153453217786156
-0.015389084262010693
-0.015433199641385094
-0.015477661233134368
-0.015522478333652542
-0.01556766108070601
-0.015613211887864286
-0.015659531615504173
-0.015706245909259606
-0.015753300639770013
-0.015800728889776766
-0.01584854742760084
-0.015896252843755735
-0.01594495975464417
-0.015994005607739486
-0.01604346761073743
-0.016093359133131882
-0.01614368817220522
-0.016194463070452275
-0.016245696391455355
-0.01629740000136934
-0.016349586414890004
-0.016402269353551865
-0.016455457084854224
-0.01650915698706876
-0.01656336686909536
-0.01661809819760339
-0.01667335378047446
-0.016729154122436113
-0.016785513955869896
-0.016842437513859988
-0.01689993318161807
-0.016958010727408192
-0.017016678630580154
-0.017075945273577666
-0.017135822929306987
-0.017196323929154
-0.01725745819064472
-0.017319236574835712
-0.017381670910842383
-0.017444766521875973
-0.017508537892848276
-0.01757299575462457
-0.01763815301629562
-0.017704024475340065
-0.017770601441014347
-0.01783789848755732
-0.017905931266711143
-0.017974714464306832
-0.018044264000859307
-0.018114592836475846
-0.01818571829197389
-0.018257652009701874
-0.018330406111990133
-0.01840399797112788
-0.018478438277856866
-0.0185537388412285
-0.018629914663039485
-0.018706977502847263
-0.01878494365434249
-0.01886382706747203
-0.018943640088670676
-0.019024405915228533
-0.019106136161416615
-0.01918883866132472
-0.019272526075824508
-0.019357229363017554
-0.019442960541418086
-0.019529743482796028
-0.019617601414992556
-0.019706563264274272
-0.01979667041883235
-0.019887974055496402
-0.01998055040140677
-0.020074486834666894
-0.020169854379058823
-0.02026665518078531
-0.02036477144738226
-0.020463990908312003
-0.02056411604642727
-0.020665065730987274
-0.020766879807330635
-0.020869668270838613
-0.020973557079257407
-0.021078672486399132
-0.02118512561991864
-0.02129300894849374
-0.021402401633205958
-0.021513365668473734
-0.021625957640652657
-0.02174022653080669
-0.021856219526678062
-0.021973980450661474
-0.022093551861911104
-0.022214969846379808
-0.02233827053626627
-0.02246349908514073
-0.022590702433675034
-0.022719928464043287
-0.02285122510478858
-0.022984642020402093
-0.023120228936447322
-0.02325803715758281
-0.023398119996782422
-0.023540532975690483
-0.023685333181270685
-0.023832579016212135
-0.02398233054571213
-0.02413465247693379
-0.02428961048995908
-0.024447273486412943
-0.02460771285196551
-0.024771001486594887
-0.02493721677068842
-0.025106438207543474
-0.025278748492149075
-0.025454232595234647
-0.02563298093787922
-0.02581508695809476
-0.026000647534057574
-0.026189763682805702
-0.026382542421108632
-0.02657909443053103
-0.02677953289881801
-0.026983978757706337
-0.027192555353362947
-0.027405395427166072
-0.02762263720799912
-0.027844424838585808
-0.028070910319293676
-0.02830225363142609
-0.028538622729358767
-0.02878019579704329
-0.029027159399887696
-0.02927970928771059
-0.029538051322793156
-0.029802400763076303
-0.030073021606330005
-0.030350106426535493
-0.03063390478394163
-0.03092467685399245
-0.031222695328329466
-0.031528245735674525
-0.03184162581703543
-0.03216314621533892
-0.03249313043380326
-0.03283191579650352
-0.03317985457043881
-0.03353731580586164
-0.033904686950175185
-0.03428237621219221
-0.034670815920548714
-0.035070466427588334
-0.03548181970189664
-0.03590540329120128
-0.03634178405381309
-0.03679157230662531
-0.03725542605889788
-0.03773405588995273
-0.038228230922756345
-0.03873879027516823
-0.03926663845520029
-0.03981277394184938
-0.04037829501978668
-0.04096442196262309
-0.04157252204168023
-0.04220414335707713
-0.04286105590766892
-0.04354530625775032
-0.04425928980798744
-0.04500585456061214
-0.045788353564300596
-0.046610917411523144
-0.047478554550755524
-0.04839746688944982
-0.04937538886025164
-0.05042204061655569
-0.05154972506150228
-0.05277411114132981
-0.05411526917774756
-0.055599017806860246
-0.05725871190572072
-0.05913758359058703
-0.06129180869302486
-0.06379463238706348
-0.06674170219869763
-0.07025811904401927
-0.07450777461434675
-0.07970564371127295
-0.0861340227035218
-0.09416393777506674
-0.10428342935270776
-0.11713493906581
-0.13356458412005412
-0.15468747538344227
-0.1819739418333214
-0.21736360849298597
-0.2634163420275664
-0.3235120525749901
-0.40211527244068423
-0.5051256795540653
