-0.4998409075705225
-0.39455386120684155
-0.3141165511773254
-0.25257202599393447
-0.20539926690331148
-0.16916571399225752
-0.1412641989259651
-0.1197137009169705
-0.1030083712867398
-0.09000307258093534
-0.07982660895056955
-0.07181587700275711
-0.0654659060000657
-0.060391921209160725
-0.05630054889899149
-0.05296794693438814
-0.05022317489994234
-0.04793556826428043
-0.04600512527092111
-0.044355216795500335
-0.04292702326384359
-0.04167531122132122
-0.040565218898372564
-0.03956980895207031
-0.03866819276481168
-0.03784411990221136
-0.03708489154758932
-0.03638053105249959
-0.035723158386098984
-0.035106507202729904
-0.03452555716053812
-0.03397624698742848
-0.033455269963472076
-0.03295990268021939
-0.03248788239653685
-0.03203729814707136
-0.03160648011638255
-0.031194081376239136
-0.03079889363356525
-0.030419858002535747
-0.030056032593856728
-0.029706581339581678
-0.0293707467768075
-0.029047841420314045
-0.02873723960529266
-0.028438367673014994
-0.02815069222471672
-0.02787372289154889
-0.027607004580609065
-0.02735010662567435
-0.027102629761030256
-0.026864198326353443
-0.02663446767932735
-0.026413110775772047
-0.026199818071037134
-0.025994299784466574
-0.025796291610654203
-0.02560550743240697
-0.02542172457460761
-0.025244713056163104
-0.025074256832132925
-0.024910145374148512
-0.02475218661501325
-0.024600191971911746
-0.024453993059015612
-0.024313385753169065
-0.024178232225898145
-0.024048381989505138
-0.023923699213999134
-0.023804052017186755
-0.023689308520630746
-0.023579348841922088
-0.02347407081966112
-0.02337336045744027
-0.023277117897395776
-0.02318525131399888
-0.023097667397375343
-0.023014273957098253
-0.02293499713981755
-0.022859761764690463
-0.022788493397488955
-0.022721130305673135
-0.022657607773059415
-0.02259786205334929
-0.02254184774780102
-0.022489516992811844
-0.022440814420197786
-0.02239570027283413
-0.022354135127014306
-0.02231607997211234
-0.02228150896484309
-0.022250381571678638
-0.022222674646383882
-0.022198368140326996
-0.02217743157233603
-0.022159858790426895
-0.022145632440201485
-0.02213473328407677
-0.02212715137597712
-0.02212289118631476
-0.02212194527828038
-0.022124317206807593
-0.022129999518139733
-0.022139008444168322
-0.022151348645224184
-0.022167035520332928
-0.022186071982205145
-0.022208485165900155
-0.022234291992104815
-0.022263520741391117
-0.022296185519936878
-0.022332326977857152
-0.022371973440156706
-0.022415168841996503
-0.022461935753876682
-0.022512332444347055
-0.022566370174737258
-0.022624128584228718
-0.0226856470643099
-0.022750989423911256
-0.02282020821442369
-0.02289337315194571
-0.022970557583377023
-0.023051888199514235
-0.023137388704115254
-0.023227153366198464
-0.023321262381923728
-0.023419820958824736
-0.02352291755203385
-0.023630667498756638
-0.023743175269208543
-0.023860564128068636
-0.023982954663733107
-0.024110481209010243
-0.024243286903110086
-0.02438150844153504
-0.02452529795580127
-0.024674827105258573
-0.02483026472356407
-0.02499179618458407
-0.02515961252143213
-0.025333920999510196
-0.025514934138157953
-0.02570287908539538
-0.025897997909228403
-0.02610054896094492
-0.026310791579566527
-0.026529013180742533
-0.026755499332602097
-0.02699060659109059
-0.027234667234720438
-0.027488038460049286
-0.027751102186280158
-0.02802427030669232
-0.028307984817293352
-0.02860271350801874
-0.02890896604993524
-0.029227295300030473
-0.02955829810075407
-0.029902619821746426
-0.030260965327975183
-0.030634113222258664
-0.03102292863871886
-0.03142837064533477
-0.031851527236505875
-0.032293623213525254
-0.03275609790626352
-0.03324058301081825
-0.03374901463326299
-0.03428368267083268
-0.03484734818817263
-0.03544334327774763
-0.03607574760818974
-0.03674960269160397
-0.03747119153604713
-0.03824840607493561
-0.0390912225172542
-0.04001235296119648
-0.04102799924439085
-0.04215902150027614
-0.04343226781969019
-0.044882492413369314
-0.04655477527350135
-0.04850773224239666
-0.050817726178634344
-0.05358440812111546
-0.05693800341642755
-0.06104887616349223
-0.06614020857827911
-0.07250453378422601
-0.08052563304656812
-0.09070731907249847
-0.1037113690978247
-0.12040751299501037
-0.14193934093040045
-0.16981118764115571
-0.20600277642713055
-0.2531205342594592
-0.31459730331806246
-0.39495617147193035
-0.5001590924294774
