-0.49988969257841925
-0.39478694123700653
-0.31458619561439044
-0.25329482504129985
-0.20636999580848123
-0.17036663305684654
-0.14267117454116937
-0.12130013604560708
-0.1047476288705936
-0.09186990152916004
-0.08179789577377708
-0.07387096132969978
-0.06758663262428881
-0.06256253320463909
-0.058507495791270334
-0.05519964551355388
-0.05246976680477935
-0.05018867535360087
-0.04825764333377603
-0.04660111118223192
-0.04516116346094766
-0.04389331454625213
-0.04276332464071616
-0.04174476794806991
-0.04081718261080724
-0.0399646731513046
-0.039174827862055846
-0.038437909556527136
-0.03774623967846864
-0.03709371456510743
-0.036475448373866695
-0.03588749412330255
-0.03532664185226345
-0.03479022843417686
-0.034276069250582256
-0.03378231876384389
-0.03330739466212206
-0.03284995287169739
-0.0324088103571895
-0.031982942590400305
-0.0315714297812934
-0.031173436459739058
-0.03078823878009608
-0.03041515154274132
-0.03005356810210856
-0.02970292448417045
-0.029362700988950628
-0.02903241228809135
-0.02871161215070418
-0.028399872749945328
-0.028096805919487402
-0.027802037644877837
-0.027515221904091298
-0.027236033474664963
-0.026964143111076467
-0.026699258493784607
-0.026441141910862838
-0.02618947275059789
-0.025944022881370016
-0.025704590373230602
-0.025470908663463965
-0.02524281851268221
-0.025020071382897493
-0.024802480275979512
-0.024589861820812263
-0.02438203695245234
-0.02417884391134428
-0.02398013103940674
-0.023785738555475607
-0.023595514942088773
-0.023409340227977325
-0.023227072338638823
-0.02304858314352478
-0.022873747518478853
-0.022702455395571804
-0.022534596099446975
-0.022370060740447423
-0.0222087560357246
-0.022050578082832895
-0.02189542833292605
-0.021743209838683122
-0.021593845715911768
-0.021447249072618208
-0.021303339180895248
-0.02116204851182431
-0.02102329308120263
-0.020887008103362418
-0.020753125268149188
-0.02062156850699788
-0.020492286731823024
-0.020365216459989628
-0.020240303731309833
-0.02011749333611362
-0.019996727114071404
-0.019877950586462176
-0.019761105348576606
-0.019646160772819304
-0.019533043230261875
-0.01942172147232031
-0.019312146374656503
-0.01920427789563244
-0.019098078983667482
-0.018993509320544263
-0.018890530554046107
-0.018789105913334388
-0.01868920095681558
-0.018590792166579783
-0.01849383057163658
-0.01839828868454356
-0.018304138908021184
-0.018211366702737597
-0.01811993345597348
-0.018029743932819416
-0.017940862886891194
-0.017853206257131438
-0.017766762794081924
-0.017681506749773774
-0.017597425901119356
-0.017514486816649598
-0.01743267999803337
-0.01735202854957661
-0.01727236505131529
-0.017193780792336414
-0.0171162376893634
-0.01703972234517627
-0.016963920987706247
-0.016889389923657433
-0.016815528658292396
-0.01674244803713318
-0.016670371247095993
-0.016599233870856777
-0.016529027334496214
-0.016459728780224468
-0.01639131014190887
-0.016323748184190197
-0.016257013370182823
-0.01619107741160614
-0.016125950043565176
-0.016061596725469304
-0.01599800977503934
-0.015935173097884503
-0.015873076098411674
-0.01581170031937092
-0.015751031467864978
-0.01569106722149239
-0.015631768672662142
-0.015573117331506969
-0.01551511169757765
-0.015457759641234142
-0.015401038287476854
-0.015344910364683237
-0.015289455026883699
-0.015234472143045026
-0.015180068041406853
-0.015126218364220293
-0.015072918954828797
-0.015020153591832083
-0.014967927533426264
-0.01491621285221934
-0.014864964444620831
-0.014814195272297926
-0.014763916139733243
-0.014714107632020794
-0.014664764576258609
-0.014615897930958927
-0.014567493550023625
-0.01451956694232608
-0.014472100012454768
-0.014425113753848659
-0.014378597196985721
-0.014332531077311444
-0.014286905483527538
-0.014241731119843878
-0.014196973112838105
-0.014152649988341788
-0.01410875807470295
-0.014065312109117021
-0.014022284450586798
-0.013979684436888094
-0.013937519287769611
-0.013895754388403679
-0.013854420907640658
-0.013813506767748299
-0.013772961423306392
-0.013732801825820937
-0.013692996346196917
-0.013653558405144007
-0.013614494860162543
-0.013575786496789415
-0.013537432524801026
-0.013499422532582631
-0.013461760791416788
-0.013424431512687896
-0.013387429482495222
-0.0133508287260704
-0.013314551047506487
-0.013278574020245675
-0.013242920902426536
-0.013207592600161895
-0.013172538513579624
-0.013137798102234833
-0.01310333857780808
-0.013069210862667314
-0.013035404779443796
-0.013001900246261763
-0.012968655535496271
-0.012935714780481562
-0.012903009117139512
-0.012870588272471117
-0.012838451372690464
-0.01280660666764047
-0.012775061632316077
-0.0127437588343138
-0.01271272636713351
-0.01268198334659477
-0.012651526434036147
-0.012621355028516745
-0.012591304823056837
-0.01256162933975288
-0.012532192319663873
-0.01250292954165299
-0.012473953314542853
-0.012445175684897692
-0.012416643792194834
-0.012388280217486624
-0.012360181577078454
-0.012332291716556663
-0.012304656720846241
-0.012277240439154994
-0.012250014353164492
-0.012223069621892266
-0.012196388876657834
-0.012169860557457226
-0.012143455869927051
-0.012117424583041776
-0.01209160122588763
-0.012065920609923397
-0.012040487243829591
-0.012015209038673435
-0.011990186126412434
-0.011965495899191407
-0.01194089091502247
-0.011916513114692452
-0.011892519925128459
-0.011868733551807011
-0.01184503333990897
-0.01182145318925785
-0.011798173968591065
-0.011774925517708649
-0.011751841785434763
-0.011729045966534459
-0.011706366057501466
-0.01168386463569341
-0.01166151704517484
-0.011639283174572251
-0.011617217314536674
-0.011595302931653274
-0.011573548173648357
-0.011551953434997328
-0.01153052717318706
-0.011509214096419015
-0.011488043219732864
-0.011467104106222719
-0.011446386999808334
-0.011425833546384063
-0.011405450298031049
-0.011385225372724616
-0.01136517190254486
-0.011345219937090962
-0.011325506175391811
-0.011305960822056602
-0.011286542065883155
-0.01126727142235227
-0.011248145374738812
-0.011229184727237404
-0.011210383000581562
-0.011191724852002819
-0.011173266683449387
-0.011154967796186714
-0.011136827991919718
-0.01111871324877288
-0.011100811469373969
-0.011083013173015653
-0.01106538561288972
-0.011047861860721818
-0.011030391257443314
-0.0110130592276788
-0.01099589187929886
-0.010978861727330298
-0.010961969185266655
-0.010945241529267073
-0.010928594258021352
-0.010912085518718273
-0.010895675206907917
-0.010879416285215757
-0.01086324439382967
-0.010847208949120174
-0.010831275756291427
-0.010815506568181232
-0.010799863464088025
-0.010784291727946793
-0.010768840752014525
-0.01075351168573079
-0.010738248889427711
-0.010723154171719767
-0.010708149788467545
-0.010693245246989044
-0.010678530291603735
-0.010663972716043978
-0.0106494637648251
-0.010635039003532253
-0.010620749615407774
-0.010606667205991398
-0.01059268561955805
-0.010578810554363957
-0.01056510239054713
-0.010551506840941294
-0.010538017834526642
-0.010524638548915364
-0.010511368807089548
-0.0104982185040542
-0.010485186777060639
-0.010472232087997774
-0.01045938582217318
-0.010446609394408396
-0.01043395532843128
-0.010421381091293766
-0.010408896096578144
-0.010396576253847285
-0.010384354367039094
-0.010372239324803854
-0.010360260185454235
-0.01034838212030678
-0.010336594310941803
-0.010324895597258755
-0.010313333475850983
-0.010301857199444969
-0.010290488371453034
-0.010279199308887035
-0.010267966095353808
-0.010256888814192964
-0.010245886948670818
-0.010234993331610863
-0.010224203589852418
-0.010213487517004833
-0.010202852218784633
-0.01019230771814366
-0.010181811255916422
-0.010171376282892006
-0.010160989394712196
-0.010150609549938029
-0.010140197178920047
-0.010129914262386913
-0.01011978804394258
-0.01010976968312072
-0.01009991646293817
-0.01009018808272331
-0.01008052884182509
-0.010070968673682434
-0.010061469717082513
-0.010052041492338307
-0.010042690614170853
-0.01003338116909588
-0.010024148702317933
-0.010014983171088683
-0.010005918379662557
-0.009996928206391632
-0.009988031471179572
-0.00997924268674602
-0.009970565870911094
-0.009961969102083263
-0.009953423245889818
-0.009944944220340457
-0.009936556894211628
-0.009928254653649991
-0.00992003067764324
-0.009911857598470976
-0.009903778017860902
-0.009895772064311513
-0.009887846727672737
-0.00987999893073673
-0.009872223875927027
-0.009864521643962778
-0.009856908402763638
-0.009849364513920348
-0.009841911244739685
-0.009834540498032672
-0.009827246162979413
-0.009820035711256234
-0.00981291062799796
-0.009805865093253837
-0.00979889654587701
-0.009792002953670378
-0.009785184276120337
-0.009778441097212825
-0.009771771334256506
-0.009765170412629275
-0.009758636520054237
-0.009752169964721278
-0.009745762994747156
-0.009739396028663586
-0.00973308793954841
-0.009726835708671276
-0.009720641920413706
-0.009714497527884388
-0.009708406727029531
-0.00970237558845754
-0.00969639373543502
-0.009690480852238866
-0.00968464502590552
-0.00967888285751341
-0.009673197410322914
-0.009667555422142553
-0.00966197573328254
-0.009656447310643378
-0.00965095227675206
-0.009645503259068216
-0.009640085213999519
-0.009634688143769415
-0.009629324042663931
-0.009624004624860885
-0.009618784055281255
-0.0096137262037396
-0.009608853985403181
-0.009604100096606272
-0.009599414095770089
-0.009594780035447763
-0.00959020001557442
-0.009585685937732697
-0.009581225535146466
-0.009576843516701796
-0.00957254751328301
-0.009568327878879122
-0.009564197898421738
-0.009560144998093618
-0.009556169568254311
-0.009552262217735662
-0.00954842124691431
-0.009544635114415289
-0.009540908171762083
-0.009537235493949766
-0.009533635662111125
-0.009530096123189875
-0.009526634395615798
-0.009523226721138879
-0.009519888913071465
-0.009516593580412536
-0.009513379681484437
-0.00951022298948677
-0.009507136309834798
-0.009504106663389198
-0.009501147880221439
-0.009498245256683966
-0.009495412612308048
-0.00949265322519841
-0.009489965346420503
-0.009487345189462449
-0.009484789670389812
-0.00948230161836062
-0.009479879913704055
-0.009477533575902782
-0.009475239417456548
-0.009473015896450184
-0.009470832035480655
-0.009468713589196808
-0.00946665633041867
-0.00946467028190273
-0.009462744022183457
-0.009460878826552437
-0.009459071768292375
-0.009457319904245802
-0.00945563794878271
-0.009454015805884097
-0.009452453705911365
-0.00945095578205406
-0.009449505064856319
-0.009448120173035252
-0.009446798627836057
-0.009445527626517307
-0.009444308987242933
-0.00944315554466927
-0.009442065892631834
-0.009441041441753395
-0.009440082296775947
-0.009439187006489196
-0.00943835524432631
-0.009437589027838075
-0.009436889178162338
-0.00943625576467803
-0.009435690225493419
-0.009435190188934552
-0.009434757777432214
-0.009434374014571199
-0.009434039909809122
-0.009433761311211097
-0.009433533462521055
-0.009433314746390626
-0.009433105966472718
-0.00943304432626643
-0.009433030513119925
-0.009433058110875261
-0.009433147703050324
-0.009433300429958876
-0.009433521363815804
-0.00943382752457954
-0.009434197509897777
-0.009434639733454604
-0.009435163957085128
-0.00943577114794896
-0.009436457120270587
-0.00943722086068785
-0.009438054901720703
-0.009438971498545804
-0.009439957351011732
-0.009441014813034507
-0.009442136649587545
-0.009443281770534166
-0.00944441923642493
-0.009445375990197007
-0.0094462285954817
-0.009447244170713642
-0.009448428855410692
-0.009449762908538929
-0.00945122441922968
-0.009452789885849883
-0.009454456981723598
-0.00945621804069213
-0.009458051887343923
-0.009459973245644904
-0.009461962474765079
-0.009464027315090941
-0.009466153415956307
-0.009468339105993645
-0.009470593523676286
-0.009472912925357275
-0.009475294369523508
-0.00947773583176873
-0.00948024004410404
-0.009482809605887032
-0.009485433187386996
-0.00948812554127236
-0.009490870854668071
-0.009493675873227518
-0.009496544204310535
-0.009499468829896182
-0.009502458040350877
-0.009505503121268289
-0.009508602198470871
-0.009511764447208226
-0.009514988220125215
-0.009518263499235588
-0.009521585187361063
-0.009524944882914891
-0.00952835204391557
-0.009531777835128895
-0.0095352934052652
-0.009538824997802944
-0.009542413601541658
-0.009546072008860599
-0.009549782583772376
-0.009553554727664702
-0.009557414300549735
-0.00956136212756161
-0.009565385793360056
-0.009569487823421945
-0.00957367663466053
-0.009577948632067344
-0.009582280339032573
-0.009586673106769101
-0.009591154442835089
-0.00959568889288945
-0.009600277602232343
-0.009604921106936242
-0.009609620303099684
-0.009614363891364861
-0.00961917275146616
-0.009624041228768506
-0.00962897477706883
-0.009633973887225152
-0.009639041441473983
-0.009644175803141718
-0.00964938178795866
-0.009654659704999267
-0.009660002406795262
-0.009665407449253633
-0.009670867532544819
-0.009676399253346448
-0.009681999361084038
-0.00968770268360457
-0.009693484471384385
-0.00969933520753349
-0.009705278867280835
-0.009711352507652735
-0.009717439121746423
-0.009723567657336608
-0.00972976729540987
-0.009736047548243271
-0.009742414489488191
-0.009748825769594288
-0.009755291655376717
-0.009761802318363558
-0.009768358480938549
-0.009774962070139316
-0.009781615376152922
-0.009788316178037815
-0.009795103991914238
-0.009801961139733898
-0.009808901813221452
-0.009815912394596504
-0.009823005877514845
-0.009830185206466426
-0.009837440878738652
-0.009844773119426258
-0.009852190000098236
-0.00985968659955146
-0.009867247980112563
-0.009874897348858665
-0.00988263945400242
-0.009890476015825933
-0.009898385181299927
-0.00990636486234706
-0.009914456122221048
-0.009922667864651976
-0.009930971680340132
-0.009939357940319839
-0.00994781393816973
-0.009956364475825588
-0.009964967235532666
-0.009973651038110301
-0.00998240694740996
-0.009991239406528239
-0.010000153113474537
-0.010009151222567654
-0.010018238400132029
-0.01002741141457133
-0.010036692562825382
-0.010046036834000599
-0.0100554751678358
-0.010065004125133779
-0.010074618746599616
-0.01008433154185258
-0.010094123790778045
-0.010104017386896322
-0.010113964242671768
-0.010124004278171837
-0.010134109079987531
-0.01014429810093648
-0.010154556453178734
-0.010164896043143246
-0.010175316083472687
-0.010185817421404137
-0.010196446995356611
-0.01020716358154008
-0.010217974663985722
-0.01022889870511189
-0.010239882258230375
-0.010250994354106889
-0.010262208070287347
-0.010273518181219845
-0.010284919379136486
-0.010296191661760244
-0.010307825687852828
-0.01031945116771847
-0.010331137791759041
-0.010342926577396284
-0.010354797307784663
-0.010366782284250788
-0.01037886445569129
-0.010391059585431026
-0.010403356913720744
-0.010415769800600614
-0.010428285894256654
-0.010440887665357659
-0.010453597404875116
-0.01046640714769186
-0.010479317978153473
-0.010492330616681917
-0.010505444446176173
-0.010518659846271265
-0.010531974138794703
-0.010545390434969706
-0.010558903542138426
-0.010572503550326661
-0.010586206029587993
-0.010600027611006806
-0.010613948792657014
-0.010627986833564416
-0.010642135939566196
-0.010656385962108586
-0.010670754022757096
-0.010685238524557205
-0.010699847866881987
-0.010714512984301294
-0.010729275175472635
-0.010744212237995938
-0.010759240556660042
-0.010774383738569072
-0.010789647023435654
-0.010805026048661417
-0.010820524483884963
-0.01083614841636896
-0.010851867605824558
-0.010867715802207363
-0.010883673973166226
-0.010899830028663206
-0.010916055492647654
-0.010932405336635993
-0.010948866163685704
-0.010965436521741225
-0.01098213799044313
-0.010998942674321678
-0.011015901927706915
-0.01103298132894187
-0.011050280148907613
-0.01106767821324234
-0.01108528321833206
-0.011103040550138794
-0.011120928274612689
-0.011138942653897215
-0.011157084346230256
-0.011175350003928863
-0.011193728238481864
-0.011212225285416936
-0.011230849190812795
-0.011249587010701742
-0.01126846144569633
-0.011287481644961867
-0.011306640835429118
-0.011325965178667219
-0.011345428800558366
-0.01136503889358225
-0.011384825305397275
-0.011404774776643761
-0.011424870007469307
-0.011445129857198946
-0.01146554700967195
-0.011486155904004482
-0.011506932952809308
-0.011527968605305803
-0.011549005268385294
-0.011570263445035993
-0.011591780813907365
-0.011613300573190185
-0.01163493196526247
-0.011656737426309708
-0.011678679924608013
-0.011700802988160312
-0.011723183481266573
-0.011745703981357493
-0.011768425966721013
-0.011791350234440586
-0.011814479390597347
-0.011837712975905445
-0.011861142668140735
-0.011884878052258262
-0.011908704815829943
-0.011932735345139752
-0.011956931986310843
-0.011981324246788383
-0.012005929125702211
-0.012030707887351503
-0.012055709773869348
-0.012080928776513093
-0.012106340534865983
-0.01213195834539209
-0.012157799208721214
-0.012183860223011751
-0.012210134530594125
-0.012236627162018116
-0.012263340345767789
-0.012290273268203302
-0.012317434874123354
-0.012344833028827605
-0.012372455534161527
-0.012400305212906181
-0.012428387101251154
-0.012456706225168129
-0.012485282456415748
-0.012514092982625475
-0.012543146023743058
-0.012572433872759126
-0.012601959146949795
-0.01263173528077213
-0.012661760534134626
-0.012692038067853488
-0.01272257293328275
-0.012753367120530013
-0.012784425545901744
-0.012815752721831209
-0.01284735369834887
-0.012879215216091179
-0.01291135300107474
-0.012943771109906263
-0.012976477007854979
-0.013009475662839283
-0.013042765500612634
-0.013076343636798741
-0.013110217315575571
-0.013144385248092798
-0.013178842678316902
-0.013213590138349449
-0.013248638668233694
-0.01328398576226929
-0.013319644278469257
-0.013355620834575404
-0.013391922783358445
-0.01342856169808579
-0.013465541828060444
-0.013502871154464274
-0.013540548856063315
-0.013578578276425226
-0.0136169633023332
-0.013655708706318883
-0.013694814842635787
-0.013734281975382834
-0.013774110473640288
-0.013814306447164837
-0.013854862416538357
-0.01389579027296159
-0.013937089290653766
-0.013978762650309675
-0.014020815012263266
-0.014063271274065982
-0.01410612508967856
-0.014149378451810959
-0.014193050111117291
-0.014237142130591211
-0.014281663737020252
-0.014326622133171716
-0.014372023296573777
-0.014417868410885389
-0.014464172986611717
-0.014510959747045792
-0.01455810968319985
-0.014605758993925896
-0.014653912248406611
-0.014702567689642192
-0.014751731230390008
-0.014801401800119716
-0.01485158646488366
-0.014902287176268023
-0.01495350988379414
-0.015005263202323633
-0.015057552698826637
-0.015110383750988996
-0.015163765924129876
-0.015217701629075384
-0.015272215628340172
-0.015327301636488341
-0.015382990037988205
-0.015439276287295177
-0.015496173051306178
-0.01555368861990353
-0.015611830332847815
-0.015670612265036205
-0.015730047946714985
-0.015790150089079132
-0.015850905354577855
-0.015912348199759247
-0.015974488609621904
-0.01603733662873649
-0.0161009095789938
-0.016165219855721627
-0.016230278333572993
-0.01629609934916388
-0.01636269157604391
-0.01643006996270169
-0.016498255072499184
-0.016567278573134107
-0.01663717040438699
-0.01670791626264646
-0.016779546540734467
-0.016852069043669538
-0.016925494280311457
-0.01699984956609817
-0.01707515357795967
-0.017151429508180865
-0.01722869783284162
-0.017306978581080434
-0.017386283377879
-0.017466639222566048
-0.017548065466736207
-0.017630582159299135
-0.017714213415443512
-0.017798980332564544
-0.01788490873598316
-0.017972022462769726
-0.018060353529494696
-0.018149923055622314
-0.018240762901224523
-0.01833290502438213
-0.018426379736411914
-0.01852123611856528
-0.018617492427247726
-0.018715179928573845
-0.01881432834322479
-0.018914971194589257
-0.019017142482983838
-0.01912087679306641
-0.01922621447777187
-0.019333188261671377
-0.019441842094343815
-0.01955222486967388
-0.01966436203819891
-0.019778306605611043
-0.019894107234489346
-0.02001181068453421
-0.020131466075764506
-0.02025312678038141
-0.02037684652483645
-0.02050268360770243
-0.02063069392900792
-0.02076094010028751
-0.02089348616898606
-0.021028395239556935
-0.02116588996868665
-0.021305834334553405
-0.021448329493029113
-0.021593448796970963
-0.021741278889918284
-0.02189190229969636
-0.022045414399763485
-0.022201901749706425
-0.02236145561587488
-0.022524171665316062
-0.02269014802801649
-0.02285948860785119
-0.023032305584892408
-0.02320870942188475
-0.02338883265132064
-0.023572800015047832
-0.02376074010108242
-0.023952790169213128
-0.02414909128878134
-0.024349795114825566
-0.02455506033815591
-0.024765046753704573
-0.024980046676102374
-0.02520009486350574
-0.0254253828510907
-0.0256561158068417
-0.025892506390035857
-0.026134775776350858
-0.026383157523349073
-0.02663789286255252
-0.02689923806946708
-0.027167467077265573
-0.0274428618548129
-0.02772573334472747
-0.028016395982816578
-0.02831519598867948
-0.02862249220828245
-0.028938661492551223
-0.029264113105423425
-0.029599283489490407
-0.02994463825621101
-0.03030067924011081
-0.030667949155079786
-0.031047031322350774
-0.031438585135177874
-0.03184325197673935
-0.03226179323628598
-0.03269506621156588
-0.03314400975248933
-0.033609687043259034
-0.03409329848285311
-0.034596222392299966
-0.03512006097343551
-0.03566668935877042
-0.03623833069754743
-0.036837666090104325
-0.03746793489576257
-0.03813311228125788
-0.03883811100406891
-0.03958905335287103
-0.0403936372277244
-0.04126160739635888
-0.04220536414067489
-0.04324078429066633
-0.04438828699668164
-0.045674234000819235
-0.04713277344829416
-0.04880824327948426
-0.050758370157918266
-0.053058454407073
-0.05580689052796957
-0.059132422524454276
-0.06320371022678374
-0.06824216904954424
-0.07453800227482077
-0.08247256013848304
-0.09254709743753745
-0.10542084687348065
-0.12196125910517956
-0.14331031083535198
-0.17097203138215097
-0.2069281111177682
-0.25379057220455326
-0.3150040314936033
-0.39511201847270755
-0.5001103074215807
