-0.5047274943183614
-0.48340016311321
-0.46343369243466837
-0.44472044286220846
-0.42716277955250004
-0.410672004111025
-0.39516741124277166
-0.38057546517979185
-0.3668290667596247
-0.35386690724361225
-0.3416328951567558
-0.33007564675365864
-0.319148033249609
-0.30880677919703575
-0.29901210082745083
-0.28972738440648016
-0.28091889603312853
-0.272555524747184
-0.26460854960059843
-0.2570514294722136
-0.249859615101394
-0.2430103783125903
-0.23648265540630403
-0.23025691181223196
-0.22431501575550553
-0.21864012151788179
-0.2132165662738205
-0.20802977362949412
-0.203066173044311
-0.19831311782625985
-0.19375881272126744
-0.18939224971879248
-0.18520314750773068
-0.18118189765786677
-0.17731951374442656
-0.1736075850987451
-0.17003823520315225
-0.16660408235011964
-0.1632982053112029
-0.16011410960050526
-0.15704569671152696
-0.15408723816853453
-0.15123334808531894
-0.14847896284982418
-0.14581934843374883
-0.1432499851752159
-0.14076664311915427
-0.1383653370227546
-0.13604230724747282
-0.13379400502775615
-0.13161707793140656
-0.1295083624052819
-0.1274648640744178
-0.125483749652634
-0.12356234325706703
-0.12169810651011573
-0.11988863411178267
-0.11813164623210577
-0.11642497999502112
-0.11476658995484493
-0.11315452490317518
-0.11158694081963207
-0.11006207681211432
-0.10857825909845746
-0.10713390398138026
-0.10572749885997686
-0.10435760898473227
-0.10302286594363678
-0.10172195225189747
-0.100453633973127
-0.09921672496095443
-0.0980100881601609
-0.09683263857588367
-0.09568334624571889
-0.09456122515461973
-0.09346541358410436
-0.09239493903437379
-0.0913488643977052
-0.09032641905844399
-0.08932685797104031
-0.08834944264111053
-0.08739342713167028
-0.08645811279829911
-0.08554285834680761
-0.08464702982424557
-0.08377001233223748
-0.08291101221443131
-0.08206966306125403
-0.08124541921850752
-0.08043780183186423
-0.07964637597680836
-0.07887059708472642
-0.07811000938242503
-0.07736417690151248
-0.07663262382502226
-0.07591497603132137
-0.07521082542468333
-0.07451979977680044
-0.07384151984031623
-0.07317564425120231
-0.07252184025200588
-0.07187977911661694
-0.0712491140491567
-0.07062956806038816
-0.07002083714315854
-0.06942264122094971
-0.06883470223514158
-0.06825673807453472
-0.06768851459684994
-0.06712975871563479
-0.06658023359264442
-0.06603972451058597
-0.06550799902883912
-0.06498482168937926
-0.06447000580870878
-0.06396330681952334
-0.06346465479724189
-0.06297370840900318
-0.062490318201089294
-0.062014329149606195
-0.0615455833845374
-0.06108389992104494
-0.06062912117218217
-0.060181074152275596
-0.059739617315579384
-0.05930458170023192
-0.05887584380915933
-0.058453264575883714
-0.05803673205547993
-0.05762606646204852
-0.05722117877158687
-0.05682196304945137
-0.05642825549887151
-0.0560400481073146
-0.05565721143191307
-0.05527959024516656
-0.05490703441766271
-0.0545395382423969
-0.05417686522106929
-0.05381896569475493
-0.05346573089291939
-0.053117110150160435
-0.05277298594799245
-0.05243331550355449
-0.052097960047702216
-0.05176683662903987
-0.05143983705952975
-0.05111689404713093
-0.05079791446403954
-0.05048284190081511
-0.050171580843345644
-0.04986410385452714
-0.04956039004898302
-0.04926032453181486
-0.0489638711789967
-0.04867098555845997
-0.048381425729427704
-0.04809499838508162
-0.04781164779148416
-0.04753145733395008
-0.047254175886782046
-0.04698008351114235
-0.04670924937169958
-0.046442001379133235
-0.04617824920940372
-0.04591759433817365
-0.04566007783798063
-0.045405367277941186
-0.04515347860009525
-0.0449045709543609
-0.04465838204711118
-0.044414944214607385
-0.04417417789172426
-0.04393610919925367
-0.04370075367100284
-0.04346788332798537
-0.04323755045531673
-0.04300971595771125
-0.042784311619123876
-0.04256145157477054
-0.04234088954782466
-0.04212260089033385
-0.041906725980725056
-0.041693113612636584
-0.041481863092979
-0.04127291909646017
-0.041066112073284235
-0.040861529351609645
-0.0406590087107764
-0.040458721005565905
-0.040260565658723026
-0.040064468313344336
-0.03987038731085846
-0.03967852946841012
-0.03948852757142713
-0.039300478621190356
-0.03911436068089465
-0.03893011318053236
-0.03874779236065274
-0.03856723190925652
-0.038388512507148885
-0.038211568686856025
-0.03803634169356279
-0.03786295254629307
-0.037691065856292234
-0.03752098639207065
-0.03735256383901282
-0.03718571341435013
-0.037020697816417744
-0.036857169013049085
-0.03669518290803576
-0.03653475637295869
-0.03637598857952774
-0.036218746471337514
-0.03606309308355295
-0.03590881534330811
-0.035756198367238715
-0.03560464630226063
-0.0354548178998957
-0.035306435624541464
-0.035159486909788554
-0.03501390170011131
-0.03486964824951515
-0.034726141714561135
-0.034584403015716976
-0.03444411746188059
-0.03430540218523081
-0.034167269756953285
-0.03403063978641642
-0.03389533667441764
-0.033761305672625606
-0.033628980316672524
-0.03349731674789091
-0.03336694860235314
-0.03323801149858
-0.03311026407262473
-0.03298386476657454
-0.03285874499498005
-0.03273484572060871
-0.0326117358038351
-0.03248997692097793
-0.03236960343336715
-0.0322505632973737
-0.03213280628079422
-0.03201593848112762
-0.0319003329747628
-0.031785951086997256
-0.031673165580006456
-0.03156143765652221
-0.0314508275160369
-0.03134164290527338
-0.03123363876671998
-0.03112702077442427
-0.03102167050567744
-0.030917740299867165
-0.03081517831298029
-0.030714016585420063
-0.030614163360909778
-0.030515361273322692
-0.03040764606443479
-0.030311429007873477
-0.030216465275147847
-0.030111905384663164
-0.030019513696324742
-0.029928670447519568
-0.029839331951799268
-0.029751483089487486
-0.02966474005530407
-0.029568188821748696
-0.029472691219650817
-0.02937807044795592
-0.029284399243515315
-0.02919150257388745
-0.029099563947020637
-0.029008708007520825
-0.028919008788092435
-0.028829592130444278
-0.028740910696880402
-0.028653150753512966
-0.028566131278158817
-0.028479966604017765
-0.02839455298493249
-0.02831002296843497
-0.028226409377741433
-0.028143278877136548
-0.028060849335549528
-0.027979274683443245
-0.02789827749692504
-0.02781824380784793
-0.027738806593984502
-0.027659948228653346
-0.02758168976516515
-0.027503974053352854
-0.027426784928835962
-0.02735015958648418
-0.027274122567660004
-0.02719865616928461
-0.027123676290689902
-0.02704962304665307
-0.026976195728822386
-0.02690338587979933
-0.026831217711241775
-0.02675951729523987
-0.02668810819285253
-0.02661723637109557
-0.026546977398624185
-0.026477404111117524
-0.026408998415227314
-0.02634140090186559
-0.026274649846854636
-0.026208428347952454
-0.026142758365499324
-0.026077654977470163
-0.026013177607422843
-0.025948964345036903
-0.025885316460930022
-0.025822070347160764
-0.02575919715959449
-0.025696920877762895
-0.025635257155775467
-0.025573770551578574
-0.025512733747344005
-0.02545247105278771
-0.025392413984453896
-0.025332913139283045
-0.025279803964077502
-0.025223473644724825
-0.02516687734374206
-0.02511014901655134
-0.025054035540975274
-0.02499827041858757
-0.024943372682496134
-0.02488921263771904
-0.02483565634141764
-0.02478278312975087
-0.024730357262511122
-0.024678222702440918
-0.02462622792178826
-0.02457487717956272
-0.024523965676964042
-0.024473647253187972
-0.024423725692544664
-0.024374358546844114
-0.024325388414895833
-0.02427697308569783
-0.024228870649884687
-0.02418104216103236
-0.024133929081077025
-0.02408721763785272
-0.02404085027900495
-0.02399500372922193
-0.023949406763461176
-0.023904251923475485
-0.023859736356773843
-0.023815611637561795
-0.02377179879301398
-0.02372836115779959
-0.02368554856065484
-0.02364294922141232
-0.02360078622031652
-0.023558917807951385
-0.02351775634076136
-0.023476882674784306
-0.023436297873568417
-0.023396155821689905
-0.02335636640568773
-0.023317125472727303
-0.02327828762702814
-0.023239805593190128
-0.02320195876205107
-0.02316433254763911
-0.02312719159335727
-0.02309040897910538
-0.02305406933694693
-0.02301808006234931
-0.022982480577195923
-0.022947345859749668
-0.022912569433096563
-0.02287809482636759
-0.022844243526894153
-0.02281075746188588
-0.022777585497560038
-0.02274503365454986
-0.022713010524018452
-0.022681523538062645
-0.022650091712081332
-0.022619150216696964
-0.022588440532711678
-0.022558077582279755
-0.022528224801619905
-0.022498703871840577
-0.022469682253025397
-0.02244105113203182
-0.022412588277674013
-0.02238459636150638
-0.02235686838459336
-0.02232955430406447
-0.02230287898362985
-0.02227653769089797
-0.022250384637619337
-0.02222453096840646
-0.022198796515558273
-0.022173530397373336
-0.022148571672699967
-0.022123898977668945
-0.02209962219075677
-0.02207538539044443
-0.02205143250458788
-0.022027376529931735
-0.022003405643761766
-0.02197978034513718
-0.02195645115862436
-0.021933327048153053
-0.0219105662622703
-0.02188801108487484
-0.021865696458831338
-0.021843774560646845
-0.021822238291066717
-0.02180121614374446
-0.021780231920989917
-0.02175923117064562
-0.02173905832443787
-0.02171932408927777
-0.021699704853514815
-0.021680430147007677
-0.021660957107784495
-0.021642212373005384
-0.021623959696639453
-0.02160609890786119
-0.02158819121802286
-0.021571048200210167
-0.021554472341842622
-0.021537957789762224
-0.02152178061852924
-0.021505905830925647
-0.021490916342718918
-0.02147567178587627
-0.02146056136508689
-0.021446053485545756
-0.021431828859535488
-0.021417852655276022
-0.021404224213248807
-0.02139106858914499
-0.02137822355942798
-0.02136580592042624
-0.021353833442115337
-0.021342150255627395
-0.02133073787105814
-0.02131951833026225
-0.021308774876137426
-0.021298290741704504
-0.021288322691732288
-0.021278767794954613
-0.021269441708154823
-0.021260159909006468
-0.021250922510715125
-0.02124209848053666
-0.02123376310047792
-0.021225811183013123
-0.02121812868658149
-0.021210770906354762
-0.02120354224290042
-0.021196824466688597
-0.02119039521764487
-0.02118422582915891
-0.02117853772418458
-0.021172970009423288
-0.02116806343242673
-0.02116319770021083
-0.021158580010497197
-0.02115429685869947
-0.021150402218709462
-0.02114665511602565
-0.021143186038047726
-0.02113998597752089
-0.02113702289121821
-0.02113441565511131
-0.021131863774342327
-0.021129629121275
-0.02112785433668704
-0.02112612817734076
-0.021124751400530117
-0.021123596811411068
-0.021122608145980548
-0.02112197072737372
-0.021121347833838608
-0.02112111774799559
-0.021121135361914043
-0.02112141165780006
-0.021121989626001935
-0.02112268958341417
-0.021123453773845682
-0.02112466742935499
-0.02112609114607739
-0.021127749889435506
-0.02112969030823488
-0.021131576476599474
-0.021133832797845784
-0.021135910025673662
-0.021138539921637473
-0.021141478289686755
-0.02114436948628749
-0.021147736045041006
-0.021151068733974775
-0.021154949356989698
-0.02115887412535379
-0.0211627006470866
-0.021166705994152796
-0.021171037416999834
-0.021175941436416247
-0.021180871592781716
-0.02118625087366423
-0.021191845977621724
-0.021197627801437236
-0.021203354626695075
-0.021209255757529688
-0.0212153886831086
-0.021221609968835254
-0.02122788371199089
-0.021234548501074466
-0.021241252999594853
-0.02124789703626253
-0.021254366014827036
-0.021261093493682066
-0.021267653069366513
-0.02127414364145939
-0.021280566861950883
-0.021287409413859596
-0.02129427855122777
-0.021301067542669434
-0.02130818448650653
-0.02131530622066465
-0.02132266531302709
-0.021330206210045582
-0.021337624929176836
-0.021345299979909402
-0.021353447097823604
-0.021361970487494126
-0.021370494607485857
-0.021379384344550834
-0.021388598589829062
-0.02139805714743964
-0.02140772110016409
-0.021417744477935836
-0.021427967612747418
-0.02143855780257649
-0.021449569444308026
-0.021460896862847727
-0.021472603875214137
-0.021484463324765526
-0.02149689249321394
-0.02150963566685279
-0.02152278651030992
-0.021536316696161552
-0.021550334361769296
-0.021564679225844815
-0.02157935067898876
-0.021594506264679337
-0.02161015003196383
-0.02162618188227418
-0.02164262837836252
-0.021659489265830313
-0.021676857946168113
-0.021694568057550746
-0.021712663998255142
-0.021731007871231847
-0.02174978747689141
-0.02176895843422884
-0.02178856230234116
-0.021808494102481677
-0.021828777138953967
-0.021849556144884104
-0.02187055456962064
-0.021891940113318468
-0.021913671173502142
-0.021935855951309906
-0.02195833963324001
-0.021980976343583918
-0.022003932373644116
-0.02202716587869215
-0.02205048227043272
-0.02207402397627161
-0.022097984869593346
-0.022122304743366523
-0.022146997930813293
-0.02217192153607638
-0.022197125343449736
-0.022222745213597957
-0.022248546230988007
-0.02227476029699688
-0.022300798671263018
-0.022327524011603532
-0.02235442234205152
-0.02238179565919174
-0.02240956612866927
-0.022437583495360083
-0.02246578886242135
-0.022494687273090244
-0.022523875028780303
-0.022553291502837112
-0.02258316457151877
-0.02261320725075364
-0.022643521534739315
-0.02267448162054704
-0.022705585648673095
-0.022737077377018283
-0.02276895319536305
-0.022801014252860366
-0.02283316386887282
-0.022865548030258732
-0.022898192973286498
-0.022931402452492557
-0.022964948323061632
-0.02299874636199407
-0.02303297004098029
-0.02306731332093876
-0.02310222082644505
-0.02313730586163487
-0.023172901918034144
-0.0232088223676073
-0.02324491450677696
-0.023281533583154608
-0.02331847162413893
-0.023355783775646427
-0.023393473337145063
-0.023431453844947176
-0.023470113425953933
-0.023508912237982984
-0.02354818840012866
-0.023588026059295383
-0.02362834771368583
-0.023669115237971102
-0.023710212834317717
-0.02375180006691455
-0.02379352155531006
-0.02383597691978963
-0.023878854715812955
-0.023922013065321757
-0.023965266176894578
-0.024009217585595505
-0.024053614891507407
-0.02409831588823494
-0.024143556548207174
-0.02418933563491742
-0.024235595284453564
-0.024282376179290535
-0.02432969263904842
-0.0243773509783453
-0.024425644685651542
-0.02447439450196408
-0.024523546845835274
-0.02457309301399196
-0.02462330183775271
-0.024673968394901085
-0.02472511891967741
-0.024776827743057186
-0.024828935043220163
-0.02488144429019159
-0.024934482259894284
-0.024988004440197824
-0.025041963978344173
-0.025096351074373604
-0.02515131171469526
-0.02520677816265043
-0.025262718223554158
-0.025319119796532796
-0.02537601964245487
-0.025433417530126186
-0.025491295054339162
-0.025549682494191456
-0.025608554823062294
-0.025667938884178353
-0.02572783976060909
-0.025788268861720386
-0.025849228478553518
-0.02591070433285298
-0.025972686300801993
-0.026035197346411607
-0.026098248374335033
-0.026161837003193855
-0.026225974633184462
-0.026290659439730184
-0.02635590357278095
-0.026421709921674898
-0.026488065203121948
-0.026554986726616082
-0.026622475260147545
-0.026690570785608807
-0.026759242894011895
-0.026828466881336492
-0.026898301319817106
-0.02696873584498754
-0.027039815744143183
-0.027111501262505937
-0.027183751877602965
-0.027256647844498997
-0.02733009812544311
-0.02740410060029254
-0.027478899914247734
-0.027554218958569677
-0.02763031546119822
-0.02770706568936342
-0.027784341525497788
-0.02786241829709971
-0.027941067580595166
-0.02802037540658725
-0.028100360640097057
-0.028181044712260718
-0.0282623848654402
-0.0283444290988778
-0.028427153828683622
-0.02851059805550529
-0.028594758394674447
-0.028679633998896753
-0.02876522875575492
-0.028851545747283956
-0.02893859650968193
-0.029026401550259127
-0.029114923331704474
-0.029204223780365465
-0.029294287206715144
-0.029385117330172655
-0.029476746118850462
-0.02956917400798544
-0.029662340696046126
-0.029756290840211943
-0.029851021277967217
-0.029946543366361694
-0.03004285412906595
-0.03014009825526193
-0.030238009309195013
-0.030336766200756045
-0.030436370316983524
-0.03053682360342038
-0.030638138838682535
-0.030740337678215716
-0.030843380965455296
-0.03094737111899737
-0.031052281472499978
-0.031157961214746427
-0.0312645511572649
-0.0313720610099147
-0.03148050306891712
-0.03158988231854266
-0.031700208817589504
-0.03181148790677055
-0.03192375973042203
-0.03203700006401442
-0.03215121258644663
-0.03226644452618238
-0.0323826818161891
-0.032499938119991266
-0.032618243691053414
-0.0327375756219882
-0.03285794799646281
-0.032979395605142695
-0.03310188611115478
-0.03322544814278504
-0.03335008609033418
-0.033475785938952334
-0.03360256513990811
-0.0337304552658004
-0.033859402814735554
-0.033989457430822295
-0.03412060772043507
-0.03425287848510366
-0.03438626824790187
-0.03452093019007129
-0.03465662984820435
-0.03479358155331211
-0.034931522948748066
-0.03507072434966265
-0.035211115612544475
-0.03535270018796813
-0.03549552808370531
-0.03563969513016299
-0.035785097091033266
-0.0359317925087933
-0.03607962609593468
-0.0362287338142217
-0.036379236122638124
-0.036531028195398496
-0.03668414758122125
-0.036838721655718894
-0.03699437366559748
-0.037151413785395195
-0.03730987637389339
-0.037469882618170525
-0.03763127574198186
-0.03779406935702767
-0.03795824589642878
-0.038123723220162685
-0.03829087712947136
-0.038459426951057384
-0.038629331968486384
-0.03880073142671898
-0.03897343564396052
-0.03914767546492265
-0.03932357901106148
-0.03950073369722221
-0.039679487028271614
-0.03985986312363685
-0.04004193061855115
-0.04022546193002214
-0.04041056348173382
-0.04059725600941513
-0.0407856625663718
-0.040979540656538124
-0.041176155992259024
-0.04137474585304406
-0.04157528651892012
-0.04177771195335531
-0.04197717662608209
-0.042183152419754344
-0.042391084468443155
-0.04260098507750977
-0.042812869418307274
-0.04302686959025742
-0.04324295456585898
-0.04346116819461766
-0.04368153620075986
-0.043904086067698724
-0.04412888336878318
-0.044355948599456796
-0.04458532502011583
-0.044817034673086474
-0.04505112314699003
-0.04528762230088084
-0.04552659979521796
-0.045768091820492476
-0.046012168460583834
-0.04625880737660628
-0.0465080480402211
-0.04676001149685417
-0.047014641260079267
-0.04727201910681604
-0.04753218793020281
-0.04779518712819801
-0.048061068968123746
-0.048329898949681926
-0.0486017407847605
-0.048876598578545406
-0.04915452422514179
-0.04943557702267396
-0.04971983910533914
-0.05000734855295769
-0.050298238890479276
-0.05059251812760556
-0.050890255971421786
-0.051191517166798844
-0.05149634661310526
-0.05180484170213045
-0.052117054267372405
-0.05243305473394437
-0.05275292262198862
-0.053076726383747955
-0.053404515283994244
-0.053736391301392225
-0.05407242964385715
-0.05441271780378146
-0.05475732305516023
-0.055106328935607574
-0.05545982777933179
-0.055817924287923176
-0.05618047887600166
-0.05654767888521523
-0.05691975367170613
-0.05729679299070816
-0.0576789570315786
-0.05806631846199781
-0.05845900034450985
-0.05885713471420345
-0.05926079558994338
-0.059670092748422304
-0.06008518894139116
-0.060506201460773165
-0.06093328409083427
-0.06136657398530789
-0.06180620857575566
-0.06225232571843013
-0.06270507649081002
-0.0631646392279559
-0.0636311426636208
-0.06410473221624301
-0.06458564325305224
-0.06507394028062967
-0.06556986631463212
-0.06607364323515957
-0.06658540246848366
-0.06710536777122661
-0.06763375135315129
-0.06817078492795976
-0.06871668923758013
-0.06927170511549491
-0.06983593180520689
-0.07040960613348704
-0.07099300287446478
-0.07158640971354117
-0.07219011920421294
-0.07280440601777927
-0.07342956667085195
-0.0740658952340198
-0.07471370732782702
-0.07537333424856006
-0.0760451079389923
-0.07672936802780264
-0.07742649719184527
-0.07813684471590344
-0.07886080517852964
-0.07959878133980673
-0.08035120414851803
-0.0811185219887581
-0.08190117538315644
-0.08269963294189832
-0.0835143866980063
-0.08434594851374584
-0.0851948335152113
-0.08606160879320258
-0.08694686761849967
-0.08785119923841092
-0.0887752206732224
-0.08971959330398897
-0.09068501182961522
-0.09167218002687194
-0.09268186535332429
-0.09371483510039384
-0.09477190430376789
-0.0958539386025523
-0.096961824136521
-0.09809649823293458
-0.09925894725880756
-0.1004502006189863
-0.10167134832196663
-0.10292351494862001
-0.10420787939225076
-0.10552568365994489
-0.10687839690483752
-0.10826729849072904
-0.10969374573619342
-0.11115926191757432
-0.1126654508211295
-0.11421400040326961
-0.11580669286618793
-0.11744540222280715
-0.11913210546283293
-0.12086888590014333
-0.1226579442504233
-0.12450160444171197
-0.1264023220848702
-0.12836269373704004
-0.13038546757424377
-0.13247354891654095
-0.13463001904838315
-0.13685813845117864
-0.13916136551946512
-0.1415433686646387
-0.14400804159915107
-0.14655951790882182
-0.149202190521262
-0.1519407310099128
-0.15478011839492475
-0.15772564187656601
-0.16078293884511993
-0.16395801959282136
-0.1672572928174447
-0.17068760086172816
-0.17425624658950487
-0.1779710348070884
-0.18184030799071924
-0.18587298855396694
-0.19007864068712785
-0.1944675093006569
-0.1990505778694632
-0.2038396329758519
-0.20884732688192417
-0.2140872577560331
-0.21957405042183825
-0.22532344327713424
-0.23135238725674104
-0.23767915256280978
-0.24432345348881468
-0.2513065746335039
-0.2586515190498167
-0.26638289492977985
-0.2745277677312416
-0.2831153802013933
-0.2921773974849103
-0.30174813795927297
-0.3118650051720341
-0.3225687038507363
-0.3339035818000866
-0.34591801385955195
-0.35866499766144433
-0.3722022265083412
-0.38659300005569186
-0.40190671940020467
-0.4182195933458586
-0.43561542848134993
-0.45418652768851914
-0.47403471525408625
-0.4952725056816386
