-0.49984090757019206
-0.3945538612065769
-0.31411655117714393
-0.2525720259938357
-0.20539926690328794
-0.16916571399229732
-0.1412641989260543
-0.11971370091709727
-0.10300837128688964
-0.09000307258109676
-0.07982660895073412
-0.07181587700291736
-0.06546590600021561
-0.06039192120929513
-0.056300548899107315
-0.05296794693448564
-0.050223174900022066
-0.04793556826433992
-0.04600512527096441
-0.04435521679553603
-0.04292702326386396
-0.041675311221326256
-0.04056521889836406
-0.03956980895204989
-0.038668192764779445
-0.03784411990217
-0.037084891547541673
-0.03638053105244545
-0.03572315838604
-0.03510650720266832
-0.03452555716047557
-0.033976246987363706
-0.03345526996340415
-0.03295990268015091
-0.03248788239646825
-0.03203729814699811
-0.03160648011630594
-0.031194081376167335
-0.030798893633493602
-0.030419858002473578
-0.03005603259380823
-0.029706581339549596
-0.029370746776762963
-0.02904784142027437
-0.028737239605251243
-0.028438367672968208
-0.028150692224690806
-0.027873722891524757
-0.027607004580580626
-0.027350106625641003
-0.027102629760998757
-0.02686419832632148
-0.026634467679296166
-0.02641311077574382
-0.026199818071002894
-0.02599429978443466
-0.025796291610624005
-0.02560550743239237
-0.025421724574590066
-0.025244713056146142
-0.025074256832111994
-0.02491014537412784
-0.024752186614991647
-0.02460019197188328
-0.024453993058990854
-0.0243133857531648
-0.02417823222589402
-0.02404838198950606
-0.02392369921400628
-0.023804052017185773
-0.023689308520622773
-0.023579348841907922
-0.023474070819642156
-0.023373360457418828
-0.02327711789737595
-0.02318525131397844
-0.023097667397367936
-0.023014273957094076
-0.022934997139819394
-0.022859761764695532
-0.022788493397499165
-0.02272113030568679
-0.02265760777307629
-0.022597862053362738
-0.022541847747806536
-0.02248951699280675
-0.022440814420185747
-0.02239570027281409
-0.02235413512699387
-0.022316079972091334
-0.02228150896482946
-0.022250381571670662
-0.022222674646380124
-0.022198368140327742
-0.02217743157234377
-0.022159858790435243
-0.022145632440214752
-0.022134733284089374
-0.022127151375987593
-0.022122891186323157
-0.02212194527828124
-0.022124317206800317
-0.022129999518119385
-0.022139008444139106
-0.022151348645200308
-0.022167035520318366
-0.022186071982204
-0.0222084851659221
-0.022234291992138156
-0.022263520741432022
-0.02229618551997924
-0.02233232697790769
-0.022371973440210285
-0.02241516884205044
-0.02246193575392919
-0.022512332444400467
-0.022566370174780474
-0.022624128584260418
-0.022685647064338437
-0.022750989423933683
-0.022820208214437872
-0.022893373151957264
-0.022970557583386047
-0.023051888199522818
-0.023137388704128358
-0.02322715336621556
-0.023321262381944218
-0.023419820958849324
-0.023522917552062157
-0.023630667498791304
-0.02374317526924588
-0.023860564128110922
-0.02398295466377559
-0.02411048120905051
-0.02424328690314742
-0.02438150844157433
-0.024525297955838563
-0.024674827105301254
-0.024830264723604188
-0.0249917961846221
-0.025159612521473675
-0.02533392099955636
-0.025514934138208958
-0.025702879085447692
-0.02589799790928513
-0.026100548961003268
-0.02631079157962583
-0.02652901318080067
-0.026755499332658472
-0.026990606591146406
-0.027234667234769597
-0.027488038460096932
-0.027751102186325916
-0.02802427030673403
-0.028307984817330236
-0.02860271350804951
-0.028908966049958323
-0.029227295300045152
-0.02955829810076197
-0.02990261982174402
-0.0302609653279706
-0.030634113222246535
-0.031022928638698703
-0.03142837064531021
-0.03185152723647651
-0.03229362321349259
-0.03275609790622361
-0.0332405830107795
-0.033749014633227076
-0.0342836826708039
-0.03484734818813407
-0.03544334327770184
-0.03607574760813839
-0.03674960269154629
-0.03747119153598744
-0.038248406074872975
-0.039091222517188114
-0.04001235296112688
-0.04102799924431877
-0.04215902150020081
-0.04343226781962305
-0.0448824924132948
-0.046554775273424304
-0.04850773224232206
-0.050817726178565975
-0.053584408121059364
-0.05693800341636936
-0.06104887616344512
-0.06614020857824364
-0.07250453378419977
-0.08052563304655586
-0.09070731907250362
-0.1037113690978517
-0.12040751299506458
-0.14193934093048646
-0.1698111876412825
-0.20600277642730463
-0.25312053425968956
-0.31459730331835806
-0.3949561714722995
-0.5001590924298079
