-0.4998446010821032
-0.39456270542976796
-0.3141291707475854
-0.25258725898553863
-0.20541616517359376
-0.1691835262465874
-0.14128234606268356
-0.11973174935814475
-0.10302600714520128
-0.0900200790843862
-0.07984284608401908
-0.07183126076129304
-0.06548039869921521
-0.06040551803803941
-0.05631326912231465
-0.05297982562451647
-0.05023425794140571
-0.04794590639260747
-0.046014776760707796
-0.0443642398345396
-0.04293547654120438
-0.0416832541042073
-0.04057270698998068
-0.039576891623100637
-0.03867491964399491
-0.03785053651968752
-0.03709103785968394
-0.03638644565000569
-0.03572887544443198
-0.035112057862866114
-0.034530968495721875
-0.0339815452308545
-0.03346047609338045
-0.032965036532834446
-0.03249295929939496
-0.03204233256786287
-0.03161148424216749
-0.031199067527602955
-0.030803870025064278
-0.030424832384982687
-0.030061009453741742
-0.029711567360414297
-0.029375744796992342
-0.029052853393748416
-0.028742266096799963
-0.028443408244000677
-0.028155745072603648
-0.027878785160439734
-0.027612072111943865
-0.027355175860656604
-0.027107697316047546
-0.026869261624987748
-0.026639525781451463
-0.026418163338483368
-0.026204866029006568
-0.02599934495777203
-0.025801338578979267
-0.025610563544653485
-0.025426802003750883
-0.025249829110046782
-0.025079435367661825
-0.024915407400536434
-0.02475747622892756
-0.024605409015652682
-0.024459054890742044
-0.02431823956261588
-0.024182905806285473
-0.024052905768828542
-0.02392809938320815
-0.023808349322832628
-0.02369351741645296
-0.023583477871601796
-0.023478124064320854
-0.02337733828707269
-0.02328101882065021
-0.02318907146200093
-0.02310140142926995
-0.023017917103788067
-0.02293854332477382
-0.022863204681835874
-0.022791826318772662
-0.022724346454488287
-0.022660700161754557
-0.02260082412523745
-0.022544673946716408
-0.022492203031416514
-0.022443358341707815
-0.022398102849239297
-0.022356399338750593
-0.022318214227071333
-0.02228352435840666
-0.022252291657444905
-0.022224494545406225
-0.022200112290434837
-0.022179112825367175
-0.022161487640067187
-0.02214721622566155
-0.02213627721749462
-0.022128659096552213
-0.02212436531999029
-0.022123388464828787
-0.02212573248216475
-0.022131391005721833
-0.02214038166515856
-0.02215271047104733
-0.022168393813741888
-0.022187435355871407
-0.022209862342780835
-0.022235691913091986
-0.022264952140230092
-0.02229765695409423
-0.022333846303810433
-0.022373547874454575
-0.022416804845424885
-0.02246363946686641
-0.02251410933680916
-0.0225682249548502
-0.02262606592890858
-0.02268767184679364
-0.022753106778430364
-0.02282242361483319
-0.022895692030621764
-0.022972985053861594
-0.02305442988161462
-0.023140047225923395
-0.023229930800434402
-0.02332416036793798
-0.023422840081922098
-0.02352605771243813
-0.023633927612198936
-0.02374655377881271
-0.023864059030722175
-0.023986563514280124
-0.024114201056246655
-0.024247114545529767
-0.024385440428963318
-0.024529330932930363
-0.02467895694433876
-0.02483448763650966
-0.024996108068499254
-0.025164009056166597
-0.025338397017251203
-0.025519483642858148
-0.025707495329091935
-0.025902674841151854
-0.026105280050020895
-0.026315568408680864
-0.026533826938831943
-0.0267603425032667
-0.02699546890920363
-0.02723954139048491
-0.0274929153714406
-0.02775597245925417
-0.028029122222109966
-0.02831280513986997
-0.028607490284625458
-0.028913686483789863
-0.029231948913283422
-0.02956288049607314
-0.029907122838704073
-0.030265401700754983
-0.030638480947181905
-0.031027229524320857
-0.031432610477624204
-0.031855717276704956
-0.032297780253689845
-0.032760233869676955
-0.03324471765612854
-0.033753170442960174
-0.0342878853525864
-0.034851624971149776
-0.03544771936200628
-0.03608025322288794
-0.036754275135904686
-0.03747607547067714
-0.0382535537316385
-0.03909668835426457
-0.040018196413742074
-0.041034275365433796
-0.04216579220413531
-0.04343960064769811
-0.04489045591102908
-0.04656345894349606
-0.048517227937404435
-0.05082812697457409
-0.05359580672169087
-0.056950486438422265
-0.061062514934882114
-0.06615503828527715
-0.07252055343700763
-0.08054278920483404
-0.09072548833963519
-0.10373033707349887
-0.12042694903376629
-0.1419587645797186
-0.1698299358342191
-0.206019963519762
-0.25313500825524327
-0.314607610204351
-0.3949605304512186
-0.5001553989178968
