-0.4853492039428764
-0.4000741029594171
-0.334866154437204
-0.28486824321906107
-0.24640815840608185
-0.21670820992101442
-0.19366631128563402
-0.17569084485430167
-0.1615760472006319
-0.15040793330191987
-0.14149324765611293
-0.13430578502377052
-0.12844581993444965
-0.12360943180114457
-0.11956530360802213
-0.11613716778425545
-0.1131905186638775
-0.11062255169030084
-0.10835454216470025
-0.10632606980381862
-0.10449064038525223
-0.10281236462791064
-0.10126343757333992
-0.09982222656651543
-0.09847181645199096
-0.0971989049648526
-0.09599296198004778
-0.09484558916737788
-0.09375003271367542
-0.09270081079840338
-0.09169342938091252
-0.09072416492420979
-0.08978989773834838
-0.08888798423846801
-0.088016158582126
-0.08717245668463978
-0.0863551577644916
-0.08556273875019851
-0.08479383893391396
-0.08404723212348059
-0.08332180476212256
-0.08261653875779601
-0.08193049729174655
-0.08126281524219757
-0.08061269161519381
-0.07997937410448094
-0.07936216168618598
-0.0787603972216128
-0.07817346256273748
-0.07760077533063209
-0.07704178538672946
-0.07649597345795657
-0.07596284768909146
-0.07544194155770965
-0.07493281298296604
-0.07443504246796225
-0.07394823065300807
-0.07347199781949051
-0.07300598245181221
-0.07254984066869695
-0.07210324384100769
-0.07166587973468307
-0.07123744960535344
-0.07081766779489149
-0.07040626232371953
-0.07000297233405578
-0.0696075489029241
-0.06921975461009641
-0.0688393620720444
-0.06846615383493312
-0.06809992078304318
-0.067740462303485
-0.06738758456326849
-0.06704110376017669
-0.06670083897675143
-0.06636663018526856
-0.06603831429641938
-0.06571571534938984
-0.06539869136731147
-0.06508709877222754
-0.06478080467099834
-0.06447965773129755
-0.06418352838270405
-0.06389228630608428
-0.06360584201630706
-0.06332408161487418
-0.06304685402734704
-0.06277405051324748
-0.06250557236611488
-0.06224128981278335
-0.06198117862291781
-0.06172509844123532
-0.06147295995937197
-0.06122468722554866
-0.06098016690383377
-0.06073933298996219
-0.060502100374248295
-0.06026839534346296
-0.0600381449037765
-0.05981125482231136
-0.059587658695423644
-0.05936730270688117
-0.05915010342269852
-0.05893600087064729
-0.05872493257631294
-0.05851683673117212
-0.05831165616811788
-0.05810932718675694
-0.05790980214303857
-0.05771302010443102
-0.057518926072261584
-0.05732747008805419
-0.05713859880511264
-0.05695226623994471
-0.056768425232868014
-0.05658701764151146
-0.05640802011121599
-0.05623136331072861
-0.056057008935700973
-0.05588492223175737
-0.05571506504543784
-0.05554739478422454
-0.055381872749574665
-0.05521845678030309
-0.05505711333065239
-0.054897807053536606
-0.054740506976646335
-0.05458517472755709
-0.0544317783333146
-0.05428028065447967
-0.05413065604504395
-0.0539828648041176
-0.053836875309037475
-0.05369266264987098
-0.05355019525680617
-0.053409434663384873
-0.05327035574783108
-0.05313294064584833
-0.05299715197762084
-0.05286296334991834
-0.05273034668043842
-0.05259927595368282
-0.05246973730600566
-0.052341699663251785
-0.05221514106113534
-0.05209002833940415
-0.05196634457834154
-0.05184407370182899
-0.05172319464870363
-0.05160369452339963
-0.051485545982738544
-0.05136874248905686
-0.051253272868447816
-0.05113910644937887
-0.051026225193568885
-0.05091463451289197
-0.0508042933087721
-0.0506951804884241
-0.05058728029763838
-0.050480576407685246
-0.05037502744519948
-0.050270621835995254
-0.05016733868282034
-0.05006520662727347
-0.04996420586502879
-0.04986429994669187
-0.04976547066563627
-0.04966768980200445
-0.04957092371348092
-0.04947517831397471
-0.04938043119195819
-0.04928667270661788
-0.049193881760987365
-0.04910202040195035
-0.049011079609895106
-0.048921026760304034
-0.04883186771994533
-0.048743577824512586
-0.048656172446750696
-0.048569646647423664
-0.0484839603545705
-0.0483991005087918
-0.048315072095125255
-0.04823186855319274
-0.04814947299762388
-0.048067858825227044
-0.04798701883003709
-0.04790693926711488
-0.0478276143378181
-0.047749047656110245
-0.047671224581818536
-0.04759412986804016
-0.047517758154811275
-0.04744211260173652
-0.04736714765725665
-0.047292873842502185
-0.04721928247986518
-0.047146359898983956
-0.04707410134466797
-0.04700250987096129
-0.0469315683843473
-0.04686125721762722
-0.046791576563414115
-0.0467225362052996
-0.04665410568303691
-0.04658628620354223
-0.04651905217350064
-0.04645241832607048
-0.046386388802599106
-0.04632090951775778
-0.04625602665691199
-0.04619171802197222
-0.046127982643656563
-0.046064780638067016
-0.04600215134123422
-0.045940066403954816
-0.04587854041007561
-0.04581755134010452
-0.04575702234268055
-0.04569703125621112
-0.045637562764534706
-0.04557859823327481
-0.04552012667503095
-0.04546212047707745
-0.045404615385193574
-0.04534751389303962
-0.04529092289348777
-0.045234776838578274
-0.04517909831180316
-0.04512386669084993
-0.04506907397156655
-0.04501476229985137
-0.04496087976051967
-0.04490751940101688
-0.04485458127860007
-0.044801980187957904
-0.044749911288327705
-0.044698260479171796
-0.04464700715554698
-0.044596116638520804
-0.04454567563937536
-0.04449564165499707
-0.04444602848962713
-0.044396807145600306
-0.04434806881408182
-0.04429974410155438
-0.044251801819792116
-0.04420429445471381
-0.04415712653193122
-0.044110404003018085
-0.044064087079072764
-0.04401813462534866
-0.043972581971557984
-0.04392739469124281
-0.043882566833150026
-0.04383809983027967
-0.04379397474388406
-0.04375015919359244
-0.04370657438512818
-0.04366198940836001
-0.04362006056285084
-0.043578178830394956
-0.043535064663298324
-0.0434945770033885
-0.043454070304694115
-0.0434135854239769
-0.04337310492237807
-0.04333255965936208
-0.043290586416452254
-0.04324965011655578
-0.04320955647772217
-0.04317013190759339
-0.04313127179651879
-0.04309289894171005
-0.043055006071162596
-0.0430175222643218
-0.04298031319437973
-0.04294344921925832
-0.04290690438059571
-0.04287065664832441
-0.042834688985278584
-0.04279904256920869
-0.042763673351919086
-0.042728570432549656
-0.042693745023543964
-0.04265918325705263
-0.04262487732177737
-0.04259080971180058
-0.042557089768478815
-0.04252358138079009
-0.042490299265405776
-0.042457283631477466
-0.042424501444014134
-0.04239195824529262
-0.04235965852470062
-0.042327604112972025
-0.04229582256604465
-0.04226428698378783
-0.04223308774851147
-0.042202147423991594
-0.04217146175030814
-0.04214101725048549
-0.04211079789188988
-0.0420807563547578
-0.042050974123978915
-0.04202142249542645
-0.041992109897108464
-0.04196305074473589
-0.04193422943816312
-0.04190563401740765
-0.041877305542678836
-0.04184919404398109
-0.041821317919072405
-0.041793708945035674
-0.04176631176024633
-0.0417391712242452
-0.041712239348361775
-0.04168555431929363
-0.041659039407090905
-0.041632794053793
-0.041606710128673535
-0.04158087474159626
-0.04155530904375387
-0.04152995488665354
-0.041504823636324614
-0.04148060402008099
-0.04145589442572487
-0.041431254953421974
-0.04140677473939268
-0.041382521610367
-0.041358522701241955
-0.041334771674072436
-0.04131132333004048
-0.04128804859062931
-0.04126501099261395
-0.04124220799607257
-0.04121960045256658
-0.04119717385035281
-0.04117499302599548
-0.04115299987585537
-0.041131221097217514
-0.04110963453586466
-0.041088256857136955
-0.04106707415078297
-0.04104609621997526
-0.04102530703768968
-0.04100469869099271
-0.04098429520920832
-0.04096408344811115
-0.040944048195924385
-0.04092421262941452
-0.04090455302679397
-0.04088510216940189
-0.04086585699464308
-0.04084678385745723
-0.04082788388802957
-0.04080915020349819
-0.04079062702028549
-0.04077226790229161
-0.04075409651977942
-0.04073610712492226
-0.040718334889989556
-0.040700736792546786
-0.04068330570589081
-0.04066605342371915
-0.04064897184984846
-0.0406320833048102
-0.04061539207319506
-0.0405988726130169
-0.040582541684133555
-0.04056637774723571
-0.040550387414631864
-0.040534576494334264
-0.040518947731871445
-0.04050349755209731
-0.040488211172128016
-0.04047311112666947
-0.04045818806702249
-0.040443372275230455
-0.04042878952013017
-0.040414372208280466
-0.04040009682208605
-0.040386039621874335
-0.040372189409780865
-0.04035855006578804
-0.0403450749419155
-0.04033175647961763
-0.040318586973872916
-0.04030557604640706
-0.04029273387109395
-0.04028005954488282
-0.04026759477111285
-0.0402553257890595
-0.040243227480019926
-0.04023132860518748
-0.04021961279956726
-0.040208075319086246
-0.04019671962931384
-0.04018552783020044
-0.040174489107549026
-0.040163618493516025
-0.0401528984471424
-0.04014235868775652
-0.040131988982996615
-0.040121791758135184
-0.04011177313716513
-0.04010193490833564
-0.04009232811360434
-0.04008283591976494
-0.04007342822193925
-0.040064146746219935
-0.04005500660300328
-0.04004597023130094
-0.04003709947397427
-0.040028374977142
-0.04001979048534276
-0.040011360275862856
-0.04000307006602411
-0.03999492951170095
-0.03998690071748535
-0.03997896720225423
-0.03997121649250388
-0.03996361528341525
-0.0399561114539988
-0.039948742153994354
-0.039941474007815524
-0.0399343923588628
-0.03992748902894909
-0.03992079769977242
-0.03991426513708082
-0.03990798324966319
-0.03990187142241772
-0.039895847381818714
-0.03988998706439864
-0.039884275716698815
-0.03987875911324479
-0.03987334722326445
-0.03986805277162163
-0.03986295140676321
-0.03985799323631816
-0.03985317971418927
-0.039848524185176024
-0.03984404733055799
-0.0398397304567301
-0.03983557124170332
-0.03983160637291543
-0.039827788272007246
-0.0398241216191499
-0.03982057125158599
-0.039817207397367424
-0.0398139765209934
-0.039810928384009854
-0.0398080142890836
-0.039805232571392034
-0.03980254753601877
-0.039799961446169714
-0.03979750727787377
-0.03979525245796517
-0.03979316539277581
-0.03979122606828125
-0.03978941972482287
-0.03978777790648994
-0.0397863057962068
-0.03978499466114892
-0.039783824152929054
-0.03978284318287452
-0.039781980326370286
-0.03978130035078058
-0.039780714501212185
-0.03978024473480094
-0.03977992395989346
-0.03977973136741962
-0.03977967553653297
-0.03977974917730051
-0.03977995492206909
-0.039780297688881056
-0.03978079484288576
-0.039781382694084794
-0.03978213400272569
-0.039783049443620745
-0.03978408845712677
-0.039785274044537425
-0.039786596972027126
-0.03978805560922997
-0.039789656592614485
-0.03979138177864777
-0.039793251178264655
-0.039795280016268586
-0.03979746320554084
-0.0397997727955847
-0.03980220964129562
-0.039804782638823366
-0.039807508215520815
-0.03981037656764706
-0.03981338882992261
-0.03981654356240529
-0.03981982127589856
-0.0398232461229015
-0.03982678475656396
-0.03983048206667579
-0.03983433983304783
-0.03983831647374435
-0.03984246485334809
-0.03984673714141414
-0.03985118125850941
-0.03985575388247052
-0.0398604655183398
-0.03986529906313378
-0.03987028725422471
-0.039875436524637736
-0.03988071080317843
-0.03988614676359884
-0.03989173917367589
-0.039897467243803365
-0.039903313388572594
-0.03990928615342403
-0.039915428656372653
-0.03992170453975184
-0.03992810396291831
-0.03993468181375379
-0.0399414083657137
-0.03994827682643628
-0.03995526806625266
-0.03996243097686097
-0.03996970029353444
-0.03997709084868206
-0.03998460349121026
-0.03999226586796044
-0.0400000439666303
-0.04000793754114697
-0.04001596930892703
-0.040024138987902975
-0.04003243404019583
-0.04004084660137036
-0.040049372281173445
-0.0400580226506662
-0.040066818891636255
-0.04007575912984345
-0.04008481264937158
-0.04009400860322466
-0.04010335016109187
-0.04011279945205532
-0.04012239798022226
-0.04013212775353194
-0.04014197127472879
-0.040151954123747585
-0.04016208186991975
-0.04017233490293334
-0.04018271124524264
-0.04019323844205333
-0.04020390011527503
-0.04021467446415542
-0.040225592080780095
-0.040236661410302056
-0.040247873333113124
-0.04025922036370056
-0.040270699113000956
-0.04028232016306726
-0.0402941002588045
-0.04030600273589612
-0.04031806616079088
-0.04033025453977308
-0.04034259736461885
-0.040355073353926886
-0.04036771853860833
-0.04038050992968862
-0.040393466413916175
-0.04040659986002963
-0.040419879567228714
-0.0404333377298589
-0.040446966913981974
-0.04046076715126471
-0.040474741044818054
-0.04048887391713183
-0.04050317462221143
-0.040517640967043154
-0.04053228055007553
-0.040547082921007414
-0.0405620548495433
-0.04057718248427427
-0.040592448686230125
-0.04060784729485811
-0.04062339835020185
-0.040639083504092746
-0.04065490931252847
-0.0406708853328058
-0.040687013505469875
-0.040703313382288706
-0.04071976192155307
-0.04073638353574242
-0.04075308459167584
-0.04076997532462155
-0.0407870313187663
-0.04080425196702593
-0.04082165615532323
-0.040839216488446656
-0.040856910072728105
-0.0408747891887479
-0.04089283422135236
-0.04091103949104221
-0.04092940751305059
-0.04094794498897943
-0.0409666256899498
-0.040985519908178725
-0.04100464101589566
-0.04102393417229076
-0.04104339639394349
-0.04106297893301949
-0.041082704057644664
-0.041102565643955674
-0.04112259131400695
-0.04114284146312911
-0.04116324652338161
-0.04118381294808026
-0.04120456485699964
-0.04122548109197292
-0.04124656375698581
-0.04126778290426164
-0.041289193216878024
-0.04131077670146032
-0.041332503103469295
-0.041354386203517786
-0.041376435793693454
-0.04139862931725528
-0.041420986034191414
-0.04144345646150682
-0.041466114588707095
-0.04148894932980992
-0.04151195310789619
-0.04153513183814701
-0.041558477194866286
-0.04158206130576628
-0.04160582096585621
-0.041629760724223176
-0.041653905834872426
-0.041678232051459124
-0.04170274981348038
-0.04172745720372529
-0.041752290371417554
-0.041777313120844456
-0.041802537296778484
-0.04182792744667611
-0.04185349396424469
-0.04187922931585634
-0.0419051603979708
-0.0419313233808003
-0.04195766578270856
-0.04198424113968759
-0.04201100931702095
-0.042037946865290596
-0.04206504871166606
-0.042092321113147306
-0.042119807776630755
-0.042147473737960066
-0.042175301540936384
-0.042203310778860394
-0.042231532537454014
-0.042259935752829006
-0.04228854983396902
-0.0423173439440739
-0.042346326167752385
-0.04237548785760469
-0.04240484810020975
-0.04243439990673272
-0.04246414532602478
-0.04249408556903579
-0.042524219497317384
-0.042554566667305255
-0.04258512110361661
-0.04261588024996143
-0.04264683897509066
-0.042678006039872596
-0.042709383250894954
-0.04274096981321598
-0.042772764403297386
-0.042804770862342655
-0.042836985022229324
-0.042869411096469794
-0.04290205170414858
-0.042934904925818536
-0.04296797396389176
-0.04300126077080949
-0.04303476656949135
-0.043068490023676145
-0.043102424405529555
-0.04313657580296823
-0.043170935178234865
-0.04320555217034509
-0.04324037635585122
-0.04327541650594682
-0.04331070027217294
-0.043346231223946353
-0.043381983607284236
-0.04341797513425714
-0.04345421499463361
-0.04349069419783372
-0.04352739085262888
-0.04356429985138285
-0.04360146004619022
-0.04363884855701807
-0.04367650614960388
-0.04371442440636419
-0.04375260768919252
-0.04379105056739934
-0.04382975593142081
-0.04386868296073717
-0.043907832113964505
-0.04394723429472915
-0.04398692166595976
-0.044026885789206174
-0.04406712545298948
-0.04410764082162718
-0.04414843218294657
-0.04418949967451037
-0.04423084416683317
-0.04427246228503745
-0.044314360770660456
-0.04435653988680021
-0.044399007835250984
-0.04444176537602107
-0.044484807558752885
-0.04452814432737698
-0.0445717751754665
-0.04461569820052638
-0.04465992001365329
-0.0447044390448265
-0.044749260234793774
-0.044794384929265255
-0.04483981160868507
-0.04488556146150221
-0.04493159569342361
-0.04497795381521416
-0.04502462592428706
-0.04507162200607635
-0.045118946958365616
-0.04516659582924386
-0.04521456638773178
-0.04526287787433875
-0.04531153148845698
-0.04536052876151519
-0.04540987660419448
-0.045459567820100036
-0.045509607748004256
-0.04555999181534615
-0.04561073967358209
-0.04566185314175941
-0.0457133373792954
-0.04576519262866379
-0.045817425654584125
-0.04587003758146966
-0.04592303194329903
-0.04597641362314757
-0.04603018730631015
-0.04608435519160131
-0.04613892181679882
-0.04619388725929934
-0.046249259551494566
-0.04630504273157092
-0.046361235894574825
-0.04641784619458482
-0.046474881519576204
-0.04653234737382456
-0.046590246449106074
-0.046648574585899445
-0.04670734129419186
-0.046766555709642166
-0.046826219761261965
-0.04688635548154174
-0.04694692187542868
-0.047007970633315056
-0.04706947050208812
-0.04713145939907066
-0.04719394896935873
-0.04725693821291822
-0.04732042925483834
-0.047384430992115895
-0.04744894074205447
-0.04751396192776506
-0.047579484179419415
-0.04764551895499557
-0.04771207271687106
-0.04777915353904172
-0.04784676222522798
-0.047914917529437086
-0.04798359508419998
-0.048052818904375225
-0.048122594182177465
-0.04819293255113463
-0.048263833365423184
-0.04833530170379509
-0.048407339244474615
-0.04847994259410464
-0.04855313937257785
-0.04862693030627703
-0.04870132145632564
-0.04877632634587605
-0.04885193710024493
-0.04892818433335511
-0.04900508294657279
-0.049082622848944886
-0.04916084522159858
-0.049239777515980875
-0.04931946023974624
-0.04939992294438094
-0.04948122208457734
-0.04956344105508105
-0.04964668039411081
-0.04973187727770708
-0.049817255746737815
-0.04990253596915891
-0.04998797471438573
-0.05007375313265776
-0.050158904894120955
-0.05024722775405493
-0.050335894539767854
-0.05042511358202298
-0.050514986068714046
-0.05060559577493915
-0.05069699860598614
-0.05078923936221639
-0.05088235290461087
-0.05097637029671503
-0.051071313974412266
-0.05116719708663609
-0.0512640322102186
-0.051361815983445205
-0.051460564415144246
-0.05156028198637923
-0.051660995998908645
-0.05176272849414025
-0.05186548573869833
-0.05196927785234562
-0.052074121524390796
-0.05218004303916467
-0.05228704592747696
-0.0523951496384658
-0.05250437441521403
-0.05261473921063921
-0.05272626067311216
-0.05283895604527064
-0.05295284013223754
-0.05306793300417405
-0.05318425025023099
-0.05330181282740466
-0.05342064017761423
-0.053540744761673066
-0.053662157136018226
-0.05378489941748768
-0.05390898998071171
-0.05403445002502372
-0.05416130106549426
-0.05428956851801625
-0.05441927296038747
-0.05455043502819499
-0.054683082684163026
-0.05481723732126924
-0.054952922964731685
-0.055090162179807195
-0.05522897959212382
-0.055369406542840297
-0.05551146654013423
-0.055655185966328256
-0.05580060384319645
-0.05594774434093946
-0.05609662325887139
-0.05624727468803684
-0.056399756968175105
-0.05655409061075707
-0.05671030663815845
-0.05686843070061404
-0.0570284935000279
-0.05719052781692406
-0.057354560531058515
-0.05752063849151344
-0.05768880154139228
-0.05785908760005169
-0.058031535913472584
-0.05820618421441111
-0.05838307508635544
-0.058562249847901975
-0.058743748155472855
-0.05892761669994376
-0.05911390121110268
-0.05930263935821236
-0.05949387921952958
-0.05968766952852133
-0.059884063380735875
-0.06008311597140599
-0.06028487791017167
-0.06048940375307784
-0.06069674989659608
-0.06090697594553235
-0.0611201411279818
-0.06133630445795488
-0.0615555088640062
-0.06177779759595167
-0.06200322554619333
-0.062231867458994304
-0.06246379693201037
-0.06269908810995677
-0.06293781979027882
-0.06318006803882141
-0.06342591053851968
-0.06367542854391953
-0.06392870582010152
-0.06418582553500955
-0.06444687338685139
-0.06471193376202142
-0.06498109227437812
-0.06525444585998129
-0.06553209462512961
-0.06581414036236746
-0.06610068516849807
-0.06639183742057882
-0.06668770826562768
-0.06698841312142939
-0.06729407002648845
-0.06760480467236873
-0.06792074626793189
-0.0682420281832192
-0.06856879159334342
-0.06890118439422126
-0.06923934980632303
-0.06958344349653481
-0.06993362533920881
-0.07029005730146858
-0.07065291534578125
-0.07102238144742917
-0.07139864475987796
-0.07178190154433868
-0.07217235806998579
-0.07257022802716535
-0.07297573612947535
-0.07338911339705248
-0.07381060205280075
-0.07424045632033288
-0.07467895062026755
-0.07512640754042442
-0.07558302840465127
-0.07604911655630836
-0.07652498663038207
-0.07701096879971137
-0.07750741063939902
-0.07801467707510983
-0.0785331519579959
-0.07906323798667574
-0.07960535851325136
-0.08015995861742245
-0.08072750714095746
-0.08130849834009103
-0.0819034529499775
-0.08251292014436173
-0.08313748085268911
-0.0837777489361007
-0.0844343755152839
-0.08510805171977465
-0.08579951278905235
-0.08650954266902683
-0.08723897954510698
-0.08798872267905024
-0.08875974294613166
-0.08955308460221797
-0.09036988412704328
-0.09121138328735709
-0.0920789478017335
-0.0929740896158431
-0.09389850021122641
-0.09485408389087607
-0.09584300665165353
-0.09686775988824371
-0.09793123806084669
-0.09903684459678186
-0.10018862562394878
-0.10139144590052626
-0.10265121653086454
-0.10397519490971689
-0.10537237534940608
-0.10685399956458363
-0.10843423042238733
-0.11013103475848306
-0.11196734405667894
-0.11397257977686694
-0.11618466051829016
-0.11865260935776456
-0.12144013682133376
-0.12463019992262021
-0.1283310156912536
-0.1326840949295705
-0.13787480840705896
-0.1441463545719765
-0.15181818063149244
-0.16131036149612807
-0.17317588437645265
-0.1881431252021611
-0.20717245361271286
-0.23153088100973396
-0.26289100880000155
-0.30346214735090604
-0.3561641231831775
-0.42485777201056296
-0.5146507960571236
