-0.49947086350817566
-0.3948351530888286
-0.31498294206894156
-0.2539486641122493
-0.20721052709987303
-0.1713397993463508
-0.1437355998372648
-0.12242427095201121
-0.10590752904474282
-0.09304749984855082
-0.08297965855607377
-0.07504684587619166
-0.06874927733670678
-0.06370663257134898
-0.05962931428416798
-0.05629664230699526
-0.05354030616318057
-0.0512318040587687
-0.04927291826947891
-0.04758846783128585
-0.04612081486954647
-0.044825674809811804
-0.04366894880665948
-0.04262430805200001
-0.041671354453216805
-0.04079422905922434
-0.03998054054910066
-0.03922055916240121
-0.03850660054523387
-0.037832550046815606
-0.03719350400918789
-0.036585496242618906
-0.03600529333208059
-0.03545022507584267
-0.03491804691096634
-0.03440689924177188
-0.03391519328753541
-0.033441541641834806
-0.032984745399982286
-0.032543749312760085
-0.03211761504349218
-0.031705501106048375
-0.031306651912330064
-0.030920373851843833
-0.030546035430386392
-0.030183050450513376
-0.029830888606640543
-0.029489049048719698
-0.029157064387668245
-0.028834495329907436
-0.028520938685555983
-0.028216008661674664
-0.027919342563032475
-0.027630601172484635
-0.027349466327837794
-0.027075633967435526
-0.026808813320998735
-0.02654873026896186
-0.0262951288753952
-0.026047764065620163
-0.025806398919933086
-0.025570814208333247
-0.02534080087532545
-0.025116158661393596
-0.024896694495859822
-0.02468222858522929
-0.024472583132272144
-0.024267597683997444
-0.024067111110530226
-0.023870972511499406
-0.023679038189051843
-0.023491168648465587
-0.023307227487395096
-0.02312708981798404
-0.02295063822751177
-0.022777757594848163
-0.022608325964832525
-0.02244223899544732
-0.022279398955852348
-0.022119703741865233
-0.02196305555442238
-0.02180936387628
-0.02165853988735541
-0.021510490927655335
-0.021365146535063186
-0.021222423390953246
-0.021082258898240433
-0.020944595699036127
-0.02080936025190215
-0.02067650484787884
-0.020545953875004085
-0.02041764526910203
-0.020291524908952963
-0.020167541209437433
-0.02004564521688525
-0.019925785664735785
-0.01980791520483355
-0.019691965545720322
-0.01957789436298642
-0.019465644429607538
-0.01935516307839769
-0.01924639706243347
-0.019139307280883165
-0.01903384429219184
-0.01892996827847877
-0.018827651471081078
-0.018726853143513765
-0.018627545334878478
-0.01852969125829497
-0.01843327119679102
-0.018338279739760044
-0.018244700054220662
-0.01815246138321328
-0.018061625268336868
-0.017972034299010894
-0.017883790923036953
-0.017796597904193898
-0.017710542632400426
-0.01762563381812041
-0.017541876061849832
-0.01745925881863609
-0.017377781049808486
-0.01729742031471531
-0.017218199046122547
-0.017140100189981803
-0.0170628477899998
-0.016986920850190525
-0.01691167124952265
-0.016837261214464754
-0.016763879666811032
-0.01669146266549608
-0.016620000733480293
-0.01654947263384514
-0.016479838399000933
-0.01641107488205113
-0.016343153578032652
-0.016276072849974465
-0.016209815492311673
-0.01614436426941984
-0.016079699524898
-0.016015802337896564
-0.015952651614408453
-0.01589022343155607
-0.01582849883894764
-0.015767455487690662
-0.015707085245269217
-0.015647362805939556
-0.01558827774049435
-0.015529839122638575
-0.015471999009146285
-0.01541473331585128
-0.015358037699634505
-0.015301909493701407
-0.015246330453974574
-0.015191293558535041
-0.01513680670557679
-0.015082847423956117
-0.015029428372258602
-0.014976537849035219
-0.014924168966749354
-0.014872329143923356
-0.014821015642852464
-0.014770217726738446
-0.014719916208085217
-0.01467012575035508
-0.014620807426903757
-0.014571973133992389
-0.014523596330628311
-0.014475678549165167
-0.01442821812984285
-0.014381196210793454
-0.014334620380916055
-0.014288493145505649
-0.014242799376052218
-0.01419754955037663
-0.014152730644950803
-0.014108361465157072
-0.01406441118676948
-0.014020894839216935
-0.013977806322973399
-0.013935129843304635
-0.01389289574428309
-0.013851108325129216
-0.013809729645325654
-0.013768792668394782
-0.013728301629249928
-0.013688275165874411
-0.013648709486735433
-0.013609602224014286
-0.013570961160188378
-0.013532785681009839
-0.013495076755615691
-0.013457849761488255
-0.013421033453562962
-0.013384646528425996
-0.01334861475338072
-0.013312928333545727
-0.01327757034333391
-0.013242538666372547
-0.013207764283723599
-0.013173291843223163
-0.013139061003945882
-0.013105118675706823
-0.013071444324421613
-0.013038021984240238
-0.013004813480543725
-0.012971858638345936
-0.012939119528412531
-0.012906648603567503
-0.012874449738293374
-0.012842546395327533
-0.012810940715709452
-0.012779592070371874
-0.012748534123073122
-0.012717754975444452
-0.01268722671871601
-0.012656950076836988
-0.01262674065184029
-0.012596869023473392
-0.012567175156411621
-0.012537603497055324
-0.012508279158202068
-0.01247918155504896
-0.012450476687467063
-0.012422184516359213
-0.012394402631501336
-0.012367006530916469
-0.012339960817392848
-0.012313170903262564
-0.01228655847448518
-0.01226016720755575
-0.012233983934111922
-0.01220788235023234
-0.012181854348496559
-0.012156150781815995
-0.01213057299922375
-0.012105062670654533
-0.012079738094562484
-0.012054509980694099
-0.012029494413011339
-0.012004777347726961
-0.011980121120064715
-0.011955636231490959
-0.011931521769963831
-0.011907562369925502
-0.011883688524001046
-0.01185999113728768
-0.011836647466470394
-0.011813394266268058
-0.011790345191230008
-0.011767611519755207
-0.011745046792108181
-0.011722746524047
-0.01170067211933531
-0.01167878697823568
-0.011657168684145612
-0.01163578884280635
-0.011614647739658665
-0.011593719969272434
-0.011573041723554481
-0.011552519893090779
-0.011532216955717677
-0.011512148681222025
-0.011492318055649627
-0.011472589238411995
-0.011453052261121912
-0.01143365328361154
-0.01141441168570728
-0.011395246140235493
-0.01137624962789062
-0.011357330644311393
-0.01133847651217046
-0.011319703316052181
-0.01130100715386423
-0.011282433739460676
-0.011263997040821698
-0.011245712726856495
-0.011227653000112733
-0.011209801993629817
-0.011192174639083174
-0.011174595655111688
-0.011157197380834045
-0.011139903214871991
-0.011122774936145975
-0.01110572327866316
-0.011088764186133152
-0.011071959857232192
-0.011055346956961764
-0.011038857784689786
-0.011022516049117552
-0.011006323118109597
-0.010990265021124343
-0.010974424929038037
-0.010958791982124618
-0.010943321627107651
-0.010927975757051001
-0.010912753073661305
-0.010897660132621714
-0.010882726395449922
-0.010867952235520017
-0.010853256471330336
-0.010838697421514281
-0.010824247550389703
-0.010809875668001496
-0.010795661828867917
-0.0107815191411472
-0.010767453242917583
-0.010753552194779102
-0.010739783977430029
-0.01072605934310989
-0.010712422247093647
-0.010698927002456608
-0.010685645763322984
-0.010672483270090996
-0.010659458321079777
-0.010646604917111478
-0.010633887562865771
-0.010621276343296774
-0.01060879613689292
-0.010596422778361475
-0.010584177266630091
-0.01057203406073588
-0.01055997181728698
-0.01054800168709882
-0.010536107954696181
-0.0105243155056966
-0.010512578996213441
-0.01050091081011181
-0.010489372078008416
-0.010477914598781871
-0.01046653279282835
-0.0104552715892789
-0.01044409073685126
-0.010432992571406662
-0.010421976108798617
-0.010411084258548026
-0.010400283803608282
-0.010389604895450818
-0.010379022076834632
-0.01036852988068809
-0.010358242822301193
-0.010348113979046832
-0.010338161926071539
-0.010328391983985006
-0.010318781902748852
-0.010309332800901575
-0.010300067333621819
-0.010290936997523552
-0.010281961854101275
-0.010273142200797097
-0.010264462477473419
-0.010255891436172875
-0.010247447513000165
-0.010239116766017702
-0.010230829447350875
-0.010222637140539085
-0.010214510875198946
-0.010206389619465909
-0.010198284745299609
-0.010190168010907505
-0.010182051487580916
-0.010173951085458507
-0.010165848105392929
-0.010157767605738789
-0.010149696991553282
-0.010141664363584437
-0.010133642397447736
-0.010125651237315696
-0.010117695713204276
-0.010109791032398606
-0.010101889427766535
-0.010093964329583796
-0.010086051497096632
-0.010078174402034805
-0.010070324054366229
-0.010062526119162429
-0.010054731074490746
-0.010046987734090894
-0.010039301527996947
-0.010031666240582002
-0.010024077666441174
-0.01001653467222695
-0.01000904445065099
-0.010001603374706092
-0.009994209912360781
-0.009986872086642933
-0.009979599939588453
-0.00997236725260656
-0.00996519337438292
-0.009958078395746837
-0.009951020005636337
-0.00994401839357852
-0.009937075602108223
-0.009930187523598727
-0.009923360235693717
-0.00991659790427561
-0.00990990887617152
-0.009903304073457698
-0.009896786233337642
-0.009890357446452233
-0.009884015533081113
-0.00987774965688367
-0.009871571834825586
-0.00986547607222628
-0.009859466718711452
-0.009853517359910227
-0.009847636337975188
-0.009841815220261636
-0.009836060307697628
-0.009830378519221259
-0.009824754599913018
-0.009819179983763127
-0.00981363305250803
-0.009808121935501528
-0.009802634768880474
-0.009797171121278918
-0.009791741429350105
-0.00978634482516035
-0.009780988449666123
-0.00977568638590553
-0.009770452681853049
-0.009765305080983012
-0.009760246677103925
-0.009755281271271843
-0.009750411887294846
-0.00974564078589977
-0.009740965168226503
-0.009736387478245493
-0.009731915717616245
-0.009727531257741126
-0.009723259519247214
-0.009719093939935912
-0.009715023785088317
-0.009711065157631676
-0.009707210258468765
-0.009703464581448242
-0.009699832158442074
-0.009696315036357305
-0.009692931872774513
-0.009689677576185803
-0.009686535448650222
-0.009683529440728565
-0.009680622265144786
-0.009677813409587913
-0.009675041536066624
-0.009672303229104581
-0.009669497554115626
-0.009666624123623783
-0.00966358570206975
-0.009660367013448834
-0.009656971497597271
-0.009653459221028155
-0.00964992747391908
-0.009646490220409814
-0.009643256145225161
-0.009640284067359487
-0.009637575939013423
-0.009635142846649578
-0.009632964020462553
-0.0096310238606217
-0.009629308529216271
-0.00962775989186945
-0.00962638776716771
-0.00962514465188953
-0.009624051092835047
-0.009623049960072478
-0.009622160205604304
-0.009621344071016776
-0.009620591763531944
-0.009619877445666202
-0.00961917743341595
-0.009618480962950812
-0.009617756444123314
-0.009616974712009395
-0.00961610539737176
-0.009615101677967293
-0.009613935418457389
-0.009612555090708786
-0.009610902999568145
-0.00960893849661275
-0.009606645207684478
-0.009604047489235426
-0.009601287537400903
-0.0095987930106043
-0.009597221513188285
-0.009596979421788396
-0.0095977008502973
-0.00959879495531836
-0.009599939465980194
-0.009600995348120782
-0.009601904767345033
-0.009602664033167275
-0.009603257898576892
-0.00960371278667755
-0.009604063644428966
-0.009604321693416525
-0.009604528405859274
-0.009604695742864284
-0.009604834343371166
-0.009604948522513389
-0.009605062049635033
-0.009605169794162868
-0.009605288091060999
-0.009605438382814068
-0.00960562748136983
-0.009605849039127253
-0.009606114685532447
-0.009606437293098067
-0.009606807474610592
-0.00960723156983155
-0.009607706097338825
-0.00960822716037239
-0.009608806948946272
-0.009609430410807876
-0.009610117851731088
-0.009610895698874241
-0.009611770163704937
-0.009612757987560255
-0.009613884847081238
-0.009615173558507472
-0.009616636630474504
-0.00961826210517324
-0.009620047605154043
-0.009621983457960696
-0.009624026021506497
-0.009626180006112981
-0.009628416171782343
-0.009630706035152113
-0.009633050196858147
-0.00963540347728507
-0.009637780355365696
-0.009640150173462855
-0.0096425147073278
-0.0096448715298827
-0.009647232099719025
-0.00964959177933657
-0.009651961384314853
-0.009654351723643366
-0.009656767936488187
-0.009659222246930915
-0.009661730323445453
-0.009664279402710037
-0.009666868260686768
-0.009669514859384007
-0.009672216943399807
-0.009674974391067537
-0.00967776907059323
-0.009680592872957808
-0.00968346229899458
-0.009686368734982572
-0.009689304716171283
-0.00969226300138397
-0.009695237403012215
-0.009698247436747484
-0.009701282215728378
-0.009704356175903707
-0.009707461212934611
-0.009710615085369337
-0.009713837521404412
-0.009717109070228323
-0.00972044091760504
-0.009723843141448653
-0.009727325194407577
-0.009730864182010274
-0.009734461627546017
-0.009738128178508105
-0.009741863133362973
-0.009745637934653316
-0.009749475215190128
-0.009753386771868865
-0.009757349325248563
-0.009761368723453309
-0.009765441621075776
-0.009769570473765758
-0.009773751014553965
-0.009777986885054456
-0.009782280468243107
-0.0097866379241207
-0.009791059664685593
-0.00979555044120401
-0.009800107993388646
-0.009804742200142075
-0.009809456304949452
-0.009814245810502761
-0.009819115916368438
-0.009824063389750072
-0.00982910311390445
-0.009834240332094405
-0.009839499858758675
-0.009844830658253454
-0.009850190387289057
-0.009855587002403585
-0.009861030235524402
-0.009866460950313998
-0.009871882545411883
-0.00987734423315229
-0.0098828533897357
-0.00988843917952465
-0.009894101804792561
-0.009899848538740466
-0.009905681327384161
-0.009911584922545806
-0.009917562374527343
-0.009923605884191404
-0.009929697075339023
-0.009935857916091414
-0.009942068665929962
-0.009948341165004183
-0.009954649800337511
-0.009961011647235944
-0.00996743454841142
-0.009973903803493098
-0.009980436053957894
-0.009987037690405598
-0.009993713476645499
-0.01000045635433525
-0.010007289781081865
-0.010014231293562199
-0.010021280081634321
-0.010028411356387825
-0.010035638753324728
-0.01004298491209152
-0.010050463649076464
-0.010058058880212278
-0.010065767802936625
-0.010073602430665943
-0.010081597826001777
-0.010089722587295598
-0.010097989546538034
-0.010106409190437813
-0.01011498573457507
-0.010123731789668836
-0.010132656250904728
-0.010141771899297778
-0.010151090959344316
-0.010160640941735142
-0.010170385906164502
-0.010180352502973463
-0.010190542930610924
-0.010200949148971896
-0.010211532083109919
-0.010222075543895169
-0.010229271722966008
-0.010236230501411765
-0.010244326558587974
-0.01025290703809193
-0.010261811989827516
-0.010270971539291036
-0.010280343255396007
-0.010289898223381187
-0.01029960095712799
-0.010309485640882392
-0.010319495021688605
-0.010329632471012934
-0.010339913445435977
-0.010350295568770825
-0.010360772973813676
-0.010371331683438402
-0.010381956437927256
-0.010392654560836578
-0.010403431623159681
-0.010414281293801047
-0.010425218427347564
-0.010436246419109362
-0.010447377940912054
-0.010458594291757432
-0.010469925440238182
-0.010481355589314971
-0.010492895624764095
-0.010504548055963618
-0.010516323165495237
-0.01052820548170006
-0.010540176905206804
-0.010552270677736756
-0.010564474734002696
-0.010576787903754265
-0.010589221227908546
-0.010601770552740503
-0.010614436006536124
-0.010627222170015964
-0.010640131987158505
-0.010653159103647064
-0.010666291726978451
-0.010679539332717342
-0.010692917892779348
-0.010706410200314518
-0.010720031060000247
-0.010733779586569833
-0.010747646031361401
-0.01076164044009909
-0.010775764093554163
-0.010790022679628739
-0.010804352595944292
-0.010818778689196167
-0.01083340335361474
-0.010848117252160602
-0.010862950808228862
-0.010877906809007257
-0.010892983510792608
-0.010908178940493325
-0.010923489728569316
-0.01093889303800159
-0.010954413939128766
-0.010970033982079014
-0.010985858132185557
-0.01100173770625266
-0.011017735266448087
-0.011033842133651767
-0.011050036862890173
-0.01106634375768118
-0.011082717816214864
-0.011099202260401089
-0.011115740065304752
-0.011132427068129936
-0.011149125936517757
-0.011165930458020036
-0.011182777867240687
-0.011199610591756679
-0.011216391943529228
-0.01123317534888701
-0.011250003819765542
-0.011267386461138305
-0.011285213452856761
-0.011303401468616723
-0.011321866887308745
-0.011340575702041583
-0.011359491396279061
-0.011378570731023356
-0.01139782250951617
-0.011417203730653747
-0.011436711436888014
-0.01145636649571616
-0.01147615546683502
-0.011496056980753025
-0.011516093600871285
-0.011536265426154524
-0.011556615337486835
-0.011577121192161359
-0.01159786910864986
-0.011618723840987718
-0.011639822035189089
-0.01166110494872868
-0.01168251855510557
-0.011704122801808567
-0.01172594152387611
-0.011747924462490407
-0.011770067719236884
-0.01179243175552636
-0.011814887379291301
-0.011837468055485167
-0.01186016531738939
-0.011882967947831257
-0.01190596087788979
-0.011929071710103715
-0.011952313925742458
-0.011975674207739687
-0.011999262414226134
-0.01202303903595707
-0.012047029727595087
-0.012071239158138186
-0.01209564910292103
-0.01212029021161228
-0.012145161866053154
-0.012170233471772752
-0.012195524341010799
-0.01222105937062585
-0.012246823517458328
-0.01227281328816926
-0.012299040343599453
-0.012325500977372675
-0.012352191052336382
-0.012379116212997648
-0.0124062712018092
-0.012433651789321265
-0.012461254258486404
-0.012489082095297699
-0.012517143220522565
-0.012545465856409628
-0.012574032218121155
-0.012602856550335339
-0.012631936745809189
-0.012661276002691764
-0.012690890912084408
-0.012720780861814315
-0.01275094814781018
-0.012781395621862816
-0.012812120598259508
-0.012843125277169342
-0.012874412021410434
-0.012905980671363101
-0.012937815805622012
-0.012969927761631578
-0.013002317710980833
-0.013034989565242287
-0.013067945566946614
-0.013101186590728349
-0.013134710873881546
-0.013168523888719473
-0.013202626604687594
-0.013237017520409039
-0.013271699080887456
-0.01330668197038242
-0.013341962809747506
-0.013377555414160377
-0.013413462794696709
-0.013449695071328375
-0.013486271147323613
-0.013523205789330412
-0.013560528283895165
-0.013598269082909875
-0.013636477521638036
-0.013675264679313804
-0.013715257159513623
-0.01375489053184285
-0.013794266875099402
-0.013833925942077144
-0.013873938370533967
-0.013914331354553595
-0.013955132438379406
-0.013996351555213091
-0.014037999002777943
-0.014080077385579986
-0.014122608541751432
-0.014165582401450508
-0.014209003398264093
-0.014252880115564059
-0.014297210348183863
-0.01434200427258394
-0.014387264113634259
-0.014432994297697632
-0.014479192966269795
-0.014525869750493739
-0.014573032295408843
-0.014620684371329393
-0.014668828910823932
-0.014717473610605991
-0.014766624828896896
-0.014816293195975187
-0.01486648365972464
-0.01491720590242972
-0.014968464664087315
-0.01502026842907809
-0.015072626694302965
-0.015125545130743587
-0.015179032157821095
-0.015233092086878154
-0.015287723875692702
-0.015342951217030458
-0.015398769486456174
-0.015455186975875577
-0.015512210939837172
-0.015569852311465113
-0.015628122271307717
-0.01568703597879364
-0.015746608676105094
-0.015806856477709054
-0.015867789825689347
-0.015929396638342082
-0.01599171340067708
-0.016054753384156958
-0.016118525755483285
-0.01618304476603915
-0.016248319738216468
-0.016314363990447337
-0.016381193083196646
-0.01644882031514203
-0.016517262849962824
-0.016586536076609055
-0.01665666375626194
-0.016727658866533088
-0.01679953838338499
-0.016872334794533792
-0.0169460481391828
-0.01702069963913066
-0.01709631043507746
-0.01717289552581082
-0.01725047836792425
-0.017329076378930046
-0.017408713992529978
-0.017489410664092743
-0.017571190647955422
-0.017654084629275913
-0.017738100060479444
-0.017823272449190724
-0.01790962355785635
-0.017997179041566596
-0.0180859654309282
-0.01817601608163877
-0.01826735373271114
-0.0183600086466899
-0.01845401065745785
-0.018549388855940124
-0.018646204180452312
-0.0187444572242215
-0.018844183264894194
-0.018945420518293194
-0.019048196744055442
-0.019152520997205474
-0.01925840984565942
-0.01936591221952931
-0.019475077560363704
-0.019585958071195085
-0.0196986115660592
-0.019813075296640118
-0.019929404110157378
-0.02004760916185136
-0.020167799293023345
-0.020290030995105728
-0.02041435194096334
-0.02054080347279362
-0.02066944229481304
-0.020800324301992662
-0.020933513739418364
-0.02106908026788013
-0.02120709205909604
-0.02134777877580151
-0.02149101431720612
-0.02163689560461115
-0.021785506792226794
-0.021936930175997158
-0.02209124870755245
-0.0222485658805088
-0.022408963168708773
-0.022572545437763523
-0.022739407960672715
-0.02290965584357066
-0.023083397857339108
-0.02326074277674433
-0.023441813995504684
-0.02362674276742303
-0.023815636836125722
-0.024008635832603025
-0.024205905601735824
-0.024407583636071793
-0.02461382178592135
-0.02482478210693212
-0.025040624582307904
-0.02526163242323346
-0.025487912276791033
-0.025719649620296558
-0.025957045837459822
-0.026200319904650844
-0.026449709514222052
-0.0267054522930172
-0.02696779731758853
-0.027237007424716807
-0.027513359761350248
-0.027797149386178676
-0.028088686930008287
-0.028388302327867602
-0.028696340694083215
-0.029013174905525546
-0.029339192807381675
-0.029674822477265755
-0.03002050193783111
-0.03037672080930725
-0.030743991873851816
-0.031122868592964748
-0.03151394845113507
-0.031917906600878565
-0.03233541509347532
-0.032767266045844776
-0.0332143255268404
-0.03367755938151769
-0.03415804919142756
-0.03465701846268353
-0.035175870614123944
-0.03571623011914809
-0.03627999930675156
-0.03686943117075545
-0.03748722372799818
-0.03813664267421584
-0.038821680254574116
-0.03954726952846454
-0.040319550879248774
-0.04114623252283786
-0.04203705797832492
-0.043004437824082906
-0.04406422788522763
-0.04523681835599288
-0.046548517225496834
-0.04803339416571754
-0.049735686713825854
-0.05171297081982327
-0.05404033918321954
-0.056815903286522154
-0.060168028425931254
-0.06426487385607745
-0.06932719727325996
-0.07564416959478551
-0.0835959915828261
-0.09368243040316077
-0.10656079910416551
-0.12309608103050053
-0.14442709395821426
-0.17205383873893687
-0.20795288834225417
-0.2547297912950777
-0.3158209813805809
-0.39575975892351534
-0.5005291364918243
