-0.4947859301264099
-0.3925912068691059
-0.3146786344895243
-0.2551754759986382
-0.20963776509616247
-0.17470133555554848
-0.14781840799212706
-0.12705867306061444
-0.11095901283933506
-0.09840992636836848
-0.08856965751751861
-0.0807992486005322
-0.07461340139940102
-0.06964328290596657
-0.06560837191942324
-0.06229513277222038
-0.05954086027842434
-0.057221439013454604
-0.05524206454082277
-0.053530203816959186
-0.05203026153675532
-0.050699528405765006
-0.04950510759108755
-0.048421581869619555
-0.04742923994708151
-0.04651272943443814
-0.04566003251153183
-0.044861686329062865
-0.04411019018454745
-0.043399553273666305
-0.04272495010997133
-0.04208245758111469
-0.041468853895483715
-0.04088146493280166
-0.0403180462960155
-0.0397766927584573
-0.03925576874098463
-0.03875385454848285
-0.03826970491200113
-0.03780221659222336
-0.03735040317483383
-0.03691337547322118
-0.036490325761396436
-0.03608051636854107
-0.035683270752443416
-0.035297960476378405
-0.034924004387008975
-0.03456086189629657
-0.03420802828162129
-0.033865031341516985
-0.03353142823448856
-0.03320680355930015
-0.032890766632272264
-0.03258294969610933
-0.03228300631897482
-0.03199061042445747
-0.03170545412686656
-0.03142724700264671
-0.031155714804978637
-0.030890598721264532
-0.030631653787425696
-0.03037864887827269
-0.030131364994830656
-0.029889594499787328
-0.029653140891155456
-0.029421817163922347
-0.029195445768677202
-0.028973858970180674
-0.0287568961747555
-0.028544404973204672
-0.02833623999369026
-0.028132262648814046
-0.02793234007542218
-0.02773634554842072
-0.02754415630168976
-0.02735566309671722
-0.02717075553568952
-0.026989309757067478
-0.02681123377008449
-0.026636430350096538
-0.02646481191362842
-0.026296274239666635
-0.02613073056679628
-0.02596809264686988
-0.025808300061095288
-0.025651281978499273
-0.025496926387960746
-0.025345175435399235
-0.02519596142524563
-0.025049191366585476
-0.024904866244700685
-0.0247628657306801
-0.02462313291107246
-0.024485626645211738
-0.024350257283531275
-0.024216998252543354
-0.024085798887448266
-0.023956614802123206
-0.02382939373456778
-0.02370405949612926
-0.02358057530832503
-0.023458918834792907
-0.02333902440959362
-0.023220852272599613
-0.02310436268471091
-0.022989519768710734
-0.022876282335700864
-0.022764615309187757
-0.02265449039900639
-0.02254586362908504
-0.022438703365772496
-0.02233297973484855
-0.02222865629663553
-0.022125710681856356
-0.022024109050856965
-0.021923814492791932
-0.021824817270347845
-0.021727075675109404
-0.021630563417656627
-0.021535260618246524
-0.02144114330308485
-0.02134818666795025
-0.021256368001922224
-0.021165661995457708
-0.021076046613138475
-0.02098750081344472
-0.020900006501577653
-0.020813540895180997
-0.02072808536647541
-0.020643618687152396
-0.02056012465930168
-0.02047758171911046
-0.020395972938650933
-0.020315284620109657
-0.020235497615404028
-0.020156590993119602
-0.02007854790287589
-0.020001361350906348
-0.019925007074956466
-0.019849472729136616
-0.019774749026129676
-0.019700818980212954
-0.019627674280882388
-0.019555295225372703
-0.01948367401058906
-0.01941279179597873
-0.01934264176888893
-0.019273216962831036
-0.01920450800491725
-0.01913650621548965
-0.019069201689072876
-0.01900258803340067
-0.018936661330444842
-0.018871406709461677
-0.018806816600966263
-0.018742886598814106
-0.01867960012028636
-0.01861694370673842
-0.018554907841821115
-0.01849348982121476
-0.018432670979416525
-0.018372448166974056
-0.018312815951504472
-0.018253777796859542
-0.018195313670596656
-0.018137391450810437
-0.01808000769288282
-0.018023144350360575
-0.017966790192600206
-0.017910959095411415
-0.01785563073944732
-0.017800803422607526
-0.01774646485017576
-0.01769260395905601
-0.0176392125722384
-0.017586270804492248
-0.01753378687460119
-0.01748175035206678
-0.01743017325054807
-0.017379049446572165
-0.017328359508819332
-0.017278098392078705
-0.01722826927632784
-0.01717886625448775
-0.017129885462504744
-0.017081320495802754
-0.017033161394716688
-0.016985403608732234
-0.016938044163361213
-0.016891082985436526
-0.016844516390189454
-0.016798333773275165
-0.01675252624890594
-0.016707106551246485
-0.01666204959169278
-0.016617361112225514
-0.016573029380990506
-0.016529048564166825
-0.016485418053680877
-0.016442153946259783
-0.01639923465298033
-0.01635665039345807
-0.01631439812104887
-0.016272491279156465
-0.016230915390640203
-0.016189668611189978
-0.0161487436877339
-0.016108145164544615
-0.016067873741900888
-0.016027906857126822
-0.015988256772385256
-0.01594891818119753
-0.015909891021968135
-0.015871158634056345
-0.01583272893735213
-0.01579459638648628
-0.015756766935017295
-0.015719229928584495
-0.01568196640957862
-0.015644993028301475
-0.015608306845109561
-0.015571898787558654
-0.015535763338017894
-0.015499886499792783
-0.01546430022296197
-0.015428948443597193
-0.015393877093340832
-0.01535905069335598
-0.015324492703311031
-0.015290194117222202
-0.015256147477076296
-0.015222358051412564
-0.015188792104978848
-0.015155504442187951
-0.015122462763341593
-0.015089619146284965
-0.015057062083010981
-0.015024729429908049
-0.014992618735055417
-0.014960716011791957
-0.014929067126160083
-0.014897650205948281
-0.014866472706898058
-0.014835511219020478
-0.014804801122212878
-0.01477432151819451
-0.014744051782244989
-0.014714029275513988
-0.014684199533256097
-0.014654610581595227
-0.014625254606476746
-0.014596103784286978
-0.01456717847041831
-0.014538460144231193
-0.01450994890174488
-0.01448164215429098
-0.014453529162035142
-0.014425591919546336
-0.01439778316743704
-0.014369353906590556
-0.01434252943945867
-0.014315707683868391
-0.014288135473233937
-0.01426216485296869
-0.014236181422803232
-0.014210216892217417
-0.014184273846059756
-0.014158284176790808
-0.014131423838154954
-0.014105176489205281
-0.014079398740396374
-0.01405399407946652
-0.014028886178073845
-0.01400404206866359
-0.013979484799829573
-0.013955133686655864
-0.013930923172278642
-0.013906900751346218
-0.01388306941724616
-0.013859418230710416
-0.013835945047241777
-0.01381265946625904
-0.013789508929692879
-0.013766487025390415
-0.01374367068730492
-0.013721023390608138
-0.013698524314767722
-0.013676161423245972
-0.013654046673081465
-0.0136320377248213
-0.013610142081168187
-0.013588409227886284
-0.01356680241302084
-0.013545334654152575
-0.01352400758458659
-0.013502828277297816
-0.013481831980329323
-0.013460991507116896
-0.013440365731848668
-0.013419878431246042
-0.013399519204351628
-0.013379287074766544
-0.013359179332508835
-0.013339154796511625
-0.013319308716966429
-0.013299610810993871
-0.013280074528676987
-0.013260687763432888
-0.01324146374534417
-0.013222389704707503
-0.013203478471143086
-0.013184695654008597
-0.01316604225157377
-0.01314754950189348
-0.013129181677781968
-0.01311098098540115
-0.013092870085197049
-0.013074921543062215
-0.013057028006187747
-0.013039326810601555
-0.013021687807115795
-0.013004209532053815
-0.012986920960070697
-0.012969782037904703
-0.012952769059528649
-0.012936267546854273
-0.01291947371254849
-0.012902730845298093
-0.012886080890634668
-0.012869583751163906
-0.01285322997745867
-0.012837035024432081
-0.012821049775724336
-0.012805123025188842
-0.01278934998365415
-0.01277374453616202
-0.01275824187616884
-0.012742824837024345
-0.012727570610566192
-0.012712418224501063
-0.01269738548723907
-0.012682461247638445
-0.01266765615427833
-0.01265296174574328
-0.012638384850046688
-0.012623917275957998
-0.012609552188580798
-0.012595310738604818
-0.0125811833514227
-0.012567160913105113
-0.012553257079552809
-0.012539455530528163
-0.012525773245748086
-0.012512213750459243
-0.012498751944109047
-0.012485392968950359
-0.012472134199670958
-0.012458993716161344
-0.012445952235468205
-0.012433019065858463
-0.012420191425850664
-0.012407482893213334
-0.012394878214129304
-0.012382367388020267
-0.012369956580368801
-0.012357644270556245
-0.012345447140966439
-0.012333357661592596
-0.012321370475160395
-0.012309489292959441
-0.012297706060653365
-0.012286026283153693
-0.012274451497113046
-0.01226298148419759
-0.012251615595449718
-0.012240343376410688
-0.01222917963827145
-0.012218119377122855
-0.01220709765958083
-0.01219624992664364
-0.012185477670949749
-0.012174755374081081
-0.012164179689728188
-0.012153732376924478
-0.012143417435612218
-0.012133201851538437
-0.012123075665913191
-0.012113034772490885
-0.012103067744891118
-0.012093209543249677
-0.012083449209054858
-0.012073815357450697
-0.01206429046867133
-0.012054855321544454
-0.012045529245818606
-0.012036303335985302
-0.012027176958660703
-0.01201815422970489
-0.012009226693991997
-0.012000383410654392
-0.011991636495967016
-0.01198297819448151
-0.011974424235032286
-0.011965972494721061
-0.011957620632353009
-0.011949369465214825
-0.011941214734469342
-0.01193319754765399
-0.011925248060733643
-0.011917349293940095
-0.011909527510709473
-0.011901785119653665
-0.011894092535316873
-0.011886498946272956
-0.01187899735919017
-0.01187157605324259
-0.011864247248037347
-0.011857008918755687
-0.011849866770122291
-0.011842794341683876
-0.011835784026684342
-0.011828891186221846
-0.011822096081742346
-0.011815363360208213
-0.011808719776646862
-0.011802136588128882
-0.011795664287892754
-0.011789293916743626
-0.011783042775732477
-0.011776863771918363
-0.01177083394620925
-0.011764906897280245
-0.011759030163785022
-0.011753250067854127
-0.011747560326787865
-0.011741989268277749
-0.011736464834796479
-0.011731007827615467
-0.011725690567288411
-0.01172046546895232
-0.011715322663746506
-0.011710263432328562
-0.01170530304948164
-0.011700421118169976
-0.01169562662105416
-0.011690959175475859
-0.011686361334738658
-0.011681847823552942
-0.011677407156870356
-0.011673086450635502
-0.011668844608409747
-0.01166471525814715
-0.01166067223203849
-0.011656705637268673
-0.011652773689316937
-0.01164888010811883
-0.01164506213296096
-0.011641357298009176
-0.01163775264975073
-0.011634216286058395
-0.011630745810280979
-0.011627374014884003
-0.011624099131659805
-0.011620915144802383
-0.011617820456160778
-0.011614839433055826
-0.011611932372981942
-0.011609134750115107
-0.011606396384005799
-0.011603727981101942
-0.011601157016521448
-0.011598667598896746
-0.01159625229414404
-0.011593921433260778
-0.011591671809268993
-0.011589502944317567
-0.01158742972119688
-0.011585411584323151
-0.011583497342187192
-0.011581677241223526
-0.011579928161921216
-0.011578268849968279
-0.011576690555486418
-0.011575191740608188
-0.011573777023644788
-0.01157243701187593
-0.011571184406461762
-0.011570022984065972
-0.011568954081376074
-0.011567968326683921
-0.01156706272449172
-0.011566234009097606
-0.011565496003701624
-0.011564845915676025
-0.011564281556973659
-0.011563803370252111
-0.011563399393126703
-0.01156308446631642
-0.011562835041405215
-0.011562681811501723
-0.01156262086882472
-0.011562635345684464
-0.0115627543743028
-0.011562948570938477
-0.011563246618855895
-0.011563625129922898
-0.011564080951696545
-0.011564617238016267
-0.01156524518021714
-0.01156597474186349
-0.011566782757850233
-0.011567692744067302
-0.011568693436294207
-0.011569782796990752
-0.011570939072908149
-0.011572175011541182
-0.011573508488281639
-0.011574929041459984
-0.011576425323188677
-0.011578021525175172
-0.011579702663006114
-0.011581460317410872
-0.011583292821825655
-0.01158520062853122
-0.011587172556526732
-0.011589208912885552
-0.011591311883068809
-0.011593509410805832
-0.011595775447011129
-0.011598124466885714
-0.011600570026459572
-0.011603097826778888
-0.011605707520788974
-0.011608398996416374
-0.011611165098012872
-0.01161402213882163
-0.011616966828743466
-0.011620001292024684
-0.011623108409698624
-0.011626320996046852
-0.011629619420880984
-0.011632994268510284
-0.011636457560049853
-0.011640002030413125
-0.011643630680507713
-0.01164733684936016
-0.011651132399341164
-0.011655011944697808
-0.011658978731714446
-0.011663031058291284
-0.011667177898148995
-0.011671398390452085
-0.011675719637626321
-0.011680143102527619
-0.01168465828500419
-0.011689261042746688
-0.011693951197738896
-0.011698730351947432
-0.011703614091784689
-0.011708572187496888
-0.011713619183192605
-0.011718763459262593
-0.011723998740941039
-0.011729329639725656
-0.011734759396383498
-0.011740282204499165
-0.011745906028955795
-0.011751639329037708
-0.01175746111239743
-0.011763387893889993
-0.011769419047038536
-0.011775547963411808
-0.011781781274907846
-0.011788104680464954
-0.011794525077559839
-0.011801036111376595
-0.011807654322680567
-0.011814358034019935
-0.011821164271502888
-0.01182806809970446
-0.01183505947886683
-0.011842138662739851
-0.011849316766578695
-0.011856578337793347
-0.011863925057885158
-0.011871363377465362
-0.011878891144123086
-0.011886524751636537
-0.011894247604250395
-0.011902077412762184
-0.011909942978391515
-0.011917959075808386
-0.011926071458849621
-0.01193427787749479
-0.011942597141161184
-0.011951001480168944
-0.011959484111913731
-0.011968071436843012
-0.011976749448231785
-0.011985530810757079
-0.011994418884264378
-0.012003397178583154
-0.012012451185219057
-0.012021637934491196
-0.012030951708851715
-0.012040365272264514
-0.012049873888457522
-0.01205944075391976
-0.012069087297339985
-0.012078834041991076
-0.012088688761671497
-0.012098702301163281
-0.012108804480210499
-0.012119001870524376
-0.012129307649121037
-0.01213970931910383
-0.012150220863139207
-0.012160822105177514
-0.012171537522283445
-0.01218235912159282
-0.012193275367030234
-0.012204297519161078
-0.012215424941688854
-0.012226644566716037
-0.012237975606316776
-0.012249369854271514
-0.01226088608543807
-0.012272508197221192
-0.012284241768309646
-0.012296092585251253
-0.012308045688903617
-0.012320138085415757
-0.01233234042300671
-0.012344648024146223
-0.012357086458204204
-0.01236963845275574
-0.01238230520699348
-0.01239508935816915
-0.012407945346941552
-0.012420916590222769
-0.012434009312758771
-0.012447201134983613
-0.012460504418520016
-0.012473911328866093
-0.01248743725883768
-0.012501095034585862
-0.012514867748297312
-0.012528785418792139
-0.012542823649712181
-0.012556968470193216
-0.01257121513291856
-0.012585569019547023
-0.012600057800303694
-0.012614658211438017
-0.01262936384444408
-0.012644185690245916
-0.012659133763196115
-0.0126741929459325
-0.012689381628520154
-0.012704682368280195
-0.012720097187965632
-0.012735629669424655
-0.012751280025261387
-0.012767048376587776
-0.012782936639129834
-0.012798943855242877
-0.01281507347307668
-0.012831330403737634
-0.01284771444418592
-0.012864227514031669
-0.012880860634597263
-0.012897622135956287
-0.012914512356458243
-0.012931530249166746
-0.01294867541665285
-0.012965950340010721
-0.012983352383083497
-0.013000884546067525
-0.013018548288308708
-0.013036342700221484
-0.01305426920049286
-0.013072328536362983
-0.013090521946520868
-0.013108849683551079
-0.013127307268110126
-0.013145899802277783
-0.013164618286607678
-0.013183492028196095
-0.01320249613116983
-0.013221632757256924
-0.013240916191741196
-0.013260349316077003
-0.01327992283842605
-0.013299641000257779
-0.013319507680549696
-0.013339525716182968
-0.013359679009480308
-0.013379965550308053
-0.013400406198648167
-0.013420984808285324
-0.013441727726478427
-0.013462628882069077
-0.013483693931076292
-0.013504916583098853
-0.01352630205076596
-0.013547824725216435
-0.013569481486879028
-0.0135912956641504
-0.013613280213951806
-0.013635428796626967
-0.01365774163171915
-0.013680219054210746
-0.01370286022148794
-0.01372566594451972
-0.013748634162868185
-0.013771772596119952
-0.013795077245756604
-0.013818548698624492
-0.013842191554104532
-0.013866007382109028
-0.013889993161430948
-0.013914154888068648
-0.01393849130122753
-0.01396300160398676
-0.013987690546704337
-0.014012556676784943
-0.014037601717049208
-0.014062825990274887
-0.01408822797415869
-0.014113821209893967
-0.014139582079105614
-0.014165530445009586
-0.014191665461682271
-0.01421799062013338
-0.014244505498947907
-0.014271216635541243
-0.014298121271544763
-0.014325223067757391
-0.014352513732672604
-0.014380003116922429
-0.014407697746461872
-0.01443558701193326
-0.014463678429734176
-0.014491968138924775
-0.014520468461639029
-0.014549179589690885
-0.014578103111632627
-0.014607237738252342
-0.014636587268017072
-0.014666152262703866
-0.01469593487093202
-0.014725936819808558
-0.014756160902076062
-0.014786608643588415
-0.014817282568213535
-0.014848184481471629
-0.014879317070839965
-0.01491068510972509
-0.014942287466993522
-0.01497412538626675
-0.015006201025993763
-0.01503851435768242
-0.015071069466600846
-0.015103864871804555
-0.015136904339933135
-0.01517018945230441
-0.015203728224280068
-0.015237521772683532
-0.015271564463144335
-0.015305869488707565
-0.015340425356098874
-0.015375244943796206
-0.015410338828400916
-0.01544570324791547
-0.015481339179376611
-0.01551725027294228
-0.0155534384799683
-0.015589910527660218
-0.015626655445239456
-0.015663679520250096
-0.015700988945985674
-0.015738592028484752
-0.015776491468224227
-0.01581469168533567
-0.015853181577061927
-0.01589197180007478
-0.01593106893877492
-0.01597047846887465
-0.016010199395516508
-0.016050235354303277
-0.01609058525020633
-0.016131238860503765
-0.016172219723834362
-0.016213531574017347
-0.016255178195226292
-0.01629716061850974
-0.016339470130298968
-0.01638211704168011
-0.016425109218998264
-0.01646842670537955
-0.016512076961831646
-0.016556072739493995
-0.016600426715074702
-0.016645132621317303
-0.016690198866288617
-0.01673564265919123
-0.01678148776263092
-0.016828173550496876
-0.016875169331124092
-0.016922395408933172
-0.016969918904021823
-0.017017774709494168
-0.01706544701554043
-0.017114283033712922
-0.01716340329833834
-0.017212888838909188
-0.01726276528765941
-0.017313048982771084
-0.017363751080476213
-0.017414884472657724
-0.01746645897549563
-0.017518484050279094
-0.017570970344901165
-0.01762392385736387
-0.017677348728429004
-0.017731235555281423
-0.01778559337613678
-0.017840422579719517
-0.017895740290866602
-0.017951559398813415
-0.018007881383361575
-0.018064712082219988
-0.018122060555546455
-0.0181799327547218
-0.01823833437070191
-0.01829727419230333
-0.018356762986102212
-0.018416809000483616
-0.01847742046032915
-0.01853860653197174
-0.018600370387016268
-0.018662725529642522
-0.018725679947371877
-0.018789244060398204
-0.018853429384300773
-0.01891822521394405
-0.018983656030047757
-0.019049731706701337
-0.019116462779817704
-0.019183861102344976
-0.019251936740536827
-0.01932070343259793
-0.01939017121219969
-0.01946035013530978
-0.019531255789205275
-0.01960289819942839
-0.019675288009110056
-0.019748437434337154
-0.019822358431165758
-0.0198970663327895
-0.01997257367406585
-0.02004889156277422
-0.0201260419541205
-0.02020403440106914
-0.02028287498604303
-0.02036258150428286
-0.02044318623006603
-0.02052469860998158
-0.02060713550429385
-0.02069051138656057
-0.020774842223602985
-0.020860144988201237
-0.02094643461388773
-0.021033734307914595
-0.02112206518905039
-0.021211446525818998
-0.021301899181369346
-0.02139344399244087
-0.02148610466493154
-0.02157990362911965
-0.021674864047208017
-0.021771010355216242
-0.02186836860878362
-0.021966959729314468
-0.022066811007411313
-0.022167950257466762
-0.022270406760265957
-0.022374213562098975
-0.022479399084770178
-0.02258599601292767
-0.022694037219851842
-0.02280355871330971
-0.02291459586742245
-0.02302718503601516
-0.02314135481895967
-0.02325713478893223
-0.023374565386083682
-0.02349369109189364
-0.023614557305002525
-0.02373720928159026
-0.023861693483031427
-0.023988056368509796
-0.02411634555900319
-0.024246611129520965
-0.024378904711072596
-0.024513279119022645
-0.02464978867899415
-0.02478848845417683
-0.024929436446580803
-0.02507269376262176
-0.025218324581515586
-0.025366394863729193
-0.025516971499233893
-0.02567012558575743
-0.025825930327863653
-0.025984461785137893
-0.02614579785818108
-0.02631002184027232
-0.02647721937514299
-0.02664747919589252
-0.02682089406889745
-0.026997561810810554
-0.027177581805564913
-0.027361056965395685
-0.027548096560785267
-0.02773880945049672
-0.02793331444029801
-0.028131734039910903
-0.028334195312704227
-0.028540830804526306
-0.02875177956201027
-0.02896718604723998
-0.029187202449531865
-0.029411986018130915
-0.029641701201675585
-0.029876521105885376
-0.03011662548492012
-0.030362239559649846
-0.030613518690326604
-0.030870672901816564
-0.031133920308477
-0.03140349103948909
-0.031679628279212856
-0.03196258861177278
-0.03225264332353139
-0.032550078879677355
-0.03285519852926049
-0.03316832361744914
-0.03348979561427484
-0.033819977234557326
-0.03415925364884135
-0.03450803446877488
-0.034866756440867945
-0.03523588537953816
-0.03561591956568547
-0.03600739279811151
-0.03641087824119573
-0.0368269929123239
-0.03725640321349471
-0.03769983177081136
-0.038158067461051194
-0.038631969566084244
-0.03912248560818655
-0.0396306659570316
-0.0401576841868737
-0.04070486251671681
-0.04127370605205361
-0.041865943566642444
-0.042483582399252644
-0.04312898104535744
-0.043804937949867825
-0.044514813710728546
-0.045262686853289665
-0.04605355816624153
-0.04689361748719447
-0.04779059427296507
-0.04875421669354022
-0.04979681324356052
-0.05093410494071726
-0.05218624556096824
-0.0535791904598338
-0.055146496724183466
-0.056931692803193976
-0.05899137443412728
-0.061399381470762335
-0.06425219893690345
-0.06767607992674675
-0.07183649877758698
-0.07695059033319225
-0.08330359173088286
-0.09127052359751796
-0.10134483220019179
-0.11417626715149445
-0.13062079376967387
-0.15180681352644304
-0.17922256157692382
-0.21483176486504227
-0.26122670491629474
-0.32183085123377236
-0.4011672379709747
-0.5052140698735901
