-0.5134173481921466
-0.4922962878125565
-0.4725015628069054
-0.45393105222989666
-0.4364916928321437
-0.42009857721461674
-0.404674147370048
-0.39014748298552837
-0.37645366177003997
-0.36353318966774095
-0.35133148806439535
-0.3397984409083305
-0.32888798177226125
-0.3185577272318598
-0.30876864492260475
-0.29948475600324453
-0.290672865046308
-0.28230231942115536
-0.27434478892167663
-0.26677406792584596
-0.2595658962581685
-0.2526977893847421
-0.2461489104278127
-0.23989991769745803
-0.23393284696570096
-0.22823100203601282
-0.22277885420805613
-0.21756194951063063
-0.21256682332586418
-0.20778092661447625
-0.20319255314430273
-0.19879077709887727
-0.19456539242277004
-0.19050685988825067
-0.18660626108024095
-0.18285523797332998
-0.17924597583539406
-0.17577115031795673
-0.17242389471688419
-0.1691977581212386
-0.16608668694867773
-0.1630849974321122
-0.16018734797916298
-0.15738871629063597
-0.154684372815347
-0.15206986718740773
-0.1495410000313882
-0.14709381713084763
-0.14472458842323035
-0.1424297960148648
-0.1402061159631665
-0.1380504055504974
-0.13595969431685942
-0.13393118827797174
-0.13196223707064578
-0.1300503126696112
-0.12819304904337167
-0.12638817026619922
-0.12463355642412526
-0.12292717253538306
-0.12126708358216769
-0.11965146538386585
-0.11807857986805388
-0.11654678640095231
-0.11505448470121372
-0.11360016815383034
-0.11218243481629524
-0.11079996784943075
-0.10945145669147267
-0.10813566504957163
-0.10685145137623724
-0.10559769169877384
-0.10437314997753504
-0.10317696368207484
-0.10200817602104027
-0.10086581064447848
-0.09974892619100745
-0.09865674297997223
-0.09758850590698752
-0.09654339838628821
-0.09552059706519875
-0.09451946752852079
-0.09353930987196599
-0.09257945124884533
-0.09163929931742691
-0.09071824232988722
-0.08981574507191535
-0.08893119664723195
-0.08806411744063257
-0.0872139230167867
-0.0863802272126048
-0.08556252700966714
-0.08476040513609633
-0.08397342472496729
-0.08320114812912209
-0.08244318354648789
-0.08169921468519191
-0.0809686914509327
-0.08025141349334258
-0.07954706784821561
-0.07885535768378361
-0.07817596265067397
-0.0775086535449451
-0.07685303343517415
-0.07620885618713617
-0.07557594475517222
-0.07495398035944825
-0.07434272293297023
-0.07374195570225517
-0.0731514575950208
-0.0725711222012859
-0.07200066437585202
-0.07143862440837935
-0.0708864093831154
-0.0703433662079979
-0.06980958836401178
-0.06928470766140514
-0.06876875956298084
-0.06826116284309716
-0.0677621783313316
-0.06727177827200813
-0.06678960623596841
-0.06631522458101625
-0.0658492187184489
-0.0653916914119567
-0.06493665458478497
-0.064493589942921
-0.06405209405218944
-0.0636148311574787
-0.06318448657519941
-0.06276053540120269
-0.06234316852174594
-0.06193216954518365
-0.06152747325250667
-0.061128802458126755
-0.06073579727835237
-0.060348682169928045
-0.059967233823413825
-0.05959132339850727
-0.05922076386991733
-0.05885536298655688
-0.058494931334064505
-0.05813937805572672
-0.05778848686096449
-0.05744193953541325
-0.05709952844126847
-0.05676096255572296
-0.05642606464502518
-0.056094762431656765
-0.05576672231682183
-0.05544145452843492
-0.05511879023718561
-0.05479868182457293
-0.054480610624150765
-0.054164592510747345
-0.05385037471335953
-0.05353774267421834
-0.05322686579424399
-0.05291760393708678
-0.05260997027787414
-0.05230437483615085
-0.05200076880035432
-0.051699235271177264
-0.05139967593620674
-0.05110245870135702
-0.05080765973860486
-0.05051527487929253
-0.05022531062941237
-0.04993777248352933
-0.0496527365296022
-0.049370258087608636
-0.04909024920496122
-0.04881288758777967
-0.048538084881820445
-0.048266037070282125
-0.04799656766813759
-0.047730186132252175
-0.04746647017210004
-0.04720563778076644
-0.04694790697410629
-0.04669303189617607
-0.04644104480455733
-0.046191932702650894
-0.04594568773573323
-0.045702385403962986
-0.04546188266406075
-0.04522453566110646
-0.044990197936253834
-0.04475876640903808
-0.04453034319987266
-0.044304877133665134
-0.044082361450943526
-0.043862731607711404
-0.04364599778411015
-0.043432017009337215
-0.04322045825891249
-0.04301190106628829
-0.04280617204562034
-0.04260314250000535
-0.0424020255464402
-0.042203435317554314
-0.04200670841441951
-0.04181306037034613
-0.041622071270763256
-0.04143341860298501
-0.04124674098435048
-0.04106232904489236
-0.04087990766791557
-0.04069952665816871
-0.04052116062787315
-0.040344856655530906
-0.040170772734543954
-0.03999830284002769
-0.03982780415407434
-0.03965920108710925
-0.03949234265778023
-0.03932751952402902
-0.03916130832767119
-0.038999789215135604
-0.038839891170641225
-0.038680016859445256
-0.03852317941694495
-0.038367828313160726
-0.03821455040358823
-0.03806177086920532
-0.03791141105496834
-0.037762155335543016
-0.03761492208090995
-0.0374688387681074
-0.037323503188156464
-0.037180593343173626
-0.03703944084988564
-0.03689784223811831
-0.03675532752096166
-0.036617733243858384
-0.03648088277668618
-0.036342782387515225
-0.036206984043864895
-0.036071479561346674
-0.03593786445226334
-0.035808855539466375
-0.035677790369142204
-0.03554799840242785
-0.03542293027182301
-0.0352975805616779
-0.035170718952441574
-0.035044646243267225
-0.034923495619729884
-0.03479971118987852
-0.03467700051436866
-0.03455785200158918
-0.034439613356949436
-0.03432275551808478
-0.034207448358245844
-0.03409205745013019
-0.033977950050649734
-0.0338648671275359
-0.033752663049533976
-0.033641512768539654
-0.03353067177531009
-0.033420024444878876
-0.03331133603067807
-0.033203744131378256
-0.03309818179813951
-0.032991853906606756
-0.03288625793612468
-0.032781524031569066
-0.032678524064443305
-0.03257648148974751
-0.03247645768985188
-0.032377002936462854
-0.03227823750262013
-0.032179291735813076
-0.032081936124513086
-0.03198528232873318
-0.03189052958709963
-0.03179570382740308
-0.03170342886025398
-0.03161190641579027
-0.03152095428521476
-0.03142977570916486
-0.03134024568761475
-0.03125032241376279
-0.031161677604861947
-0.031073799761717598
-0.03098647255971891
-0.030900607449163463
-0.03081647440088385
-0.030732687317407612
-0.030648990530671553
-0.030566389084457378
-0.030483677319773493
-0.03040230926125873
-0.030322022049944306
-0.03024239009687197
-0.030164018674996407
-0.030085406911704447
-0.03000739602402042
-0.029930188292990937
-0.029853693455158627
-0.02977759147389931
-0.029702646633815485
-0.02962855063550985
-0.029555083300237983
-0.029482710257569905
-0.02941053646450991
-0.029338646390698546
-0.02926852733390356
-0.029199419165274666
-0.029130404310763428
-0.029061871482108936
-0.02899383900309695
-0.028926551106178693
-0.028859739911615882
-0.028793489398690173
-0.02872833523179379
-0.028663601163997517
-0.02859960298123238
-0.028536358298732575
-0.028473519672175672
-0.0284114130697164
-0.02834986911290271
-0.028288892076376207
-0.028228410428978095
-0.02816837236677352
-0.02810902910053879
-0.02805043782675718
-0.027992173293344663
-0.027934720797364226
-0.027877791734272916
-0.027821376202971582
-0.02776581154688058
-0.027710804977056618
-0.02765629823891385
-0.027602300260528616
-0.027549101291548053
-0.02749624311997006
-0.027443942331003664
-0.0273920463335242
-0.027340504305724503
-0.02728973764716317
-0.027239229289167513
-0.027189595074692447
-0.027140599558338772
-0.027091967927485902
-0.027044080600693444
-0.026996765697977362
-0.02694962331697716
-0.026903022767593456
-0.026857304418741308
-0.02681208496343518
-0.026767145734885586
-0.026722864529655027
-0.026679089968193362
-0.02663530384715777
-0.026592409298148184
-0.02655028488170515
-0.026508636012714634
-0.026467506986441527
-0.02642670215908034
-0.026386323938324442
-0.026346449837054954
-0.026306989925158425
-0.026267942327271886
-0.026229281833171275
-0.026191105304086384
-0.026153193079790547
-0.026115692089864893
-0.026078551632161013
-0.02604177381920328
-0.02600522829354371
-0.025968871753863344
-0.025932805136131155
-0.025897530633738664
-0.025862500472964026
-0.02582797996796264
-0.02579364681637843
-0.025759856020286197
-0.025726288022695654
-0.02569334189936401
-0.02566076703580693
-0.025628409436654984
-0.025596267591125134
-0.02556454331166805
-0.025533245937375708
-0.025502422875511997
-0.02547160609609522
-0.025441073387863642
-0.025410898621083828
-0.025381052580192878
-0.025351517878906615
-0.025322273889840898
-0.025293267808982382
-0.02526457221713269
-0.02523610129105471
-0.0252078921412739
-0.025179974397525413
-0.02515232514020833
-0.025125127088113923
-0.02509815715507702
-0.02507130295025829
-0.0250448337914769
-0.025018490673677257
-0.02499241778183525
-0.024966457067554973
-0.024940506391199883
-0.024914780395896494
-0.024889181151687357
-0.024863764297168665
-0.024838714786413436
-0.024813967774313654
-0.024789546614788185
-0.024765359378088683
-0.024741527430374905
-0.0247180662262818
-0.024694790477872142
-0.02467210428427123
-0.024650007998441234
-0.024628611676972296
-0.024607978925209134
-0.02458834163784108
-0.02456972617379944
-0.024552189231309373
-0.02453572306051076
-0.024520214147206502
-0.024505764536604108
-0.024492236603843018
-0.02447961976150163
-0.024467878858270904
-0.02445715199179733
-0.024447163808818024
-0.024437969196427965
-0.02442949265143098
-0.02442166686502604
-0.02441433185502066
-0.024407545267492756
-0.024401178602045163
-0.024395289290357763
-0.024389681052576807
-0.02438467407091182
-0.024379936688918642
-0.024375458480742154
-0.024371345774543703
-0.024367639100009008
-0.024364055239395145
-0.0243608793593666
-0.024357724983550034
-0.024355010015594755
-0.02435252684548248
-0.024350295247879884
-0.024348288719485356
-0.02434650924237311
-0.02434494051779313
-0.024343544994192834
-0.02434241868230649
-0.024341572822754398
-0.02434090664165899
-0.02434055693378395
-0.024340432260984344
-0.024340602783624436
-0.0243411457916117
-0.024341984636392085
-0.024343210437588095
-0.024344400065023624
-0.02434582740344703
-0.02434736720383065
-0.02434939718124038
-0.024351738543824532
-0.024354348324857868
-0.024357117790835475
-0.024360132522924186
-0.024363497609559373
-0.024367140834786413
-0.024371058251746177
-0.0243752368420634
-0.024379724102575245
-0.024384540951700295
-0.024389680457850636
-0.02439510125125601
-0.02440071443061153
-0.02440669776254582
-0.024412998557338233
-0.024419631162184596
-0.024426563331513353
-0.024433795187694472
-0.024441342130893644
-0.024449210139969077
-0.024457416554941765
-0.02446595345848483
-0.024474878682712992
-0.024484167085555675
-0.02449378750775626
-0.024503715474991774
-0.02451397215385587
-0.024524585327711356
-0.024535445075349986
-0.024546690102826396
-0.024558353514904648
-0.024570345850613302
-0.024582721258233926
-0.024595355519550135
-0.024608268089439684
-0.024621545621415403
-0.024635158616817997
-0.024649145658501036
-0.024663461558451002
-0.024678161733245517
-0.024693200383656754
-0.024708575380409145
-0.02472427849938998
-0.02474029466502126
-0.024756678429843273
-0.02477340287234203
-0.02479038162023594
-0.024807806981934428
-0.024825570827158725
-0.02484355972626349
-0.024862097521969512
-0.024880791148828924
-0.024900047500737314
-0.02491957890755406
-0.024939460011482582
-0.02495971412771376
-0.02498027369775105
-0.025001203344079917
-0.025022437706881378
-0.025043870359825332
-0.02506564656281697
-0.02508767375981612
-0.025110004332375924
-0.02513260682152362
-0.025155522726118863
-0.025178735204997277
-0.02520235402041983
-0.02522615662038106
-0.02525040602727632
-0.025275019722969062
-0.025299967902318685
-0.025325231505018354
-0.025350633019583083
-0.02537653968409611
-0.02540267879872389
-0.025429182004165177
-0.025455929820392017
-0.025482942406244914
-0.02551038638362857
-0.025537968103612644
-0.025565872238488527
-0.02559413352198308
-0.02562283832400327
-0.025651956314816052
-0.025681391285743482
-0.025711179418741348
-0.02574124951410806
-0.025771802155376063
-0.025802583424282814
-0.02583365255447842
-0.025865054202531067
-0.02589679333057243
-0.025928831455128983
-0.025961140098937744
-0.025993885747178667
-0.02602699907772315
-0.026060460627057875
-0.02609428336948482
-0.026128385269924555
-0.026162859388722558
-0.02619767349203026
-0.026232924067871047
-0.026268804582104274
-0.026304888676811834
-0.02634144260715019
-0.02637822369930847
-0.026415521449732794
-0.026452960476683572
-0.02649094676427694
-0.02652929673205141
-0.026568040717526203
-0.026607160244353847
-0.026646674425066543
-0.026686575215022487
-0.026726829374657143
-0.0267675220554326
-0.0268086694622658
-0.026850164237048342
-0.026891889869137
-0.026934086502649914
-0.02697675555033234
-0.027019918615576472
-0.027063485864057983
-0.027107357935712523
-0.027151666586891967
-0.027196746176403216
-0.02724135504332629
-0.027285888707961
-0.027330731396626635
-0.02737556557810773
-0.027420720113516848
-0.02746621548909123
-0.02751206157212991
-0.027558634166746792
-0.02760534385464811
-0.027652469785506298
-0.02769980830143728
-0.027747448732845535
-0.027795518649064342
-0.027843947759720426
-0.02789270617864396
-0.027941853476211587
-0.027991338505621348
-0.028041251715731245
-0.028091637789397248
-0.02814231330539631
-0.028193360007388715
-0.028244782889314226
-0.028296541418449804
-0.028348797121609443
-0.028401357869943668
-0.028454392731911995
-0.02850780129814709
-0.028561578211884337
-0.02861575717572475
-0.02867064200070099
-0.02872574966795571
-0.02878113506727812
-0.028836889907978495
-0.02889324645888317
-0.02894997965808637
-0.02900703819348241
-0.02906445494330839
-0.029122276747940722
-0.02918062993213649
-0.02923933375800866
-0.029298555246326487
-0.02935814561081354
-0.029418366452975273
-0.029478809585033214
-0.029539735175160033
-0.029601043331797222
-0.02966279153673865
-0.02972493166923362
-0.029787580564117965
-0.029850728773192205
-0.029914174600455555
-0.029978275957907044
-0.03004274316781367
-0.03010772226121771
-0.030173079341464366
-0.030238925756651318
-0.03030518081176455
-0.030371873334045636
-0.030439294820652822
-0.03050700133363796
-0.030575089267948354
-0.030643706231530433
-0.030712731565765226
-0.030782281377379227
-0.030852180428041907
-0.030922490524474544
-0.03099326927799306
-0.031064570179087037
-0.03113631750717285
-0.03120852208032383
-0.03128120007028155
-0.03135437100693671
-0.03142798734502277
-0.03150224794860954
-0.031576867980612947
-0.03165197551054267
-0.03172759654443215
-0.031803734203988465
-0.031880665519551245
-0.031957730249451415
-0.03203546405749347
-0.03211359734376665
-0.03219219964379433
-0.03227146567449979
-0.032351218645974594
-0.03243149925472495
-0.03251232942757735
-0.03259368055468725
-0.03267571396298814
-0.03275790618992715
-0.03284063801680281
-0.03292424011833486
-0.03300824542752469
-0.03309290164017294
-0.03317825773461858
-0.03326409263626126
-0.03335035522256276
-0.033437306386749174
-0.033524875438381826
-0.03361288946552906
-0.03370128203881972
-0.03379057640524491
-0.033880320392945425
-0.033970711063891657
-0.03406167460539253
-0.03415323862834668
-0.03424539760590129
-0.03433819093045082
-0.034431268061169765
-0.0345252059027477
-0.03461955164571621
-0.034714922372568006
-0.03481045812303011
-0.03490648305220313
-0.035003226459435814
-0.035100478291347506
-0.035198361198742645
-0.03529684700906988
-0.035396144146443514
-0.035496052844800556
-0.03559704908677351
-0.035698400749094965
-0.03580074022237663
-0.035903830700151525
-0.03600743306870584
-0.036111780214134734
-0.03621686983235634
-0.036322756075750785
-0.0364292754145326
-0.036536420734702126
-0.03664430662144546
-0.0367527277388084
-0.03686197132333354
-0.03697195196280301
-0.03708267851628213
-0.03719450260012404
-0.03730662277456008
-0.03741972539878536
-0.037534151507866535
-0.03764939137901866
-0.03776484962086838
-0.03788090357536864
-0.03799784253498258
-0.03811599832837189
-0.038234793122838236
-0.03835636861973828
-0.038476655784781946
-0.038599878479214714
-0.03872375165199557
-0.03884696288839359
-0.038971208589144456
-0.0390973534398838
-0.039223515756001574
-0.03935052954029841
-0.039480031955327205
-0.03960895556607605
-0.03973846228270789
-0.03986886295224342
-0.040000681695974066
-0.04013496146348171
-0.04027008485289024
-0.04040582241648452
-0.040541985496822794
-0.04068023878104819
-0.040819368346798134
-0.04095968091449589
-0.041101036569431044
-0.04124276356045863
-0.04138623299554803
-0.041530879066732265
-0.04167658308982181
-0.041823017848475905
-0.04197086076807415
-0.042119925002445456
-0.04227011205251869
-0.042421475332980824
-0.042574066217536226
-0.04272780078000505
-0.042882806650471554
-0.04303905107860901
-0.043196484245351836
-0.04335508553947931
-0.04351497241781201
-0.04367619440048571
-0.04383882835483263
-0.04400274647046858
-0.04416810952809761
-0.04433482421026962
-0.044502796165023256
-0.044672242858787424
-0.04484306394217285
-0.04501533783655658
-0.0451890385984774
-0.04536421088210258
-0.04554085212377102
-0.04571900394681094
-0.045898656870894894
-0.04607981007794015
-0.04626252808749873
-0.046446775030556595
-0.046632596697021564
-0.04682008213408748
-0.047009209535171424
-0.04719996875699843
-0.04739246346709663
-0.04758664414839993
-0.04778253633239822
-0.047980165348935476
-0.04817960426745676
-0.04838082299100114
-0.048583869802713925
-0.048788729194729576
-0.048995388150654136
-0.04920394613324068
-0.04941438450051234
-0.049626733909494056
-0.049841045729273864
-0.050057316512335005
-0.05027561316455415
-0.050495946516658306
-0.050718374622048985
-0.05094284353908787
-0.051169417709802587
-0.05139807098588056
-0.05162884163928393
-0.051861820144814275
-0.05209699268277247
-0.05233437664871418
-0.05257400843946858
-0.05281591432671234
-0.05306010224785516
-0.05330666080544975
-0.053555699517071016
-0.05380713246395285
-0.054061007041260545
-0.05431734044614455
-0.05457615930861741
-0.05483746641184232
-0.055101308817617295
-0.05536773255644686
-0.05563670970704164
-0.05590829586243143
-0.05618249262493587
-0.05645930580646513
-0.056738821256424786
-0.05702103138616121
-0.05730598699308158
-0.05759367033084885
-0.0578841081263814
-0.058177372124168326
-0.05847347793228972
-0.058772430754571364
-0.059074278268510964
-0.05937895599624012
-0.059686702297823795
-0.05999735071802034
-0.06031107345149018
-0.06062789963520822
-0.060947916166829444
-0.061271162669975364
-0.06159771347191193
-0.06192767496169286
-0.062261088155699126
-0.06259802557625006
-0.06293856133179493
-0.06328283376031732
-0.0636309945420179
-0.06398313888496061
-0.0643394292212848
-0.06469995781396777
-0.065064853364901
-0.06543422586799774
-0.06580820704993204
-0.06618693298649175
-0.06657048253509248
-0.06695900986717157
-0.06735261937562516
-0.06775141503634177
-0.06815553346318699
-0.06856494935907323
-0.06897988486319619
-0.06940054457259041
-0.06982705827207197
-0.0702595695870252
-0.07069825570081208
-0.07114325157417971
-0.07159469560623304
-0.07205279597376124
-0.07251770084716404
-0.07298956772098598
-0.07346857671547379
-0.07395483562359356
-0.07444864328667619
-0.0749499869741809
-0.07545931327602852
-0.07597661692697726
-0.07650218833884301
-0.07703624663785955
-0.07757898286174425
-0.07813056463204231
-0.07869119674516292
-0.07926114689934095
-0.07984073688046019
-0.08043016557432789
-0.08102965278687208
-0.08163946295022036
-0.08225988333092871
-0.08289111305144137
-0.08353341364166753
-0.08418712829347026
-0.08485244403520818
-0.08552969746876714
-0.0862191972542071
-0.08692128444733091
-0.08763625683902707
-0.08836454404397633
-0.08910644997666711
-0.08986242427492268
-0.09063279959103836
-0.09141799269617433
-0.09221852720614285
-0.0930347872505802
-0.09386862621757518
-0.09471892682638738
-0.09558646315313933
-0.09647177821695366
-0.09737541559543798
-0.09829798256497643
-0.09924012166391737
-0.10020247977786478
-0.10118577498938575
-0.1021907343354659
-0.10321809824405338
-0.10426866712820602
-0.10534326658870322
-0.10644265099327067
-0.10756776579121369
-0.10871951392207957
-0.1098988400435497
-0.11110675378743871
-0.11234428465974337
-0.11361256286472177
-0.11491274642062282
-0.11624603038544218
-0.11761368916411011
-0.11901704268087676
-0.12045745940602673
-0.12193639807819172
-0.1234554057985514
-0.12501610592818607
-0.12662022981863008
-0.12826957212302048
-0.12996605932717425
-0.13171172708186535
-0.1335087063816623
-0.1353592708710965
-0.1372658400923815
-0.13923094746652245
-0.1412572965873554
-0.14334775174533418
-0.14550538082047834
-0.14773331377978494
-0.15003507748196243
-0.15241430577879506
-0.1548748713308174
-0.15742088589414874
-0.160056992351302
-0.16278757079945808
-0.16561759007389676
-0.1685523385151288
-0.17159745943737592
-0.17475897505550603
-0.17804329889856332
-0.1814572990648235
-0.18500831282916647
-0.1887041888194631
-0.19255333360136212
-0.19656475774422336
-0.2007481220086873
-0.20511379481835368
-0.209672912097393
-0.21443744086799812
-0.21942025263239034
-0.2246352030560398
-0.23009721726273138
-0.23582239800038038
-0.24182809922710374
-0.24813307896970993
-0.25475761605077024
-0.26172364679209276
-0.2690549417216262
-0.27677727019553167
-0.2849186126889317
-0.29350937129341825
-0.30258260480239607
-0.3121759348870195
-0.3223272398770866
-0.3330793082761521
-0.3444789357090065
-0.35657732931185565
-0.36943059384441357
-0.38310027813618697
-0.3976539908875332
-0.41316610185403796
-0.42972140505689893
-0.44740757441020607
-0.46632446376906944
-0.48658265180785343
