-0.5047270162791654
-0.48339362871160263
-0.4634223543247851
-0.4447053215104921
-0.4271447049771276
-0.4106516507982831
-0.3951453264550454
-0.3805520923040409
-0.36680476444624005
-0.35384196406070395
-0.34160754284138484
-0.33005007146256476
-0.31912238307911145
-0.3087811714472987
-0.29898662770219614
-0.28970211774283283
-0.28089389105030327
-0.2725308236338688
-0.26458418374268255
-0.2570274218672019
-0.24983597501881893
-0.24298711507291837
-0.2364597739731524
-0.23023441349387505
-0.22429289896524335
-0.21861838052991128
-0.21319519467857406
-0.20800876284104927
-0.20304551163240872
-0.19829279574260836
-0.19373881909801136
-0.18937257310620664
-0.18518377671936082
-0.1811628212136644
-0.17730072065608854
-0.1735890646017454
-0.17001997696995913
-0.1665860765517358
-0.16328044289531526
-0.16009658250667957
-0.15702839805865
-0.15407016237573487
-0.151216490673883
-0.1484623208136156
-0.1458029193678732
-0.14323376707089316
-0.14075063269683713
-0.13834953145012238
-0.13602670322332303
-0.1337785983384536
-0.13160186351603403
-0.1294933344713905
-0.1274500162700113
-0.1254690752630611
-0.12354783536073041
-0.12168375812962817
-0.11987443832734927
-0.11811759597112045
-0.11641106871673886
-0.11475281124815898
-0.11314087278206025
-0.11157340946093965
-0.11004866067003707
-0.1085649529181145
-0.10712070279301975
-0.1057143969686751
-0.10434460183939914
-0.10300994918179708
-0.10170912179528084
-0.10044088467615447
-0.09920405339148909
-0.09799749138188028
-0.09682011383090915
-0.09567089095768969
-0.09454883691838961
-0.09345309015310707
-0.09238267642859385
-0.09133666047443038
-0.09031427182386764
-0.08931476555026112
-0.0883374033333426
-0.08738143932780193
-0.08644617499993607
-0.08553096912424449
-0.08463518790954473
-0.083758216558496
-0.08289926150959744
-0.08205795639703364
-0.08123375564686139
-0.0804261803950786
-0.07963479583247618
-0.07885905735230703
-0.07809850924103726
-0.07735271559245403
-0.07662120054159288
-0.07590359013200901
-0.07519947633719304
-0.07450848693047885
-0.07383024284549801
-0.0731644026594447
-0.07251063365154327
-0.07186860711693464
-0.07123797621535755
-0.07061846393966408
-0.07000976627633418
-0.06941160314178525
-0.06882369645365552
-0.06824576409399623
-0.06767757189852057
-0.06711884674168324
-0.06656935176484932
-0.06602887222812788
-0.06549717565215103
-0.06497402656935729
-0.06445923823243371
-0.06395256605383538
-0.06345394002752104
-0.06296301881697063
-0.06247965288998706
-0.06200368715837522
-0.06153496369306692
-0.061073301466223424
-0.0606185427980539
-0.06017051466605743
-0.05972907542227466
-0.059294056053767225
-0.05886533297120079
-0.05844276703046782
-0.058026246228082584
-0.05761559073976466
-0.05721071142934334
-0.056811502307973535
-0.05641779950114254
-0.056029594902153056
-0.05564675901496397
-0.05526913657086641
-0.054896577371825774
-0.05452907566776408
-0.05416639492507105
-0.053808485441008476
-0.05345523843593902
-0.05310660318993015
-0.05276246215914812
-0.05242277254305936
-0.052087395582299696
-0.05175624832699784
-0.05142922262455651
-0.051106251213249895
-0.05078724102124835
-0.05047213565018277
-0.05016083970688044
-0.04985332575301749
-0.049549573007598796
-0.049249466694700365
-0.04895297082788742
-0.04866004110179833
-0.048370435760866616
-0.048083961701029417
-0.047800563359313625
-0.047520324307459755
-0.0472429936441425
-0.04696885155938429
-0.046697967365757126
-0.04643066904339881
-0.046166866520670896
-0.04590616158125189
-0.04564859554692418
-0.04539383627610954
-0.045141899920674924
-0.04489294573653581
-0.0446467116664639
-0.044403230182490164
-0.04416242181937773
-0.0439243127807856
-0.04368891860026561
-0.043456011418886435
-0.0432256434971513
-0.04299777564376552
-0.04277233936178253
-0.0425494489131283
-0.04232885790127051
-0.042110541571398305
-0.04189464011551406
-0.04168100223508264
-0.041469727006886656
-0.04126075904309938
-0.041053928639952886
-0.04084932302836161
-0.04064677980583589
-0.04044646965936469
-0.040248291934904645
-0.04005217210253047
-0.039858068487362036
-0.039666187718298586
-0.03947616261415234
-0.03928809008529136
-0.03910194814823144
-0.03891767622646003
-0.038735330551571766
-0.0385547449314349
-0.03837599999459862
-0.038199030412838814
-0.038023777480176005
-0.03785036228666183
-0.037678449637724785
-0.03750834428639216
-0.03733989618197622
-0.03717302065009492
-0.03700798036572304
-0.03684442761442394
-0.036682418410733136
-0.03652196961484298
-0.036363180553529904
-0.036205918355906974
-0.03605024613949949
-0.03589595097412563
-0.03574331798561465
-0.03559175149717738
-0.035441910204395494
-0.03529351667896912
-0.035146558427065946
-0.03500096546011926
-0.034856706024989116
-0.03471319552340232
-0.03457145455651336
-0.03443116856298046
-0.034292454666591116
-0.03415432568258615
-0.034017700947367654
-0.033882404931284055
-0.03374838290335957
-0.03361606820638868
-0.03348441728747298
-0.03335406357392666
-0.03322514256206179
-0.03309741291565568
-0.0329710331191842
-0.03284593437120253
-0.032722057684648156
-0.03259897203174671
-0.03247723886248085
-0.032356892428136524
-0.032237880699228096
-0.03212015341826467
-0.03200331671358996
-0.03188774349482029
-0.03177339503671804
-0.03166064395288632
-0.03154895156311817
-0.03143837796794193
-0.03132923078287565
-0.03122126495961764
-0.031114686037480497
-0.031009375577379383
-0.030905485811325965
-0.030802964862340815
-0.030701844695488305
-0.030602033514887366
-0.030503273925693776
-0.030395603380543985
-0.03029942993120223
-0.03020451001034419
-0.030099996150851828
-0.030007649068517914
-0.0299168504539632
-0.029827556603506396
-0.029739752312868902
-0.0296530537838982
-0.029556548986905136
-0.02946109805322523
-0.02936652415144539
-0.02927289985509974
-0.029180050245363902
-0.02908815875562164
-0.028997350023186687
-0.028907697948562554
-0.02881832863380231
-0.02872969452836752
-0.02864198182130411
-0.028555009556791626
-0.028468892014401895
-0.028383525481746972
-0.02829904235365635
-0.028215475443895577
-0.028132391517610152
-0.02805000839936129
-0.027968479953337774
-0.027887528799703833
-0.027807540919175838
-0.0277281493266977
-0.027649336397465103
-0.02757112320320457
-0.027493452578141234
-0.027416308356515876
-0.02733972769738386
-0.0272637351409578
-0.02718831302566265
-0.027113377283124546
-0.0270393678417948
-0.026965984069036365
-0.026893217483018535
-0.026821092287688364
-0.026749434632595874
-0.026678068079282802
-0.02660723851187181
-0.026537021398512738
-0.026467489566176512
-0.02639912470361842
-0.026331567512230807
-0.026264856379046346
-0.0261986745026672
-0.02613304385076942
-0.026067979545587407
-0.02600354094020574
-0.025939366236680535
-0.025875756663234776
-0.025812548641769417
-0.025749713322713124
-0.02568747453285709
-0.02562584797185543
-0.0255643983451638
-0.025503398211161907
-0.025443171801772742
-0.025383150803609308
-0.025323685733323963
-0.025270610336340656
-0.025214314478718084
-0.02515775249664805
-0.025101058282295283
-0.025044978511955397
-0.024989246752844543
-0.02493438190847159
-0.024880254342869116
-0.024826730134857367
-0.024773888604966925
-0.024721494108218823
-0.02466939067431199
-0.024617426806130525
-0.02456610666069964
-0.024515225447705423
-0.024464936975451886
-0.02441504509935862
-0.02436570732168671
-0.024316766277573846
-0.024268379721623688
-0.02422030582296076
-0.024172505651439708
-0.02412542048990318
-0.024078736697662244
-0.024032396740260243
-0.023986577281311854
-0.023941007192072913
-0.023895878934712046
-0.023851389600116766
-0.023807290849875363
-0.023763503731160516
-0.023720091543876217
-0.023677304062872793
-0.023634729636131765
-0.023592591273931908
-0.02355074728340827
-0.023509609862180945
-0.023468760023883345
-0.023428198814515567
-0.02338808007035572
-0.02334831373392625
-0.023309095573825264
-0.023270280244997364
-0.023231820483640354
-0.02319399557194767
-0.02315639110942189
-0.02311927162505771
-0.023082510254694086
-0.02304619159939394
-0.02301022308493669
-0.022974644108044992
-0.022939529655025576
-0.022904773258253474
-0.02287031840971729
-0.0228364865717246
-0.02280301974143016
-0.02276986676453142
-0.02273733360843732
-0.02270532891062509
-0.02267386006546124
-0.022642446279422936
-0.022611522545352182
-0.02258083042837095
-0.022550484766689135
-0.022520649016149648
-0.02249114491642426
-0.022462139885073618
-0.022433525110995802
-0.022405078439117522
-0.02237710246071035
-0.02234939023853526
-0.022322091661638867
-0.022295431518118802
-0.02226910520245553
-0.02224296699018177
-0.022217127946809644
-0.02219140798824639
-0.022166156107710718
-0.02214121143488429
-0.02211655260265641
-0.022092289417246783
-0.02206806618679398
-0.022044126803180523
-0.0220200844203283
-0.021996127012990207
-0.021972515017592783
-0.021949198955939553
-0.021926087778517976
-0.021903339788066096
-0.021880797278863637
-0.021858495179119548
-0.02183658561798285
-0.021815061477018477
-0.021794051209784955
-0.021773078830040572
-0.021752089881753815
-0.021731928480886894
-0.021712205495487476
-0.021692597418076363
-0.0216733337118183
-0.02165387171747498
-0.02163513773450648
-0.021616895595853627
-0.021599045197008476
-0.021581147870554155
-0.021564014871733317
-0.021547448743445986
-0.021530943789207165
-0.021514775997759614
-0.02149891037903996
-0.02148392964161952
-0.021468693892625297
-0.021453592181977333
-0.0214390928573197
-0.02142487666235423
-0.021410908781138653
-0.02139728848988921
-0.0213841408168361
-0.02137130355096189
-0.021358893420671245
-0.021346928297752494
-0.021335252320177755
-0.021323847063549967
-0.021312634541087793
-0.02130189786424671
-0.021291420358059397
-0.021281458755503822
-0.02127191007692516
-0.021262590062737854
-0.021253314261690297
-0.02124408272709523
-0.021235264381883976
-0.02122693449501162
-0.02121898790165846
-0.021211310602158254
-0.02120395778514542
-0.02119673405405747
-0.021190020969599172
-0.02118359629168172
-0.02117743132374114
-0.02117174743145368
-0.021166183820810095
-0.02116128103529568
-0.021156419051194166
-0.021151804978754046
-0.021147525291463996
-0.0211436339312409
-0.02113989004562037
-0.021136424041824496
-0.021133226921291142
-0.02113026665700989
-0.021127662074780063
-0.02112511275317775
-0.021122880535876867
-0.021121107979495603
-0.021119384034645635
-0.021118009322732247
-0.021116856699202338
-0.02111586991562415
-0.02111523422906319
-0.02111461305685482
-0.021114384505179173
-0.021114403554896372
-0.021114681161351727
-0.021115260292619772
-0.02111596135702436
-0.02111672661382509
-0.021117941129267542
-0.021119365625836696
-0.021121025042449157
-0.021122966000995207
-0.021124852714916924
-0.021127109426006364
-0.021129187090418246
-0.021131817174125343
-0.02113475560345513
-0.021137646854022606
-0.021141013264920384
-0.02114434579849504
-0.021148226020619807
-0.021152150344867192
-0.021155976429267035
-0.021159981207167663
-0.02116431190551408
-0.02116921492160176
-0.02117414402815937
-0.021179522020719644
-0.02118511568849759
-0.021190895963409475
-0.021196621183627567
-0.021202520563761516
-0.02120865160486419
-0.021214870933683697
-0.02122114264286379
-0.02122780517299023
-0.02123450733954956
-0.021241149063159055
-0.021247615784813025
-0.021254340894879032
-0.021260898185357695
-0.021267386506676617
-0.02127380748280387
-0.021280647617959374
-0.02128751433124593
-0.02129430094215158
-0.02130141537158403
-0.02130853462489366
-0.02131589114763054
-0.02132342942490692
-0.021330845578586347
-0.021338517999662736
-0.021346662312346762
-0.021355182746174813
-0.02136370392443177
-0.021372590610157532
-0.021381801696128567
-0.02139125699264758
-0.021400917647897283
-0.021410937571601354
-0.02142115720153279
-0.021431743738517455
-0.0214427515543724
-0.021454075025268634
-0.02146577795366933
-0.02147763327895212
-0.021490058091110546
-0.021502796768114948
-0.02151594295203716
-0.0215294683450564
-0.021543481031496274
-0.021557820765157613
-0.02157248695209422
-0.021587637058650265
-0.021603275164432112
-0.02161930117212995
-0.021635741654044163
-0.02165259636306713
-0.021669958627726332
-0.021687662167204816
-0.02170575136800787
-0.021724088371367363
-0.021742860922773888
-0.021762024662937245
-0.02178162109032296
-0.021801545293630053
-0.021821820565379194
-0.021842591588844863
-0.021863581914127933
-0.021884959174392066
-0.02190668179953751
-0.021928857924850647
-0.021951332806470686
-0.02197396063211509
-0.021996907634092563
-0.022020131971880207
-0.022043439158722162
-0.022066971537033846
-0.02209092290687452
-0.02211523308351908
-0.02213991639203872
-0.022164830005906827
-0.02219002368717195
-0.02221563325734078
-0.022241423880256437
-0.022267627391107606
-0.02229365524636526
-0.022320369773325015
-0.02234725720885049
-0.022374619412528624
-0.022402378622025137
-0.022430384626629003
-0.022458578527977502
-0.022487465212900376
-0.02251664112240095
-0.022546045651423166
-0.0225759065973866
-0.022605937045836785
-0.022636238901902334
-0.022667186404724836
-0.022698277745395297
-0.022729756613836485
-0.022761619384331355
-0.022793667188331136
-0.022825803478514393
-0.022858174174910536
-0.022890805537628855
-0.022924001276479224
-0.022957533250142492
-0.022991317278107173
-0.023025526770858895
-0.02305985579829535
-0.02309474881838192
-0.023129819290934266
-0.023165400576520733
-0.02320130612965815
-0.02323738328968254
-0.023273987168023817
-0.02331090989350708
-0.023348206548437063
-0.0233858804836289
-0.023423845149360023
-0.023462488693471235
-0.023501271358553254
-0.023540531173908513
-0.023580352286355147
-0.023620657272999748
-0.02366140792900319
-0.023702488542549534
-0.02374405867013337
-0.023785762937184245
-0.02382820080316063
-0.023871060896860294
-0.02391420141539534
-0.0239574365999452
-0.024001369815339693
-0.024045748717459244
-0.02409043119850574
-0.024135653130894795
-0.02418141329156479
-0.024227653863867805
-0.024274415431999777
-0.024321712376274295
-0.02436935105784767
-0.024417624825762207
-0.024466354485773497
-0.02451548648412039
-0.02456501210832671
-0.024615200099307167
-0.02466584559210602
-0.024716974831742382
-0.024768662128124043
-0.02482074770466603
-0.02487323502430158
-0.024926250812016992
-0.024979750567191095
-0.02503368745576845
-0.025088051719812904
-0.025142989259074235
-0.02519843236357235
-0.025254348855002856
-0.025310726635534582
-0.025367602447687338
-0.025424976077770226
-0.02548282912356358
-0.0255411918517675
-0.025600039219788446
-0.025659398084661587
-0.025719273523769324
-0.025779676945277406
-0.025840610637489242
-0.025902060337164447
-0.025964015917604152
-0.02602650034167769
-0.02608952450830381
-0.02615308603188439
-0.026217196307125858
-0.026281853522519747
-0.026347069818871537
-0.026412848084411755
-0.02647917503989019
-0.0265460679949831
-0.02661352774290736
-0.026681594218242673
-0.026750237036240177
-0.026819431522834596
-0.02688923623023746
-0.02695964077166539
-0.02703069043811381
-0.02710234547631684
-0.02717456530656617
-0.027247430107354958
-0.02732084889868138
-0.027394819664269036
-0.027469586968822745
-0.027544873821583424
-0.027620937856044244
-0.027697655387396766
-0.027774898309352397
-0.027852941882843436
-0.02793155771498743
-0.028010831810031826
-0.028090783060819576
-0.02817143289578662
-0.028252738531666162
-0.02833474797529907
-0.028417437643956368
-0.028500846523364237
-0.028584971232040728
-0.028669810925668567
-0.02875536948049704
-0.028841649987938006
-0.028928663988665344
-0.029016431972003376
-0.029104916427369405
-0.029194179240073878
-0.029284204741965223
-0.02937499665964057
-0.02946658693748546
-0.029558976029804188
-0.02965210364672217
-0.029746014433359887
-0.029840705238844658
-0.029936187402655346
-0.03003245796681997
-0.030129661554672456
-0.030227531884061087
-0.030326247728923037
-0.030425810503809433
-0.030526222159654465
-0.030627495468978774
-0.030729652067907766
-0.03083265283576556
-0.03093660014582101
-0.031041467348852554
-0.031147103708318635
-0.031253649952716116
-0.031361115795979534
-0.031469513493911666
-0.031578848086345555
-0.03168912960833303
-0.031800363407765625
-0.031912589611058306
-0.032025784005111135
-0.03213995027309563
-0.032255135625151754
-0.03237132600699877
-0.0324885350798353
-0.03260679308387138
-0.03272607713155032
-0.03284640129645657
-0.03296780036004942
-0.03309024201199773
-0.0332137548607687
-0.03333834330052848
-0.033463993333385955
-0.03359072241094616
-0.03371856208935998
-0.03384745889542339
-0.03397746245027764
-0.03410856138969556
-0.0342407805091892
-0.03437411832345274
-0.03450872799073115
-0.03464437510379317
-0.03478127394209115
-0.03491916221111923
-0.03505831012542821
-0.0351986475861945
-0.03534017805181809
-0.035482951495622694
-0.03562706370971202
-0.03577241050627588
-0.03591905040340319
-0.036066828181944684
-0.036215879779700845
-0.03636632560129094
-0.03651806088338783
-0.03667112316597588
-0.03682563978839671
-0.03698123417195116
-0.03713821637340523
-0.03729662074355341
-0.0374565684280528
-0.03761790273198105
-0.03778063726194304
-0.037944754466433465
-0.03811017223704983
-0.03827726621601773
-0.03844575583343516
-0.038615600367589036
-0.038786939055995645
-0.03895958227845474
-0.039133760787600745
-0.03930960264976737
-0.039486695433349504
-0.039665386513203095
-0.039845699989559294
-0.0400277044441076
-0.04021117235077739
-0.040396210071693105
-0.04058283833337542
-0.040771180140431997
-0.04096499268758565
-0.041161542403209114
-0.041360066734278084
-0.041560541939840885
-0.04176290194153235
-0.04196230142897832
-0.042168210960833515
-0.04237607668265913
-0.04258591088562525
-0.042797728740313394
-0.0430116622900684
-0.0432276805214783
-0.04344582727287944
-0.043666128282722365
-0.04388861106103486
-0.044113341172356595
-0.044340339141916985
-0.04456964825325871
-0.04480129057987393
-0.0450353117524195
-0.045271743668552196
-0.045510654030669014
-0.045752079094941285
-0.04599608898431717
-0.0462426614580295
-0.04649183607370936
-0.046743733942492094
-0.046998298710500416
-0.04725561226207072
-0.04751571760625955
-0.04777865428552579
-0.048044474704885015
-0.04831324452328965
-0.04858502762040352
-0.04885982833180249
-0.0491376987524182
-0.0494186984080929
-0.04970290965602205
-0.049990370838654014
-0.050281215751497466
-0.05057545274066132
-0.05087315183246562
-0.051174378109187145
-0.051479176832570334
-0.05178764573295854
-0.052099837030477984
-0.05241582152665375
-0.052735679115719906
-0.0530594786125118
-0.053387269640383116
-0.05371915449350071
-0.054055208662614734
-0.05439551986638784
-0.054740155536194726
-0.05508919927010194
-0.05544274334828372
-0.05580089229198686
-0.0561635061516929
-0.05653077173340703
-0.05690291776996584
-0.05728003304893302
-0.057662276510128806
-0.05804971935700585
-0.058442482877645766
-0.05884069721493336
-0.05924443419843576
-0.0596538014929438
-0.06006895984628477
-0.0604900249364421
-0.06091714961520166
-0.061350470908596806
-0.06179012690074399
-0.062236256878169756
-0.06268901398560277
-0.06314857899721019
-0.06361508319432728
-0.06408867429921629
-0.06456958941715812
-0.0650578943126919
-0.06555383262925166
-0.06605762639287446
-0.06656940680813854
-0.06708939714572532
-0.06761780898719866
-0.06815487335669923
-0.06870081030609738
-0.06925586001589569
-0.0698201211638615
-0.07039383002191449
-0.07097726088621775
-0.07157070102482523
-0.07217444265212364
-0.07278876017258375
-0.07341394987447844
-0.07405030564667954
-0.0746981429532604
-0.07535779295811067
-0.07602958749040796
-0.07671386607915442
-0.0774110112942256
-0.07812137231780503
-0.07884534362127672
-0.0795833278653422
-0.08033575589457315
-0.08110307598337868
-0.08188572854410753
-0.08268418206863105
-0.08349892845952023
-0.08433047944198233
-0.08517935000248338
-0.0860461070751761
-0.08693134376986765
-0.0878356491717914
-0.08875964012523956
-0.08970397782569225
-0.09066935677273052
-0.09165648055362197
-0.09266611639153197
-0.09369903137814327
-0.0947560403280145
-0.09583800865193838
-0.09694582225466457
-0.09808041822621572
-0.09924278268684043
-0.1004339447923196
-0.10165499424245061
-0.10290704947798182
-0.1041912953722676
-0.10550897367246852
-0.10686155319278393
-0.10825031303857909
-0.10967661023424898
-0.11114196774487162
-0.11264798904950715
-0.11419636180241376
-0.1157888661559258
-0.11742737701191308
-0.11911387110781858
-0.12085043150877131
-0.1226392587375143
-0.12448267348535984
-0.12638313367021997
-0.12834323562198008
-0.1303657273651419
-0.13245351417910947
-0.13460967743393565
-0.13683747787351
-0.1391403744630348
-0.14152203651308573
-0.14398635900907591
-0.1465374771600389
-0.14917978570589663
-0.1519179578625959
-0.15475697276235256
-0.157702120877843
-0.16075903859439752
-0.16393373477085832
-0.1672326167056997
-0.1706625256657056
-0.1742307638864069
-0.17794513588606173
-0.18181398427731396
-0.18584623190197752
-0.19005144367266658
-0.19443986489726656
-0.1990224808102215
-0.20381107954506092
-0.20881831525165342
-0.21405778837640824
-0.219544126095334
-0.2252930709659882
-0.23132157793175315
-0.2376479219497461
-0.2442918231795024
-0.25127457324675007
-0.2586191838821811
-0.2663502731896878
-0.2744949190122314
-0.2830823788747715
-0.29214433564119036
-0.3017151263577359
-0.3118321832255272
-0.32253624129520314
-0.33387168482508034
-0.3458869319645726
-0.35863503234160643
-0.37217374087197436
-0.3865664313190294
-0.4018825927473022
-0.4181985394193198
-0.43559820427303436
-0.4541740417751829
-0.47402805737917236
-0.4952729837208346
