-0.5024011713538392
-0.48097097987363957
-0.4609184684438425
-0.44213583222826125
-0.424525190165849
-0.4079975281603378
-0.39247176863991
-0.3778739537132144
-0.36413653054335465
-0.3511976944389343
-0.3390008336831529
-0.32749402640387787
-0.31662966411675153
-0.3063639128080985
-0.2966564596468081
-0.2874701688492549
-0.27877079607303434
-0.27052673063084137
-0.2627087670837513
-0.2552898990264733
-0.2482451269199294
-0.24155129192383917
-0.23518692418437318
-0.2291321017436186
-0.22336832830605935
-0.21787840801409575
-0.21264635189215905
-0.20765728093407576
-0.2028973363669151
-0.19835360452751669
-0.19401404935418956
-0.18986742318048028
-0.18590323264429445
-0.18211167424245175
-0.17848359159948243
-0.17501050872925308
-0.17168441375423021
-0.1684978221993495
-0.1654437074508168
-0.16251548679104483
-0.1597069719196681
-0.1570123737546701
-0.15442623025918817
-0.1519434368335325
-0.1495591902808367
-0.14726895140819415
-0.14506844107168876
-0.14295367424045682
-0.14092085806289895
-0.13896639003616135
-0.13708692284476753
-0.13527930669383684
-0.1335405732315707
-0.13186793049001366
-0.13025872922224632
-0.12871052877430758
-0.12722096761015217
-0.12578770959235133
-0.12440877627751194
-0.12308221004332943
-0.12180615177198442
-0.12057881622872327
-0.11939856600310625
-0.11826381091061196
-0.11717310821958109
-0.11612507976808531
-0.11511821883128029
-0.11415126436780126
-0.113223052971103
-0.1123324641772221
-0.11147841924680224
-0.11065994232436657
-0.1098759782577139
-0.1091258167430423
-0.10840857082116477
-0.10772347920551069
-0.10706966214829736
-0.1064464556249776
-0.10585315860121557
-0.10528920775739783
-0.10475397023579855
-0.10424685659824699
-0.1037674392312143
-0.10331512842392761
-0.10288952480305498
-0.10249027237661187
-0.10211690944350336
-0.10176910798303634
-0.10144649690021466
-0.10114885886241946
-0.10087584891136818
-0.1006272020829738
-0.10040277146821704
-0.10020229989994582
-0.10002559181124866
-0.09987255386361743
-0.09974307758661274
-0.09963692184660314
-0.09955409276986699
-0.09949453458304448
-0.09945822854203713
-0.09944514465853915
-0.09945528197761676
-0.09948868718885388
-0.09954545210418748
-0.09962562926629816
-0.0997292851953227
-0.09985656758373868
-0.10000765400969269
-0.1001826912715204
-0.10038185355602519
-0.1006053834495429
-0.10085357034520688
-0.10112667559698742
-0.10142492918007989
-0.10174870938449176
-0.10209819086012115
-0.1024739402837771
-0.10287634351865693
-0.10330585254776233
-0.10376295086295509
-0.10424814337167147
-0.10476208506383049
-0.10530547369207637
-0.10587873336223569
-0.10648254170805106
-0.10711759355201968
-0.10778466451105184
-0.1084845096938771
-0.10921799060272047
-0.10998599551115565
-0.11078947640264329
-0.11162942354557426
-0.11250689662308584
-0.11342301812592001
-0.11437894389763058
-0.11537592194030673
-0.11641529419351543
-0.11749845674053556
-0.11862689567282156
-0.11980219739717403
-0.12102600822215716
-0.12230002730632102
-0.12362616792054318
-0.1250064345715388
-0.1264428512720109
-0.12793763762791452
-0.12949308751905225
-0.13111162217007274
-0.13279601380891018
-0.13454899911564616
-0.13637348887582396
-0.13827262948738295
-0.1402497323740408
-0.14230831365437335
-0.14445207067720744
-0.14668497620116885
-0.14901124971548327
-0.15143537707105295
-0.15396210130141574
-0.15659650692064903
-0.15934403474898592
-0.16221047247597398
-0.16520197492157426
-0.16832513596870938
-0.17158696263335582
-0.17499497580559864
-0.17855717771946186
-0.18228215938564787
-0.18617911112305705
-0.19025787079045042
-0.19452898152755502
-0.19900374067335103
-0.20369426283360084
-0.20861355873414938
-0.21377560829549064
-0.21919541669290687
-0.22488913359051396
-0.2308741354603675
-0.2371691381385267
-0.2437943066802244
-0.2507714646131542
-0.2581240349777396
-0.26587738640851605
-0.2740589491830868
-0.28269840373798155
-0.29182789447807367
-0.3014821713932832
-0.3116990886179528
-0.32251969748477965
-0.3339886296494988
-0.34615446123113797
-0.3590701212193569
-0.37279335002852365
-0.3873872135638569
-0.4029206807582006
-0.41946926070366686
-0.4371157734961859
-0.45595116360627075
-0.4760754545897931
-0.4975988286461608
