-0.496330708169303
-0.3962082133285821
-0.31978934029515593
-0.26134958700039057
-0.21655563460300706
-0.18212586508769932
-0.15557405304080332
-0.13501576081285527
-0.1190220354342505
-0.10650880675939531
-0.09665322798538573
-0.08883039479746166
-0.0825654386987599
-0.07749726019252935
-0.07335106216484097
-0.06991753802366059
-0.06703710071012017
-0.06458792705961286
-0.06247689034753493
-0.06063268203351345
-0.059000593026450096
-0.05753855038787266
-0.05621410978342361
-0.05500217173021003
-0.05388324006429812
-0.0528421068372974
-0.051866836702122936
-0.05094802725270538
-0.05007819498463294
-0.049251351113976605
-0.04846265957557737
-0.04770817124561428
-0.046984643565560376
-0.046289367225370165
-0.04562006331470048
-0.044974790990817075
-0.04435187854519807
-0.04374987033564273
-0.04316748634284248
-0.0426035888294097
-0.04205715817407451
-0.04152727401347953
-0.04101309625768973
-0.04051385839121554
-0.040028854749813436
-0.039557429056444944
-0.039098973332274106
-0.0386529203681866
-0.03821873944231062
-0.03779593279906014
-0.037384032298564324
-0.03698259728140316
-0.03659121181495552
-0.036209482638261924
-0.03583703765258896
-0.03547352456782756
-0.03511860902317012
-0.03477197354379812
-0.03443331651301192
-0.03410235123457287
-0.03377880455869129
-0.03346241674705161
-0.03315293996648101
-0.032850137761588565
-0.03255378490176878
-0.032263665981746924
-0.03197957570181757
-0.031701318384231035
-0.031428705390051735
-0.031161557187474657
-0.03089970170174076
-0.030642974188397776
-0.030391216805358372
-0.03014427851868811
-0.029902013401481842
-0.029664288822476875
-0.0294309701806485
-0.029201916439377935
-0.028977011900881047
-0.028756139925500097
-0.028539193188999154
-0.028326054275118667
-0.02811661844226562
-0.02791078039778253
-0.02770844975313242
-0.027509539242035346
-0.027313927881182302
-0.027121550242579066
-0.026932325776905394
-0.026746161030554955
-0.026563026969760654
-0.026382805580526168
-0.026205422399247814
-0.02603081803025593
-0.025858891614004505
-0.0256896005830665
-0.025522889495293702
-0.025358707210360876
-0.025196993883207498
-0.025037667534362047
-0.024880680194611322
-0.024725997652230828
-0.02457355079240679
-0.024423292380360635
-0.02427517371409439
-0.024129149250782467
-0.023985171757151844
-0.02384319703640711
-0.02370318988734197
-0.02356510196615315
-0.023428895435949882
-0.02329453361480961
-0.023161974727818356
-0.023031190683410894
-0.022902142369052542
-0.022774789735172742
-0.022649114241871045
-0.02252507451041553
-0.022402639909071247
-0.02228178251906825
-0.022162476154001392
-0.02204469204666606
-0.021928404575871252
-0.02181358609115985
-0.0217002119486098
-0.02158825837128241
-0.021477702401848528
-0.0213685193785485
-0.021260689718634897
-0.021154189906374278
-0.02104900238827179
-0.02094510469877807
-0.020842479257033125
-0.02074110933624377
-0.020640974976721228
-0.020542054124845513
-0.02044432563313493
-0.02034778084213963
-0.02025239559848068
-0.020158154573851936
-0.0200650473125264
-0.019973054538110935
-0.0198821620126595
-0.019792351154611667
-0.01970361185491075
-0.01961592370122195
-0.019529272995824888
-0.01944364455338309
-0.01935902466029454
-0.019275400569594644
-0.019192760826740936
-0.01911108645413172
-0.01903037008951179
-0.01895059651086179
-0.018871753489732416
-0.018793826966603918
-0.01871679552217282
-0.018640641313042498
-0.018565353626954485
-0.01849092101705458
-0.018417322715943374
-0.018344554598155684
-0.018272608912791064
-0.018201465056008267
-0.018131095465707132
-0.01806146231861939
-0.01799256249167986
-0.01792436596618925
-0.017856863393127368
-0.017790054378984527
-0.01772391605492929
-0.017658441763723484
-0.017593615944581444
-0.017529435564166553
-0.017465891499685665
-0.01740296600328218
-0.017340656047761884
-0.017278955953835298
-0.017217863281351456
-0.017157364961466002
-0.01709743171503711
-0.017038048970432162
-0.01697921418628805
-0.016920899946143837
-0.016863101737469775
-0.01680582093125139
-0.01674902227496315
-0.016692714878571713
-0.016636872878243673
-0.016581486557361903
-0.016526540970118644
-0.016472040095247296
-0.016417962304729194
-0.01636429809227196
-0.01631102944106503
-0.01625816781159633
-0.016205699541754402
-0.016153614653800143
-0.016101917241868685
-0.016050587241252284
-0.01599961991642164
-0.015949021279894022
-0.015898786387061263
-0.015848895515527373
-0.01579935697701881
-0.015750156028705185
-0.015701293010230842
-0.015652754834928822
-0.015604533718673881
-0.015556641472385455
-0.01550905569712072
-0.015461787855827316
-0.01541483823976968
-0.015368194696129787
-0.01532183855403445
-0.015275774199124775
-0.015229998673419452
-0.01518450877393039
-0.015139316648249189
-0.015094414058945883
-0.01504980223787262
-0.01500547446172745
-0.014961416114889754
-0.014917632610059347
-0.014874156711798193
-0.014830942078812206
-0.014788009574137471
-0.014745321905604012
-0.01470291774356378
-0.01466079358932169
-0.01461894469252014
-0.014577344468514868
-0.01453597666365874
-0.014494897084588156
-0.014454094323219676
-0.014413507153675903
-0.014373217445461908
-0.014333168721865741
-0.014293383681990852
-0.01425384584622548
-0.014214582491123454
-0.014175573779281816
-0.014136844897865188
-0.014098362216901543
-0.014060150989573625
-0.014022199287174372
-0.013984513996682138
-0.013947123095949653
-0.013909968128877378
-0.013873077270143155
-0.013836459223524137
-0.013800088230440544
-0.01376398298608783
-0.013728130888966052
-0.013692534451550347
-0.013657192277819013
-0.013622107616581114
-0.013587283071712053
-0.013552710404441845
-0.013517615715280493
-0.013483604977667762
-0.013449829063828056
-0.01341552962871584
-0.013382310029883597
-0.013349297676882518
-0.013316537229196587
-0.013284013934325045
-0.013251714090470169
-0.01321883576527644
-0.013186195988124932
-0.01315376492760047
-0.013121535072899105
-0.013089515447653669
-0.013057725624216572
-0.013026217150513749
-0.012994945831433053
-0.012963866850698481
-0.01293299788776656
-0.012902361835191925
-0.012871968972919293
-0.012841810196680426
-0.012811891834159607
-0.012782149362954957
-0.012752571199411073
-0.012723213235662615
-0.012694080634393305
-0.01266515630782781
-0.01263639935388438
-0.012607921456445377
-0.012579612750574686
-0.012551472099992425
-0.012523541938056555
-0.012495794552539376
-0.012468238339868392
-0.012440867020223184
-0.012413687700424047
-0.012386721215340072
-0.012359960406755629
-0.012333471824882453
-0.012307206161448266
-0.012281154017552084
-0.01225531340467724
-0.012229677247741837
-0.01220419716330528
-0.01217890833869767
-0.012153792043452299
-0.012128863497423491
-0.012104118529861796
-0.012079550381177922
-0.012055166543594745
-0.012030973549818483
-0.012006953000405256
-0.011983094611478638
-0.011959428908835713
-0.011935925168711115
-0.011912630091089966
-0.011889481975846179
-0.011866546115854764
-0.011843727039010479
-0.011821123640762423
-0.011798649092206464
-0.01177635550061753
-0.011754285547996391
-0.011732401137179344
-0.011710693726134671
-0.011689516345280336
-0.011668213661374598
-0.011647022482916077
-0.011625936245804087
-0.01160501683633426
-0.011584244818632192
-0.011563650669002844
-0.011543274936498392
-0.011523003040405986
-0.011502897573196225
-0.011482973170367082
-0.01146318712476914
-0.011443518885113652
-0.011424046346715224
-0.011404713573148092
-0.011385540113246575
-0.011366514266365556
-0.011347641891253268
-0.011328915400210299
-0.011310342763380261
-0.011291909937483255
-0.011273615063685653
-0.011255478476565895
-0.011237491452199834
-0.011219643244140924
-0.011201946637950627
-0.011184389356655828
-0.011166987981370259
-0.01114974478307717
-0.011132639189178195
-0.011115673116643389
-0.01109884448565909
-0.011082170447865239
-0.011065632415535038
-0.011049237472287539
-0.011032985243866238
-0.011016881017997174
-0.011000917801265043
-0.01098508428364293
-0.01096938937493069
-0.010953830387140574
-0.010938419942727816
-0.010923145487321786
-0.010908008284320087
-0.01089300997790849
-0.010878147815853504
-0.010863425370615081
-0.010848843185592871
-0.010834400157039153
-0.010820098574190761
-0.010805928534782147
-0.010791902492947798
-0.010778013777773928
-0.010764203276373343
-0.010750585179497138
-0.010737079237472783
-0.010723656716544294
-0.010710394999674413
-0.010697276140799562
-0.010684301107383939
-0.010671447122891113
-0.010658720418033727
-0.010646118005956481
-0.010633627056793715
-0.0106212642496777
-0.010609028571791196
-0.010596945603545639
-0.010584986646292368
-0.010573135799872933
-0.010561412508521167
-0.010549811543585755
-0.010538331268957396
-0.010526983193989346
-0.010515756611908837
-0.010504639200139665
-0.010493638334467398
-0.010482750670714783
-0.010471985568515042
-0.010461343564187167
-0.010450818036956105
-0.010440416197062364
-0.010430130426382373
-0.01042000130641056
-0.010409990055342886
-0.01040007887370067
-0.010390295473887097
-0.010380630202613381
-0.010371051943166726
-0.010361605805732593
-0.010352283056695447
-0.010343069428481521
-0.010333975839208977
-0.010325010464892872
-0.010316176630369872
-0.010307449421068843
-0.010298819589315004
-0.010290337183821574
-0.010281984714203156
-0.010273730688121555
-0.01026559919995957
-0.010257561069262747
-0.01024966154945022
-0.010241885515286119
-0.010234246927214821
-0.010226701388075882
-0.010219321592547159
-0.010212073583601811
-0.010204905959826507
-0.010197853073194988
-0.010190910386096217
-0.010184103492415003
-0.010177361029908193
-0.010170698050895554
-0.01016419395906426
-0.01015780378283763
-0.010151521334507642
-0.010145349422609957
-0.01013930060665324
-0.010133355457542317
-0.0101275096704438
-0.010121803034098839
-0.010116190498127129
-0.010110683414099913
-0.010105281219170896
-0.010099994567124107
-0.010094804766648544
-0.010089739830607094
-0.01008478137822695
-0.01007992099252819
-0.010075131120853101
-0.010070408238288751
-0.01006578301969909
-0.010061284115772897
-0.010056892016807834
-0.010052581207409206
-0.010048344964103775
-0.010044204132889093
-0.010040156492048537
-0.010036197144373264
-0.010032330677917882
-0.01002857182721127
-0.010024881963372836
-0.0100212976526878
-0.010017779565494713
-0.010014335644708132
-0.01001098360546874
-0.01000770920787639
-0.010004507895518178
-0.010001385572989147
-0.009998335434486567
-0.00999535697482649
-0.009992463056080685
-0.009989615597709476
-0.009986850205786366
-0.009984158520253684
-0.009981530189674629
-0.009978977119778713
-0.009976497346806277
-0.009974092588562296
-0.009971767860624552
-0.009969518605177464
-0.009967346887914896
-0.009965264850622576
-0.009963272481497336
-0.009961380035543742
-0.009959588078895479
-0.009957900766097915
-0.009956335428278255
-0.009954903729579702
-0.009953613883550006
-0.00995247952627766
-0.009951502657876414
-0.009950717197521426
-0.009950116052715894
-0.009949744532117994
-0.009949616573753546
-0.009949727415264816
-0.009950117988599277
-0.009950765767938062
-0.009951700674635846
-0.009952892588031156
-0.009954319022963485
-0.009955963848113503
-0.009957791763616733
-0.00995975804953554
-0.009961773818083244
-0.009963800276206311
-0.009965769319724207
-0.009967642613571122
-0.009969379758051929
-0.009971005818741914
-0.0099725684829441
-0.009974107728951541
-0.009975654428477724
-0.009977271340669149
-0.009978970179645283
-0.009980762585536474
-0.00998265137911086
-0.009984626793648244
-0.009986675194664613
-0.009988786003632708
-0.009990953609377096
-0.009993199607617013
-0.009995487944574999
-0.009997830494371788
-0.010000243246241249
-0.010002711862645246
-0.01000524269407808
-0.010007843689893365
-0.010010494471652902
-0.010013230764017158
-0.010016041249313537
-0.01001893259730387
-0.010021888282698295
-0.01002493616372264
-0.010028072604459592
-0.010031289860526319
-0.01003460163249127
-0.010037997330316096
-0.010041492908228342
-0.010045076414767876
-0.010048750803970162
-0.010052529137185852
-0.010056411063192515
-0.010060392091231773
-0.010064495652866398
-0.010068697195282292
-0.01007300998687113
-0.010077443531418713
-0.010081995108644192
-0.010086656935235474
-0.010091434790301002
-0.010096331593649446
-0.010101361434549424
-0.010106501206512268
-0.0101117588232747
-0.010117155228897931
-0.010122683096917474
-0.010128330865217566
-0.010134109493576331
-0.010140001585687387
-0.010146033932166895
-0.010152199969473816
-0.0101584959350573
-0.01016492049870961
-0.010171488205541077
-0.010178193484727243
-0.01018503012159099
-0.010191998895270227
-0.010199105618497633
-0.010206348794850993
-0.010213726968248052
-0.010221232497220664
-0.010228880749359924
-0.010236668071952365
-0.010244579124835567
-0.010252616586923892
-0.010260798111297072
-0.010269106976861357
-0.01027754026566831
-0.010286116384360708
-0.010294822252756661
-0.010303671983266332
-0.010312650950958468
-0.010321778362903145
-0.010330994632381053
-0.010340367186811063
-0.010349880223382749
-0.01035951955478059
-0.010369308362020793
-0.01037921343595736
-0.010389242518926856
-0.010399425075350074
-0.010409741799442238
-0.010420218811435993
-0.010430849256054807
-0.010441616536230191
-0.010452508498471404
-0.010463570778053247
-0.01047479505860694
-0.010486166695970689
-0.01049768104988227
-0.01050930703480028
-0.01052105196553719
-0.01053292996067388
-0.010544944158477556
-0.010557143645923627
-0.010569480017854292
-0.010581960717832678
-0.010594591132948854
-0.01060735649010844
-0.010620274889080428
-0.010633332018092983
-0.010646541071359195
-0.010659892585839034
-0.010673381750820202
-0.010687027370138213
-0.010700822675998752
-0.010714749133225858
-0.010728836777088522
-0.010743032127999132
-0.010757384325945432
-0.01077186882025244
-0.010786507406720281
-0.010801298981123001
-0.010816230745058398
-0.010831326469280759
-0.010846569200380482
-0.01086195429376211
-0.010877500339084946
-0.01089319660677483
-0.010909044735734648
-0.01092504453590737
-0.010941171590996496
-0.010957453614691824
-0.010973888940130938
-0.01099046646588473
-0.011007197347186526
-0.011024077270203884
-0.011041114979948023
-0.011058308715418649
-0.011075636270233018
-0.011093124673373509
-0.011110768886725901
-0.011128558671623082
-0.011146489868214598
-0.011164566473345088
-0.011182810137210872
-0.011201206266345026
-0.011219750427230694
-0.01123844614926494
-0.011257305931993205
-0.011276313179158184
-0.01129548233530649
-0.011314805246976704
-0.011334284201026978
-0.011353928931882147
-0.011373733571604502
-0.011393696492111374
-0.011413822405031197
-0.011434109865513018
-0.011454559066328892
-0.011475172289290573
-0.011495952271931696
-0.01151690115862206
-0.011538006965695522
-0.011559279695917789
-0.011580718369703936
-0.011602321270352323
-0.011624088325085864
-0.01164602049763476
-0.011668115541848248
-0.011690373951619204
-0.011712797195559616
-0.01173538161970133
-0.011758127765506804
-0.011781034701274371
-0.011804102943288992
-0.011827331292083357
-0.011850714835981211
-0.011874256487420961
-0.011897946120263002
-0.011921804203452903
-0.0119458131710073
-0.011969972175601135
-0.011994288520978152
-0.012018764578324945
-0.012043392452495576
-0.012068173996639276
-0.012093108002007037
-0.012118202362707338
-0.012143442681611443
-0.012168821422058447
-0.012194356570815612
-0.012220034251579519
-0.012245874620453429
-0.012271869232109725
-0.012298022965090067
-0.01232432841594738
-0.012350803251962469
-0.012377423713902921
-0.012404186089049937
-0.012431105051040739
-0.012458190535817041
-0.012485440096188185
-0.012512854059101413
-0.012540432869282648
-0.012568177513725064
-0.012596088999286558
-0.012624164890023125
-0.012652415464217038
-0.012680835299916773
-0.012709424610018734
-0.012738188606110631
-0.012767129996049814
-0.012796247047921455
-0.012825546254918024
-0.012855027174927987
-0.01288469059292886
-0.012914538529074655
-0.012944573599878719
-0.01297479786272086
-0.013005213647431978
-0.013035820299537317
-0.013066630414372784
-0.013097619541223173
-0.013128806532219523
-0.013160197167776366
-0.013191793678150746
-0.013223593180659849
-0.013255607563681968
-0.013287834657815821
-0.01332027449630939
-0.013352916799412395
-0.013385775962233039
-0.013418858244838317
-0.013452154379337306
-0.013485673716230901
-0.013519413103522789
-0.013553382925367424
-0.013587585255620684
-0.013622020389252554
-0.013656687655614876
-0.013691590221000863
-0.01372673005349656
-0.01376211153910493
-0.013797736580243055
-0.013833605790268133
-0.0138697224055524
-0.013906088343238887
-0.013942705049423939
-0.01397957717644813
-0.014016705837475558
-0.014054095170954583
-0.014091746761258146
-0.014129662086314722
-0.014167839928900862
-0.014206285603073606
-0.014245001258504128
-0.014283992356165134
-0.014323258344167039
-0.014362813936569527
-0.014402658195388442
-0.014442777747092721
-0.014483182778854471
-0.014523865769371497
-0.014564827298044668
-0.014606073886743346
-0.014647604251423904
-0.01468942662373667
-0.01473154022185669
-0.014773941639217693
-0.014816630246592617
-0.014859601638531204
-0.01490286818739134
-0.014946430120847518
-0.014990289334772684
-0.015034450104874635
-0.015078895705954266
-0.015123630795887905
-0.015168674349177963
-0.015214028083911294
-0.015259683636123279
-0.015305636450609707
-0.015351886362677605
-0.01539842999120899
-0.015445274461132438
-0.015492418005518765
-0.015539843560226882
-0.01558757241632237
-0.015635602681741242
-0.015683958390078627
-0.015732654299856444
-0.015781678096689556
-0.0158310345684731
-0.015880745150831523
-0.015930806853206823
-0.01598121369175333
-0.01603196907683532
-0.016083071076223785
-0.016134496232755858
-0.01618620863114669
-0.016238600521277985
-0.01629144186972349
-0.016344691089832542
-0.01639837371075055
-0.016452511241532047
-0.016506580931337275
-0.0165615220495595
-0.016616871040963446
-0.016672667422501782
-0.016728927498133348
-0.016785658027955615
-0.016842869951945002
-0.016900574790257968
-0.016958781586443487
-0.017017504602058538
-0.01707675780632017
-0.01713655192623664
-0.017196896615201875
-0.01725780061951505
-0.017319286420633268
-0.01738136427618255
-0.017444052169852585
-0.017507370323230735
-0.017571334676266592
-0.01763595867418949
-0.01770125820106587
-0.017767254658249562
-0.01783396074240363
-0.0179013947107181
-0.017969576930020707
-0.01803852537756836
-0.01810825753690452
-0.018178790631325444
-0.01825013891790264
-0.01832232120892504
-0.018395356739799293
-0.018469265207256825
-0.018544065711129674
-0.018619754143139572
-0.01869635875177361
-0.018773897738841545
-0.018852387687836522
-0.018931846493166943
-0.0190122906464558
-0.019093739214414644
-0.01917620765204143
-0.019259712166948856
-0.01934427303124005
-0.019429902571884945
-0.019516615522004205
-0.019604429726647055
-0.019693360841298493
-0.01978342754153457
-0.01987464439236947
-0.019967025659496863
-0.020060594625628977
-0.020155363070036587
-0.02025133718267329
-0.02034853719238275
-0.020446998400254643
-0.020546736954468875
-0.020647774854425115
-0.020750130189012988
-0.020853821720211295
-0.02095887094188398
-0.021065292260391312
-0.02117310926049974
-0.021282345008835194
-0.021393021327172922
-0.021505160913140395
-0.021618787798266127
-0.021733927325520253
-0.021850604011682793
-0.021968845884403374
-0.022088680063131416
-0.02221013450033434
-0.02233323542987364
-0.022458013814253178
-0.0225844990126442
-0.022712723749080222
-0.022842722884885192
-0.022974528448859114
-0.023108176166730606
-0.023243701764251844
-0.023381144150228256
-0.023520541578995573
-0.02366193412215134
-0.023805356863698498
-0.02395084715691101
-0.024098450666910944
-0.024248215214889048
-0.024400190151868728
-0.0245544250674297
-0.024710971687064473
-0.024869882342695
-0.02503121135227553
-0.025195014411476948
-0.025361349986332195
-0.025530278001463704
-0.025701860629278258
-0.025876161028786003
-0.02605324815801128
-0.026233190878969727
-0.026416061346360806
-0.026601934293262103
-0.02679088574656599
-0.0269829966161519
-0.027178349997588194
-0.02737703235966552
-0.027579132296488427
-0.027784744363016645
-0.027993965385772857
-0.028206896161219186
-0.028423641431552803
-0.028644312365204393
-0.02886902319337672
-0.0290978905209787
-0.029331040315443296
-0.029568599278955512
-0.029810701924739908
-0.030057488795542427
-0.030309105480684797
-0.030565704627514515
-0.030827445751503035
-0.031094495458900345
-0.03136702886819564
-0.03164522826136171
-0.03192928413344272
-0.03221939662806402
-0.032515773791725086
-0.03281865692268976
-0.033128231833224185
-0.0334447381432462
-0.03376842449169331
-0.0340995501287499
-0.03443838574994782
-0.03478521349994716
-0.0351403279431915
-0.03550403651330102
-0.03587666171189601
-0.036258544594383775
-0.036650051468665006
-0.03705158223414434
-0.03746357602462224
-0.0378865107542518
-0.038320894111603186
-0.03876725233181154
-0.03922612761290881
-0.03969808340770948
-0.0401837130023168
-0.040683648759558495
-0.0411985707105476
-0.04172921536646076
-0.0422763866211318
-0.042840961631760384
-0.04342390711472128
-0.04402629699173874
-0.0446493258957983
-0.04529434162506307
-0.045962875071843184
-0.04665668005620508
-0.047377787348516
-0.04812857521532214
-0.0489118615257523
-0.04973100875598529
-0.05059009626628172
-0.05149410768180089
-0.05244919437200021
-0.0534630241254054
-0.05454521121671946
-0.05570792698544652
-0.05696666225286193
-0.058341238118800154
-0.059857147986164094
-0.061547309120106614
-0.06345437400630433
-0.06563374580973792
-0.06815763482170598
-0.0711203138845664
-0.0746450604557647
-0.07889334094958282
-0.08407688854788302
-0.09047369756333565
-0.09844906799522221
-0.10848341669523379
-0.12120903800655998
-0.13745854750817485
-0.15832907545189387
-0.185267017260244
-0.22018014540330252
-0.26558594292946985
-0.32480794298489896
-0.4022357133340018
-0.503669291830697
