-0.4994648705904785
-0.39444918347580404
-0.31424154802352866
-0.2528866509233509
-0.20586694836208708
-0.16975418825688057
-0.14194572757223906
-0.12046491259748578
-0.10380990587748196
-0.09083913948538683
-0.08068450276291589
-0.07268551521831873
-0.06633940748609511
-0.061263222806018466
-0.05716507858269758
-0.053822335232035966
-0.05106501968425393
-0.04876323332656399
-0.04681758400946989
-0.04515191353524571
-0.043707767763974975
-0.04244019152182616
-0.041314529611519844
-0.04030399245267098
-0.03938780233659004
-0.03854978066164034
-0.037777273964610336
-0.037060332761028505
-0.03639108595501087
-0.03576326460311526
-0.03517183662491411
-0.03461272583699523
-0.034082601130365965
-0.03357871482786863
-0.03309877452109093
-0.03264084757002144
-0.032203227719371244
-0.031784526040687724
-0.03138350678697987
-0.03099908364608072
-0.030630287720109672
-0.030276256227080793
-0.029936206695026786
-0.029609425710360314
-0.029295262334386146
-0.028993119681727336
-0.028702441371089918
-0.028422715978834136
-0.028153468653922598
-0.02789425048075046
-0.027644643377214506
-0.027404255517502307
-0.02717272728723844
-0.026949718325835887
-0.026734907140192814
-0.02652799071414948
-0.026328700624388832
-0.026136732341381433
-0.02595186636527354
-0.02577386648219366
-0.025602513707571734
-0.02543759205855215
-0.025278908272951137
-0.025126272632320663
-0.024979507143356207
-0.024838358962484607
-0.02470269337629531
-0.024572362964465
-0.02444723049255439
-0.024327163557532186
-0.024212029165470265
-0.024101706128635256
-0.02399609046409639
-0.023895069196256568
-0.02379854088393281
-0.02370641450617239
-0.02361859398529514
-0.02353498831459231
-0.023455523936665168
-0.02338012513365251
-0.023308717613830153
-0.023241239875264007
-0.023177626860282026
-0.023117814712455248
-0.023061758924674425
-0.023009411126915964
-0.02296071620413236
-0.022915636058152396
-0.022874129376066844
-0.022836158503601732
-0.02280169841630714
-0.022770708309881742
-0.022743164964051307
-0.022719049573997778
-0.022698331095500963
-0.02268100410993046
-0.02266705122542681
-0.022656454529512152
-0.022649202075041956
-0.022645300492225785
-0.022644741754988644
-0.022647530163411055
-0.022653656617086522
-0.022663139455736624
-0.02267598262120946
-0.02269220249872591
-0.02271180062150118
-0.022734805473823762
-0.0227612331793896
-0.02279111317803871
-0.02282445856250209
-0.022861311406683307
-0.022901699272091142
-0.022945667565153413
-0.022993236990084678
-0.023044467291846265
-0.023099368607043685
-0.023158021501945222
-0.023220465961708806
-0.023286766960069784
-0.023356976011052438
-0.023431163257729922
-0.02350940035145321
-0.023591814089836925
-0.023678436503376678
-0.02376936192461057
-0.023864669434136856
-0.02396446582241975
-0.02406883975867895
-0.024177908930045115
-0.024291779819438353
-0.024410578935375977
-0.02453442938018998
-0.024663469389591828
-0.02479784529497308
-0.02493770005691138
-0.025083187639056315
-0.025234484419819823
-0.025391763933673997
-0.025555216874075547
-0.025725040587964734
-0.025901450808660027
-0.02608466819922749
-0.026274927996390134
-0.026472476177046116
-0.026677582531077618
-0.02689052337578732
-0.027111596741981926
-0.02734109661768853
-0.027579395291811873
-0.027826832478446237
-0.02808378073644886
-0.028350641428794166
-0.028627842911841162
-0.028915845589927675
-0.029215134201464134
-0.029526237832832324
-0.029849727695870135
-0.03018622434385435
-0.030536394857072564
-0.030900965135142348
-0.03128073926382832
-0.03167660636871941
-0.032089550056298946
-0.03252068414602742
-0.032971256013407425
-0.03344273505193587
-0.03393677461108144
-0.034455332439730736
-0.03500072625515916
-0.035575744413029846
-0.03618374181240832
-0.03682881859392747
-0.03751603336200139
-0.03825167952786238
-0.03904365114346851
-0.039901914733763165
-0.04083915823589165
-0.04187153967715748
-0.043019845830772986
-0.044310811891835056
-0.045779042540540306
-0.04746945300489735
-0.04944040104411107
-0.05176791769616459
-0.05455123073258469
-0.05792003218906297
-0.06204400899345529
-0.06714555148038104
-0.07351621068861601
-0.08153858095729075
-0.09171507401299758
-0.10470584307242836
-0.12137877731300008
-0.14287543524074753
-0.17069802430026668
-0.20682418092533766
-0.2538585228791594
-0.3152327731059503
-0.3954701908608167
-0.5005351294095215
