-0.5024034845780886
-0.48085059061641183
-0.4606952883298249
-0.441826882918467
-0.42414501282970524
-0.40755853422068994
-0.3919845418274833
-0.37734750823944985
-0.36357853318377675
-0.3506146546108322
-0.33839826850241395
-0.3268766001086107
-0.3160013089784467
-0.30572793319249664
-0.2960156213103974
-0.28682677595664946
-0.27812675708297835
-0.26988361588001814
-0.26206785774805624
-0.25465222950250505
-0.24761152137638426
-0.24092239572216423
-0.23456323119545747
-0.22851397762398779
-0.22275603063721316
-0.21727210374663375
-0.21204613260235144
-0.20706317503731578
-0.20230932050767217
-0.19777161323409653
-0.19343798306995677
-0.18929715517785523
-0.18533861473186042
-0.1815525419383384
-0.17792976778241112
-0.17446180852933263
-0.17114064548778937
-0.16795879196030125
-0.1649092205853386
-0.161985349552579
-0.15918099298679425
-0.1564903654426756
-0.15390800681049777
-0.15142882294876522
-0.14904801376539817
-0.14676104616723032
-0.14456364753055603
-0.14245183946862508
-0.14042183561490473
-0.13847004056648568
-0.13659311363282545
-0.1347879118834103
-0.13305147297212597
-0.13138101111052097
-0.12977388304267762
-0.12822765365404004
-0.1267399666894271
-0.12530849255657325
-0.12393125689011779
-0.12260630672513644
-0.1213317875522163
-0.12010591832706378
-0.11892706544693961
-0.11779364246178735
-0.11670420993062777
-0.11565739133908175
-0.1146516427325396
-0.11368574760467884
-0.1127585489363286
-0.11186892839197743
-0.11101580922136797
-0.11019821722035081
-0.1094150995644939
-0.10866574643219978
-0.10794927256599583
-0.10726491808984831
-0.10661180476460719
-0.10598926945529327
-0.10539661230770937
-0.10483327073165664
-0.10429861277009764
-0.10379204996128523
-0.10331315510888453
-0.10286133934174257
-0.10243620381574936
-0.1020373927296395
-0.10166444488845845
-0.10131703278313917
-0.1009947856136818
-0.10069748589967407
-0.10042478939400165
-0.1001764312059068
-0.0999522642848746
-0.09975203183567669
-0.09957553829172733
-0.09942269028107314
-0.09929337917659063
-0.0991873642913784
-0.09910465134294952
-0.0990451845936562
-0.0990089449313282
-0.09899590243664924
-0.09900605586615344
-0.09903945178644945
-0.09909618145873725
-0.09917629744307292
-0.09927986593096028
-0.09940703429300556
-0.0995579794325402
-0.09973284809276957
-0.09993181385734241
-0.10015511889021217
-0.10040305169091826
-0.10067587329835119
-0.10097381298862955
-0.10129724840894508
-0.1016463542312762
-0.1020216954457029
-0.1024236569607734
-0.1028526899177325
-0.10330927640102361
-0.10379392039793704
-0.10430727465551162
-0.10485003662892567
-0.10542262844194523
-0.10602572628042391
-0.1066600230889583
-0.10732629272978747
-0.1080252881397077
-0.10875786876897879
-0.10952492035215167
-0.11032739239907706
-0.1111662723969766
-0.11204261710065642
-0.11295754595793679
-0.11391221118552251
-0.11490785716079828
-0.115945822057129
-0.11702749789256563
-0.11815436641480903
-0.11932800934700807
-0.12055006812743199
-0.12182223691367088
-0.12314642316936031
-0.12452462538637098
-0.12595886186247587
-0.12745134555645296
-0.12900436389834352
-0.13062033128031508
-0.13230201235506003
-0.13405213637911573
-0.13587360659895167
-0.13776956149505235
-0.13974330446749297
-0.14179834365956578
-0.14393836792709871
-0.14616734205792367
-0.14848947771108764
-0.1509092530365672
-0.15343140397300112
-0.15606100831185502
-0.15880350074063374
-0.16166466374682734
-0.1646506481177973
-0.16776804511905466
-0.17102386095129848
-0.1744256178072302
-0.1779813220266338
-0.18169957193666456
-0.18558954857204354
-0.18966112489953876
-0.19392486531861186
-0.19839209418062756
-0.20307496121004576
-0.2079865206031105
-0.2131408050782521
-0.21855288594728028
-0.2242389927736649
-0.2302165978105255
-0.23650453324396153
-0.24312310206150853
-0.25009429152502033
-0.2574417193132814
-0.26519098461360646
-0.27336978917332894
-0.28200813297285887
-0.29113853591252814
-0.30079618869824404
-0.3110194621515656
-0.3218500125968583
-0.3333331799327506
-0.3455183688564074
-0.3584594776912591
-0.3722153786278596
-0.38685046211418617
-0.40243524447885104
-0.41904704339451626
-0.4367707921877323
-0.45569990582126824
-0.47593729469740154
-0.4975965154219114
