-0.497287251095014
-0.39343773124631637
-0.314058378795079
-0.2532795498349209
-0.20664831779394377
-0.17078510817606568
-0.1431238951043496
-0.12171553371874401
-0.10507880507663235
-0.0920875681158799
-0.08188521916536463
-0.07381983381730339
-0.06739497864586268
-0.06223236630189954
-0.05804353236564506
-0.054608319775257284
-0.051758539332263355
-0.04936555633718245
-0.04733085673699467
-0.045578875288991016
-0.0440515412766937
-0.04270412986867505
-0.041502105285375276
-0.040418717893852464
-0.039433173826718515
-0.03852923835577679
-0.037694175869820566
-0.03691793754115947
-0.03619254251395681
-0.035511606740537535
-0.034869980982190824
-0.03426347238330157
-0.03368863526078083
-0.03314261025869071
-0.03262299972650467
-0.032127756131118346
-0.03165508622355876
-0.031203505265021438
-0.03077168667854836
-0.030358458954788163
-0.029962772908022028
-0.029583692675261244
-0.02922036255884879
-0.02887200417523597
-0.028537905299309593
-0.02821741203232704
-0.027909914662615835
-0.027614851476768863
-0.027331699888655196
-0.027059966446131806
-0.026799190961006684
-0.026548942489118564
-0.026308823471752812
-0.026078458719283767
-0.02585749340558179
-0.025645593683812088
-0.025442465228258177
-0.02524777236659815
-0.025061261445138944
-0.024882671366115196
-0.024711757441807293
-0.024548279016017006
-0.024392022824998385
-0.024242776987632483
-0.024100341786794682
-0.02396445038056556
-0.02383494953763657
-0.023711671577994465
-0.023594459217682263
-0.02348315868480672
-0.023377616124755602
-0.02327768720848238
-0.023183243004657673
-0.023094148182069424
-0.023010274064897345
-0.022931503247029996
-0.022857714512419077
-0.022788788482489674
-0.02272462196226228
-0.022665109940211637
-0.02261014606280777
-0.022559636966009697
-0.02251348480761237
-0.02247159158527726
-0.02243387830508895
-0.02240026132672031
-0.02237064860647261
-0.022344967535745122
-0.022323139873071104
-0.022305093164457893
-0.022290764743675383
-0.022280079313731518
-0.022272979286168865
-0.02226941022919974
-0.022269309317802185
-0.022272638610230145
-0.022279347952548805
-0.022289390777450846
-0.022302727110470558
-0.022319338072098995
-0.022339191145571088
-0.022362267696051305
-0.02238853679150451
-0.02241799800602522
-0.022450637370842925
-0.022486455443776115
-0.022525436764250353
-0.022567597418551428
-0.022612940639566873
-0.022661484549551886
-0.022713232414547785
-0.022768216999238883
-0.022826456856508266
-0.022887988509068192
-0.02295282297013449
-0.02302101213498215
-0.023092557137310385
-0.02316752998810568
-0.02324596077174524
-0.023327903210919803
-0.02341339695567791
-0.023502498527858556
-0.023595265044954256
-0.023691808337639005
-0.023792148781277993
-0.023896363328766088
-0.024004511908696465
-0.02411668146233381
-0.024232939007020213
-0.02435338070043653
-0.024478092112496453
-0.02460717725509315
-0.024740736096122824
-0.024878882542172985
-0.02502174112258063
-0.025169432172906656
-0.02532208714573648
-0.025479859559782807
-0.025642901796748906
-0.025811385315688957
-0.025985490666434335
-0.026165418550255032
-0.026351376022508713
-0.026543593690292397
-0.02674230644816748
-0.026947776238671593
-0.027160279967798597
-0.027380116669043567
-0.027607589086141335
-0.027843077543950788
-0.02808693234717426
-0.028339543242494433
-0.028601334796418146
-0.028872762681876805
-0.029154320149971182
-0.029446527134635168
-0.029749955555744816
-0.030065223246546025
-0.030393003657780422
-0.030734018589772552
-0.031089051317580618
-0.03145897465242089
-0.03184474907615876
-0.03224743286336087
-0.032668221829713094
-0.033108454957303676
-0.033569701883953994
-0.034053714348293136
-0.03456256107428846
-0.035098679483703155
-0.035664986917507725
-0.03626497211355041
-0.036902878943328776
-0.037583919686490753
-0.03831455324031824
-0.03910285078036351
-0.03995897279430087
-0.04089581904220856
-0.04192977102201046
-0.043081859908345385
-0.044379089935280655
-0.045856361453399004
-0.047558967014452065
-0.049545644597357164
-0.05189285711833276
-0.054700328614060274
-0.058098331329714294
-0.062257239731172836
-0.0674002466939011
-0.07381989482043538
-0.0819000035843986
-0.09214452320670355
-0.10521556947660989
-0.1219835743517516
-0.14359343605284913
-0.17155181196956587
-0.20784232680297146
-0.25507773775858195
-0.31670094499043233
-0.397250665510901
-0.5027127489049861
