-0.49849131090083326
-0.3940733945849049
-0.3142821155839812
-0.25320855209280346
-0.20637022977447922
-0.17036537125039355
-0.14261128561345496
-0.121146326628658
-0.10447990980814173
-0.09147887887052197
-0.0812813804859654
-0.07323156383771183
-0.06683006054189167
-0.06169639037518869
-0.05754045146882433
-0.054140864614737896
-0.05132852885527289
-0.04897412955955444
-0.046978645819494194
-0.04526613462794462
-0.04377824373979598
-0.04247003845240915
-0.041306826405910615
-0.040261740941221084
-0.03931390052027772
-0.03844700489576344
-0.03764826885265862
-0.036907605823412244
-0.036217006000183107
-0.035570062863164886
-0.034961609497467475
-0.034387438902907824
-0.03384409386224455
-0.03332870535869674
-0.03283886786139546
-0.032372528175783115
-0.03192788556881648
-0.031503456448429557
-0.03109790946723439
-0.030710069078781533
-0.030338882713615817
-0.029983412114991375
-0.02964279958742689
-0.02931626482955084
-0.029003093829328197
-0.02870263111254074
-0.028414265599950653
-0.028137434384969157
-0.027871614123586984
-0.02761631125167531
-0.0273710648204221
-0.027135442998657555
-0.026909047421848745
-0.026691502576225365
-0.02648245357511391
-0.026281567484045327
-0.026088545876289206
-0.025903060862267735
-0.02572485733228039
-0.025553675603111118
-0.025389272808005115
-0.025231412074741215
-0.025079881689429196
-0.024934474738028976
-0.024794996321760573
-0.02466117873879648
-0.024532870850280455
-0.0244099111731206
-0.024292150775748787
-0.024179444761945813
-0.02407164906761504
-0.02396863068839728
-0.023870273409018556
-0.023776453972100157
-0.023687060243295335
-0.02360199223114359
-0.02352114585299859
-0.023444420673297574
-0.023371734085943646
-0.0233030017902369
-0.02323814062285337
-0.02317708076627863
-0.02311974882526608
-0.023066072928177393
-0.023016000688210646
-0.022969475628885475
-0.02292643449126999
-0.02288683249807457
-0.02285062032486989
-0.022817753864474603
-0.022788200662613466
-0.022761913236236695
-0.022738862177947315
-0.022719022322817462
-0.02270235679311489
-0.02268885513567458
-0.022678494543598948
-0.022671253223248544
-0.022667113839857346
-0.022666080522670187
-0.022668142217363994
-0.022673301182994692
-0.022681545858199422
-0.022692894475718962
-0.022707350122974358
-0.02272492942775688
-0.022745633171810647
-0.022769491803860453
-0.02279652209593283
-0.022826755674500255
-0.022860207890902796
-0.022896924208883795
-0.022936935033108893
-0.022980289543937202
-0.023027011559302694
-0.023077165704535805
-0.02313076549665145
-0.023187896343633826
-0.023248602163216427
-0.02331295235484123
-0.02338100238768147
-0.023452826787426693
-0.023528501175985497
-0.02360815729806325
-0.02369183191336621
-0.023779623853628636
-0.02387161560866146
-0.0239679181598223
-0.024068622940463337
-0.024173851457301714
-0.024283713989269956
-0.02439834101861915
-0.024517858850989786
-0.024642409104634964
-0.024772141776522396
-0.024907203315110416
-0.025047751297011905
-0.025193966000060696
-0.025346024969721444
-0.02550412399596458
-0.025668465830845876
-0.02583927274686485
-0.026016771939577688
-0.02620120894703921
-0.02639283704975788
-0.026591935020077572
-0.026798791417747103
-0.02701371668408965
-0.02723702131597609
-0.02746909357273875
-0.027710288441992935
-0.02796099841122885
-0.02822164846186241
-0.02849269273921089
-0.028774620655793937
-0.029067945740371692
-0.02937323361318833
-0.029691093774968386
-0.030022189130043644
-0.030367230410946827
-0.03072698836298239
-0.031102321546108907
-0.03149417533449112
-0.03190359213566433
-0.032331751459447985
-0.03277997496593214
-0.033249814482647105
-0.033743004313176735
-0.03426159478230234
-0.03480800401470461
-0.03538512908511841
-0.03599643694726515
-0.036646148368628464
-0.03733945159394503
-0.03808277981597436
-0.03888417639043255
-0.03975377057241909
-0.04070442606908018
-0.04175248106073203
-0.04291891450596133
-0.04423066462923437
-0.045722547614785135
-0.04743974762767428
-0.04944085686101346
-0.05180214375865485
-0.054623070849402086
-0.058033557268027086
-0.06220349922078537
-0.06735543205852532
-0.07378100902130576
-0.08186283667234732
-0.0921032095150091
-0.10516198137779667
-0.12190649175250289
-0.1434774084028745
-0.17137559257839668
-0.2075767289417763
-0.25468267279282875
-0.3161213492436087
-0.3964108700442387
-0.5015086890991667
