-0.49993298318539875
-0.39481989143544
-0.3146101615285358
-0.2533110134730899
-0.20637946111505776
-0.17037028568180942
-0.14266979513367953
-0.12129439139249402
-0.10473808779209236
-0.09185704950914207
-0.08178214798044403
-0.07385267388675225
-0.0675661120898079
-0.06254004471813822
-0.05848326967277361
-0.05517388269107977
-0.05244264348113188
-0.050160346719008715
-0.04822824670771282
-0.04657076860892149
-0.04512998381623765
-0.04386139524361733
-0.04273075292475346
-0.04171162233316069
-0.040783533894230374
-0.03993058506790287
-0.039140358130251046
-0.0384031109959599
-0.037711160045849346
-0.03705839738136215
-0.03643993323520548
-0.03585181709567057
-0.035290835834368234
-0.034754323432475656
-0.03424009283128136
-0.03374629660876174
-0.03327134985900642
-0.03281390678326598
-0.03237278257968307
-0.03194695085414377
-0.03153548993288539
-0.031137563402531307
-0.030752446013370422
-0.030379451718716304
-0.03001797260124862
-0.02966744414373357
-0.029327345013223333
-0.028997189158055284
-0.028676528923409054
-0.02836493581057576
-0.028062021439283758
-0.0277674108151398
-0.027480756542448234
-0.027201732530018945
-0.026930009092925197
-0.02666529530767461
-0.026407347828457876
-0.02615584914837354
-0.025910568107313032
-0.02567131886510935
-0.025437837705924435
-0.025209927322831845
-0.024987361133537597
-0.024769953197291097
-0.02455752186054115
-0.02434988570827977
-0.024146888024241912
-0.023948363485887417
-0.02375416864329123
-0.023564153367423513
-0.023378152069037973
-0.02319608253122382
-0.02301778473027032
-0.022843142884240733
-0.02267204329154393
-0.02250437302864292
-0.022340036236996128
-0.022178920703175314
-0.022020923686094672
-0.021865946647212704
-0.021713902022819757
-0.021564706015476682
-0.021418275870944525
-0.021274513966216445
-0.021133364014373303
-0.020994734601030737
-0.020858561726250287
-0.020724782003181345
-0.020593347014173303
-0.020464163017380254
-0.02033720427279377
-0.020212385497185997
-0.020089722136169854
-0.019969074080075134
-0.019850395584057132
-0.01973363895347064
-0.019618790327767244
-0.019505766315991418
-0.019394539241977066
-0.019285063332586675
-0.019177290341957583
-0.019071188804303134
-0.01896672034310137
-0.0188638428531353
-0.01876251933851187
-0.01866271635220641
-0.01856439428172396
-0.01846752098996274
-0.018372069325821447
-0.01827800492032489
-0.018185305523357495
-0.018093932087082053
-0.018003816227085256
-0.017914990717199236
-0.017827396532001438
-0.01774101848102615
-0.0176558277589796
-0.017571810268527808
-0.01748892724829959
-0.017407171493597162
-0.01732652585778676
-0.017246960197405577
-0.017168435938465624
-0.01709095324495989
-0.017014509020234648
-0.01693878740056089
-0.016864321834778317
-0.016790535128521498
-0.016717554836663033
-0.016645570557211713
-0.016574521045705462
-0.016504397808139077
-0.0164351806825866
-0.016366838363736386
-0.01629934381157188
-0.016232669519888367
-0.01616681001110538
-0.01610175552380425
-0.01603748255900974
-0.015973977806708093
-0.01591122945636571
-0.015849224302868795
-0.01578794378027208
-0.015727369452110652
-0.015667485555625988
-0.015608289608664906
-0.015549744401207878
-0.015491846577592661
-0.015434606914463052
-0.015377990025262335
-0.01532196905697079
-0.015266530442694153
-0.015211655150005205
-0.015157308925744389
-0.015103496872572777
-0.01505022160200209
-0.014997457856939289
-0.014945214728709971
-0.014893473734994101
-0.014842225765046025
-0.014791479900220355
-0.014741235691727464
-0.014691481033186087
-0.014642210763454431
-0.014593429166981338
-0.014545108533032394
-0.014497259612245123
-0.014449862186704172
-0.01440292098070623
-0.014356437822556944
-0.014310398685052713
-0.01426480215942444
-0.014219650226461928
-0.014174930515884341
-0.014130649335241803
-0.01408680149714659
-0.014043400013039052
-0.014000412185128255
-0.013957841082441476
-0.013915690037393612
-0.013873931818864225
-0.013832589798149197
-0.013791649935859282
-0.013751091501582779
-0.013710929331498785
-0.013671160208759726
-0.013631777485015244
-0.013592785687488545
-0.013554132146102175
-0.01351581620517813
-0.013477867802706208
-0.013440279242148311
-0.01340306755724158
-0.013366210615441177
-0.013329694735288713
-0.01329350154240747
-0.013257663268014044
-0.013222168329422248
-0.01318700766271145
-0.013152122966039301
-0.013117559468822117
-0.013083271238908673
-0.013049305855313057
-0.013015652452134633
-0.012982262086655377
-0.012949167236576046
-0.012916350707880908
-0.012883804571655852
-0.012851539779892734
-0.012819548437821578
-0.012787834861037517
-0.012756398852073709
-0.012725186662147291
-0.012694234575618269
-0.01266355214710003
-0.012633118759233017
-0.012602978477100828
-0.012572970327185842
-0.012543347012078604
-0.012513980490464921
-0.012484799706894895
-0.012455922301678773
-0.012427261494518197
-0.012398866951783402
-0.012370661537552364
-0.012342728981925918
-0.012315004741090022
-0.01228754685558141
-0.012260309738041944
-0.012233248970188917
-0.012206457600287048
-0.012179913584555162
-0.012153522114237526
-0.012127254452487628
-0.012101357931925205
-0.012075653546877705
-0.012050074441516045
-0.01202471307286127
-0.011999489057881438
-0.011974492926795552
-0.01194981428818485
-0.011925222233723023
-0.011900843150324775
-0.011876814576976948
-0.011852948034191303
-0.011829161289633799
-0.011805591890098874
-0.011782335934121623
-0.011759138926692957
-0.011736108398922158
-0.011713350361604624
-0.011690694196177959
-0.011668206982048327
-0.011645879212162868
-0.011623671969028592
-0.01160164620512026
-0.011579782472336824
-0.011558087292003385
-0.011536556671754605
-0.011515215415064428
-0.01149404175011414
-0.011473046085591887
-0.011452211507112647
-0.011431572675577263
-0.011411043133737836
-0.011390677795004871
-0.011370465813337186
-0.011350428416073841
-0.01133047771111056
-0.011310750654300029
-0.01129116693961647
-0.011271731915960363
-0.011252454511075677
-0.011233349115817248
-0.011214420626006489
-0.011195666973759462
-0.011177052328987537
-0.011158628740067547
-0.01114034800369433
-0.011122201686605566
-0.011104056062136707
-0.011086115500540075
-0.011068313699246437
-0.011050710315669761
-0.011033277215479706
-0.011015928432024789
-0.010998733064441064
-0.010981701944324743
-0.010964777580688175
-0.010947944594850677
-0.010931245211082437
-0.010914619665952972
-0.010898166362949095
-0.010881854693804389
-0.010865683274219306
-0.010849629390080396
-0.010833688993646359
-0.010817867394610972
-0.01080219871668013
-0.010786662932892543
-0.010771215375263904
-0.01075589871059813
-0.010740701348143618
-0.010725591071595767
-0.01071063958165152
-0.010695779385458652
-0.010681002880745107
-0.010666394111035243
-0.01065192331313419
-0.010637496498723866
-0.010623144282212761
-0.010608922531613291
-0.01059489196405746
-0.010580948304395038
-0.010567113258993815
-0.01055343675879752
-0.010539856267389305
-0.010526372555527961
-0.010512996678363574
-0.010499711234155346
-0.010486533548710469
-0.010473456144886796
-0.01046045611480177
-0.01044755350871491
-0.010434738403865742
-0.010422048732134297
-0.010409459656637114
-0.01039698742948272
-0.010384692236135811
-0.010372510668254755
-0.010360447387043463
-0.010348528271607685
-0.01033673303225913
-0.010325031357567849
-0.010313152699774444
-0.010301441505776738
-0.010289837878990392
-0.010278343463769652
-0.010266929656284585
-0.01025555325311838
-0.010244321340064352
-0.010233167422263047
-0.010222135511611306
-0.010211223438754235
-0.010200372412321291
-0.010189607417997482
-0.010178924151457306
-0.010168316664099173
-0.010157804886461999
-0.010147406280057612
-0.010137126815706075
-0.01012693025576816
-0.01011685219906363
-0.010106897621781968
-0.010097011597803834
-0.010087251469644032
-0.010077586244186433
-0.010067965713140377
-0.010058425977690973
-0.010048967880575944
-0.01003958864258907
-0.010030297713591216
-0.010021070693569256
-0.010011946505498864
-0.010002901282606879
-0.009994012200874597
-0.009985258948551175
-0.009976555678271565
-0.00996792166944167
-0.009959358199177934
-0.009950818591059254
-0.009942286764151853
-0.009933782481137226
-0.009925324426972623
-0.00991687660335699
-0.009908452267707361
-0.00990009091355326
-0.009891861106028714
-0.009883768962599983
-0.009875788660823248
-0.009867911405001123
-0.009860123634570122
-0.009852418702485313
-0.009844808265576066
-0.009837269632775416
-0.009829819588240588
-0.00982244369022078
-0.009815147885215472
-0.009807937110291437
-0.009800806871986223
-0.009793752782641815
-0.009786766639234062
-0.009779851008822161
-0.009773003294966744
-0.009766221664413322
-0.00975950307432601
-0.009752847439781855
-0.009746256300578314
-0.009739731006802359
-0.009733262012150466
-0.009726847502886134
-0.009720501611867148
-0.009714228653954382
-0.00970801675404169
-0.009701876008340627
-0.009695775850499178
-0.009689740064208975
-0.009683769824926981
-0.009677882412779403
-0.009672084652739887
-0.009666363663612383
-0.009660724910359596
-0.009655153075058943
-0.009649640364340389
-0.009644177249282198
-0.009638769233752426
-0.009633414948370013
-0.009628117908343425
-0.00962287400988718
-0.009617695355616938
-0.009612588473739928
-0.009607572572518024
-0.009602641023249866
-0.009597793162186292
-0.009593025510355126
-0.009588347999895299
-0.009583741185874989
-0.009579219171504281
-0.009574784579322822
-0.009570417876888958
-0.009566135559434995
-0.009561937738758328
-0.009557807439061861
-0.009553754507047965
-0.009549768997089233
-0.009545861079173244
-0.00954202469726845
-0.009538262184534034
-0.009534568597459126
-0.009530952110712716
-0.009527388482029312
-0.009523900884161106
-0.009520482636906443
-0.00951712768268548
-0.009513821590651549
-0.009510591050314696
-0.009507404342388887
-0.00950430896158017
-0.009501273689301606
-0.009498313365758645
-0.00949541296997895
-0.00949257994552373
-0.00948979426608204
-0.009487056894626512
-0.009484371266978415
-0.009481730996235137
-0.009479139599437393
-0.00947663379640618
-0.00947418405054808
-0.009471801930631232
-0.009469489247864182
-0.00946722537448311
-0.009465024338223852
-0.00946285209154025
-0.00946074106338305
-0.009458701644428136
-0.009456724307592491
-0.009454797791810462
-0.009452927551296116
-0.009451119629821987
-0.009449376032245696
-0.009447701220043445
-0.009446091386207986
-0.009444546006036806
-0.009443066539683043
-0.009441640285213906
-0.009440281064659928
-0.009438983944732856
-0.009437741353276017
-0.009436549115506478
-0.00943542468113791
-0.009434363547818068
-0.009433366759191155
-0.009432434008675284
-0.009431568369249188
-0.009430771327801174
-0.009430043433342987
-0.00942938376957713
-0.009428789246890385
-0.009428262435161192
-0.00942779402416288
-0.009427399036887945
-0.009427051515515168
-0.009426764695211913
-0.009426547886221928
-0.009426388620747926
-0.00942630470545517
-0.00942627531558056
-0.009426320678211367
-0.009426418369254133
-0.009426582729714143
-0.009426793913845525
-0.009427058737152098
-0.009427376389162101
-0.009427749412657054
-0.009428164386043724
-0.009428623165754723
-0.009429131827896649
-0.009429691405334518
-0.00943030646454923
-0.00943098289601059
-0.009431721409855482
-0.009432546103770893
-0.009433432552717138
-0.009434400772681144
-0.009435448570321013
-0.009436552529891768
-0.009437709928582044
-0.009438936819482368
-0.009440220573458866
-0.009441570903837185
-0.009442978841671444
-0.009444448708016567
-0.009445984024784835
-0.00944756303500649
-0.009449208526894112
-0.009450910717934713
-0.009452665392909258
-0.00945449716131968
-0.009456379351654018
-0.009458339256230625
-0.00946035378562461
-0.009462433380518198
-0.009464573666232155
-0.009466783996292851
-0.009469057715407007
-0.00947139960062674
-0.009473806015126696
-0.00947627727954666
-0.009478794663163778
-0.009481383450760402
-0.009484028420902494
-0.00948670866825901
-0.009489459932621817
-0.009492250504384726
-0.009495126622900286
-0.009498065657460263
-0.009501072674846862
-0.009504156752926976
-0.009507310293361292
-0.009510526594885226
-0.009513804792968015
-0.009517139083977045
-0.009520536194893193
-0.00952399995890682
-0.009527527934307101
-0.009531110153564715
-0.009534754254242465
-0.00953847389749748
-0.009542244878013351
-0.00954607563109187
-0.00954997646553593
-0.009553963610739845
-0.009558018731765842
-0.009562004697932038
-0.00956617405763093
-0.009570422814815509
-0.009574720891460541
-0.009579089642272082
-0.00958353345732415
-0.009588035193395612
-0.009592598679892811
-0.009597223740994315
-0.009601909971798826
-0.009606653545055365
-0.009611462848692635
-0.0096163377351235
-0.009621280781687301
-0.009626297456723837
-0.009631381707001162
-0.009636537762378586
-0.00964177444749468
-0.009647087642367845
-0.009652472412648255
-0.009657922646321466
-0.009663418857326557
-0.009668975175661478
-0.00967458511627088
-0.009680285036435494
-0.009686055901863224
-0.009691890609275422
-0.009697821097791935
-0.009703858966672186
-0.009709895719508053
-0.009715943510146803
-0.009722039407908199
-0.009728189418717443
-0.009734424256651797
-0.009740739988658889
-0.009747138711694766
-0.009753635568574934
-0.009760185128893692
-0.009766845057227712
-0.009773566300964346
-0.009780352336249153
-0.009787219308815756
-0.00979415578948367
-0.009801170961425833
-0.00980824123129916
-0.009815391019191216
-0.009822611869410641
-0.009829902602506402
-0.009837260938824201
-0.009844700782273869
-0.009852208459567668
-0.009859786631603347
-0.009867438458697668
-0.009875174058653959
-0.009883005393780854
-0.009890901625957274
-0.009898854505415477
-0.009906887135102094
-0.009915009226907023
-0.009923203566891114
-0.00993146763384924
-0.009939811487543903
-0.00994825681228842
-0.009956762633610358
-0.009965357000559614
-0.009974020774145866
-0.009982765634554153
-0.009991596096477238
-0.010000511314645251
-0.010009515615633527
-0.010018606907720884
-0.010027807038397247
-0.010037067751118756
-0.010046422507187645
-0.010055863533798712
-0.010065377739984697
-0.010074991741290217
-0.01008467595596892
-0.010094473272697163
-0.010104332296944527
-0.01011429575911804
-0.010124337166847987
-0.01013448316094496
-0.010144702490158215
-0.010155023631363447
-0.010165422337118526
-0.010175910087053491
-0.010186523070926892
-0.010197225878572521
-0.01020800692376619
-0.010218892542362596
-0.010229835755772704
-0.01024088251432372
-0.010252016274413215
-0.01026323520280419
-0.010274554519651228
-0.01028596929403402
-0.01029747075162198
-0.010309065634158145
-0.010320746707841747
-0.010332533910456443
-0.010344393648069017
-0.01035635881373094
-0.01036840565876188
-0.010380550262529124
-0.010392792934538805
-0.010405142674223227
-0.01041759113869598
-0.01043011964460481
-0.010442762941985024
-0.010455501131929274
-0.010468337822665881
-0.010481279479627598
-0.010494328070160394
-0.010507475862204565
-0.010520729418669984
-0.010534091081975245
-0.010547556930616948
-0.010561118273286495
-0.01057478662382615
-0.010588575088035884
-0.010602469179537546
-0.010616480740574457
-0.010630606910074373
-0.010644841885057125
-0.010659191662141548
-0.010673658476396673
-0.010688254565253526
-0.010702912068243461
-0.010717665368439785
-0.010732602537919685
-0.010747631152142912
-0.01076277663721713
-0.01077804406864098
-0.010793425725503191
-0.010808927066635743
-0.010824552701700855
-0.010840271208465846
-0.01085611468332747
-0.010872069303429129
-0.010888219143055404
-0.010904435264122379
-0.010920778499660128
-0.010937232167430967
-0.010953802888451821
-0.010970489206202257
-0.010987271104160841
-0.011004189153310124
-0.011021205762888515
-0.011038413834527737
-0.01105568676954324
-0.011073144965006885
-0.011090739579589042
-0.01110846191317996
-0.011126318039839711
-0.01114431559019003
-0.011162453607677751
-0.011180720789138222
-0.011199122128413407
-0.011217661589132642
-0.011236324805831354
-0.011255132516024263
-0.011274089706482582
-0.011293186536929675
-0.011312448684996378
-0.011331847136164907
-0.0113513880664347
-0.011371102757178588
-0.011390972222527922
-0.011410980863080535
-0.011431138031206102
-0.011451437055618708
-0.011471906465841052
-0.01149251964059977
-0.01151337101050346
-0.011534295015600065
-0.011555453697912887
-0.011576775287052357
-0.011598196936484962
-0.011619788078022573
-0.01164158489046696
-0.011663522753204184
-0.01168562577265976
-0.01170797248270267
-0.011730435014970206
-0.011753067886662907
-0.011775872321926565
-0.011798854283428513
-0.011822090601453578
-0.011845505089926883
-0.011869097296454837
-0.011892836358700221
-0.01191681145049796
-0.011940971493878098
-0.011965334343736568
-0.011989896650139192
-0.012014630164122778
-0.012039579893870467
-0.012064753557780744
-0.01209010965539315
-0.012115664457102764
-0.01214143854548932
-0.01216742621736534
-0.012193626272853466
-0.01222004052288446
-0.012246671692815498
-0.012273519754815101
-0.012300588037257377
-0.012327886893340839
-0.012355404895536463
-0.01238314189586206
-0.01241110708732642
-0.012439300504326786
-0.012467746162643708
-0.012496424041870792
-0.012525346848087626
-0.012554507870266216
-0.012583907620435746
-0.012613560072347737
-0.012643461528628512
-0.01267361663241186
-0.012704029623002497
-0.012734698744812397
-0.012765631957926704
-0.012796833898384095
-0.012828308620961798
-0.012860040860635347
-0.01289204508050115
-0.012924325542962046
-0.01295688831316023
-0.012989735910241103
-0.013022872241478748
-0.013056298080386832
-0.01309002029957561
-0.013124040227485602
-0.013158357771407399
-0.013192977652413701
-0.013227911182108133
-0.013263151891213557
-0.013298710006409465
-0.013334585875002015
-0.013370781596761095
-0.013407304655435007
-0.013444152351336109
-0.013481348515808341
-0.013518878765764466
-0.013556750353544809
-0.013594970887340322
-0.013633544582020261
-0.013672475759734399
-0.013711767166876686
-0.013751422242782824
-0.013791449184481044
-0.013831842494304747
-0.013872616220481535
-0.013913771555471929
-0.013955314825739964
-0.013997229571291939
-0.014039569278910974
-0.01408231625091724
-0.014125477949899717
-0.014169067054184295
-0.014213080963320975
-0.014257522686763753
-0.014302401969619913
-0.014347719554951415
-0.014393482669048826
-0.01443969808564098
-0.014486369968551705
-0.014533505963348157
-0.014581111483022609
-0.014629189143908355
-0.01467775062929371
-0.014726805832203706
-0.014776352203490242
-0.014826404260564977
-0.014876966039682894
-0.014928045633616112
-0.014979656351851908
-0.015031803550315885
-0.015084497253740342
-0.015137745106276461
-0.015191546926013266
-0.015245926027131783
-0.015300873936182641
-0.015356419660003708
-0.015412558440952552
-0.015469298972734347
-0.015526652679637872
-0.015584634883961326
-0.015643254735816344
-0.015702536377206346
-0.015762483996988586
-0.015823087924613326
-0.01588438319516433
-0.015946380356353252
-0.016009088393136018
-0.016072524117158288
-0.016136699597942374
-0.016201628188238407
-0.016267326606789
-0.016333808280482927
-0.01640109071821989
-0.01646918918542307
-0.01653812830081961
-0.016607928043670072
-0.016678573535969937
-0.016750115467608132
-0.016822542629656653
-0.016895873683415833
-0.016970132445267683
-0.017045335553902058
-0.017121507551312296
-0.01719866660118041
-0.017276836340688266
-0.01735603594148445
-0.017436288446433305
-0.017517615613247585
-0.01760003623240685
-0.01768357615706408
-0.017768257756292274
-0.017854103713609636
-0.017941147079230804
-0.018029414749291844
-0.01811892621025181
-0.018209715212916512
-0.01830181194092868
-0.018395247602850863
-0.01849007537023169
-0.01858629185925635
-0.018683932607623296
-0.018783029719931243
-0.018883618220322158
-0.018985736194879557
-0.01908941425719631
-0.01919469499701244
-0.01930161499971328
-0.019410216228918663
-0.019520547057878545
-0.019632636398625763
-0.019746534150894262
-0.01986228805836694
-0.019979946126533525
-0.020099553992117207
-0.020221167821260037
-0.02034483409832608
-0.020470619043329228
-0.020598576893522385
-0.02072876792910306
-0.02086125691538459
-0.020996106303530424
-0.021133538286949083
-0.021273418838906055
-0.021415850326415308
-0.021560913100132563
-0.021708686320622225
-0.021859253085410937
-0.022012707188915546
-0.0221691368669379
-0.022328639362089474
-0.02249130395144906
-0.022657232190949488
-0.0228265370197878
-0.022999311034904272
-0.023175675919411724
-0.023355755689881356
-0.02353967752256379
-0.023727571009595938
-0.023919570741008526
-0.024115822831971737
-0.02431647873570998
-0.024521690948134105
-0.02473162806529811
-0.024946581054167596
-0.025166592351384465
-0.02539184607934984
-0.02562254386634582
-0.025858897629759296
-0.026101130322328574
-0.026349472821623077
-0.02660416732619468
-0.02686547414382724
-0.027133673232934
-0.027409033185969715
-0.027691887891150242
-0.02798253668601532
-0.028281321105194792
-0.028588602017381944
-0.0289047693854182
-0.029230224770149027
-0.029565405310858828
-0.029910774970984946
-0.03026683611741236
-0.030634121383254182
-0.031013217824622477
-0.03140478200715045
-0.03180945162649562
-0.03222799672889302
-0.03266127944772054
-0.033110241074694347
-0.03357594631386616
-0.034059598033645985
-0.0345625762597492
-0.03508648514968967
-0.035633201429632326
-0.03620494966657459
-0.0368044135743703
-0.037434834087483285
-0.03810018797222351
-0.03880538929904306
-0.03955656284853475
-0.040361407878512
-0.04122967130474308
-0.04217375527979676
-0.04320953759693783
-0.04435743995826991
-0.04564382551372756
-0.04710284319137324
-0.048778829373062764
-0.05072950706102923
-0.05303017151530115
-0.055779212586714776
-0.059105368450796184
-0.06317729135074682
-0.06821638612987571
-0.07451282884132279
-0.08244794595139743
-0.09252295863444714
-0.10539705250919726
-0.1219376125624478
-0.14328652436679756
-0.1709476905431872
-0.20690262532475692
-0.2537631048579518
-0.31497330440162996
-0.3950762524119689
-0.5000670168146013
