-0.5047269042051471
-0.4833936471698574
-0.46342248131531394
-0.4447055382654618
-0.4271449954357864
-0.41065200119197826
-0.3951457249611487
-0.3805525287723424
-0.366805230181181
-0.353842451628241
-0.34160804595055816
-0.3300505846135995
-0.3191229016307006
-0.3087816914934165
-0.29898714597652043
-0.289702631533971
-0.28089439811437594
-0.2725313221914882
-0.2645846722668441
-0.25702789904159373
-0.2498364412808627
-0.24298756979883082
-0.2364602167468443
-0.23023484404311859
-0.22429331709463873
-0.21861878684188432
-0.21319558940103214
-0.20800914641714469
-0.2030458841710764
-0.19829315727528765
-0.19373917013614403
-0.18937291404284973
-0.18518410762502108
-0.18116314292172686
-0.17730103351891827
-0.173589368904729
-0.1700202732033854
-0.16658636518374056
-0.16328072437093907
-0.16009685724509556
-0.15702866644825275
-0.15407042476595742
-0.15121674756397863
-0.14846257210571037
-0.145803165527076
-0.1432340082040393
-0.14075087001665781
-0.13834976518600683
-0.136026932466159
-0.13377882296234425
-0.1316020838446188
-0.129493550764307
-0.12745022875076986
-0.12546928411205724
-0.12354804072648545
-0.12168396014315394
-0.11987463707163001
-0.11811779180837437
-0.11641126167163854
-0.11475300145490598
-0.11314105988582991
-0.11157359370548904
-0.11004884215233965
-0.10856513171919932
-0.10712087899087253
-0.10571457163312967
-0.1043447751602442
-0.10301012140691165
-0.1017092931469414
-0.10044105585008888
-0.09920422435913182
-0.09799766178376604
-0.09682028334151464
-0.09567105927257935
-0.09454900373752285
-0.09345325517067433
-0.09238284125052443
-0.09133682501788322
-0.0903144360100188
-0.08931492928961726
-0.08833756652863038
-0.08738160187129823
-0.08644633678985794
-0.0855311300703716
-0.08463534789126842
-0.08375837545893561
-0.0828994192370136
-0.08205811288873768
-0.08123391085656159
-0.08042633428964811
-0.07963494840059925
-0.07885920860213341
-0.07809865931927716
-0.07735286446727548
-0.07662134827446856
-0.0759037367267018
-0.07519962178746264
-0.07450863127266674
-0.07383038593960782
-0.0731645444063122
-0.072510773956973
-0.07186874588391184
-0.07123811327275964
-0.07061859968094418
-0.07000990076110712
-0.06941173609315925
-0.06882382792981132
-0.06824589420693337
-0.06767770076509307
-0.06711897448093772
-0.06656947848784789
-0.06602899803650805
-0.06549730064194487
-0.06497415083268852
-0.06445936184712132
-0.0639526890617021
-0.06345406243147482
-0.06296314077438454
-0.062479774462670896
-0.062003808403607356
-0.061535084660203146
-0.061073422186291235
-0.060618663307000255
-0.060170635000069625
-0.05972919561447691
-0.05929417613366801
-0.05886545296562967
-0.05844288696331026
-0.05802636611448856
-0.05761571058287161
-0.05721083124098884
-0.05681162209762811
-0.05641791926867206
-0.05602971465249915
-0.055646878750497425
-0.05526925628504773
-0.05489669705155264
-0.054529195295692896
-0.054166514479400456
-0.05380860489400835
-0.0534553577579317
-0.05310672235202364
-0.05276258112985543
-0.05242289128708701
-0.0520875140629831
-0.05175636650629312
-0.051429340471847405
-0.05110636870841342
-0.05078735812774201
-0.05047225234198623
-0.050160955965220216
-0.04985344155338554
-0.049549688337139616
-0.04924958153899438
-0.04895308517679743
-0.04866015494022541
-0.048370549070842435
-0.04808407447263439
-0.04780067558353215
-0.04752043598031075
-0.04724310476462605
-0.04696896213986684
-0.0466980774177796
-0.046430778598004964
-0.04616697559594921
-0.04590627018540075
-0.045648703689092546
-0.04539394397151105
-0.04514200718115821
-0.04489305257979727
-0.04464681809261675
-0.04440333618964874
-0.04416252740564237
-0.04392441794114821
-0.04368902332531412
-0.04345611568978129
-0.04322574729053756
-0.04299787893227547
-0.042772442123827734
-0.04254955114128203
-0.04232895960049475
-0.04211064273085801
-0.041894740719115
-0.04168110228211212
-0.041469826497373234
-0.04126085797062536
-0.04105402699840188
-0.0408494208066356
-0.04064687699588626
-0.04044656624956193
-0.040248387921685884
-0.040052267483836945
-0.03985816326933357
-0.039666281910582815
-0.03947625622558496
-0.039288183130003845
-0.03910204064232748
-0.03891776818885201
-0.03873542200597901
-0.038554835900317976
-0.03837609050221449
-0.03819912048155933
-0.038023867132853134
-0.03785045154391285
-0.03767853851343489
-0.037508432792397545
-0.0373399843250991
-0.03717310843880588
-0.037008067805894336
-0.03684451470830113
-0.03668250516299199
-0.03652205602084168
-0.0363632666074412
-0.03620600405229666
-0.036050331471629476
-0.03589603593447502
-0.035743402565446954
-0.03559183569261534
-0.03544199401196374
-0.035293600096287674
-0.03514664145339772
-0.03500104809550712
-0.034856788268697
-0.03471327737528554
-0.034571536019077635
-0.034431249638253086
-0.03429253535584232
-0.0341544060170988
-0.03401778091780174
-0.03388248453312944
-0.03374846213520486
-0.03361614706771307
-0.033484495778623495
-0.033354141696608046
-0.033225220319834055
-0.0330974903107083
-0.03297111015869976
-0.03284601105955658
-0.03272213402588827
-0.03259904802897511
-0.03247731452159893
-0.03235696775558889
-0.032237955698380706
-0.032120228091955166
-0.03200339106529045
-0.031887817531231676
-0.031773468762764774
-0.03166071737352964
-0.031549024681548236
-0.03143845078941651
-0.031329303313321365
-0.031221337204378724
-0.031114758004963942
-0.031009447276813103
-0.030905557254085874
-0.030803036061739907
-0.030701915667258734
-0.03060210427681707
-0.03050334449476522
-0.030395673771872227
-0.03029950008004013
-0.030204579954085074
-0.030100065902337877
-0.030007718577107195
-0.029916919752989324
-0.029827625727888045
-0.029739821300955923
-0.029653122678076585
-0.029556617820141923
-0.029461166792730486
-0.029366592779296867
-0.029272968363612338
-0.02918011862572086
-0.029088227002121676
-0.028997418134056038
-0.028907765928048702
-0.028818396488356268
-0.028729762263245976
-0.02864204944248608
-0.028555077070571006
-0.028468959425999172
-0.028383592797978516
-0.02829910958500079
-0.028215542598972482
-0.028132458603629538
-0.0280500754217454
-0.027968546916695765
-0.027887595709257293
-0.027807607781051843
-0.027728216144276598
-0.027649403172102238
-0.027571189935447542
-0.02749351926908231
-0.027416375007719786
-0.027339794309496828
-0.027263801715183094
-0.027188379563555028
-0.027113443782538372
-0.027039434306932182
-0.0269660505045396
-0.026893283893308556
-0.02682115867629594
-0.026749501004021306
-0.026678134438007546
-0.02660730486102941
-0.02653708774183572
-0.02646755590931553
-0.02639919105158665
-0.026331633867502646
-0.026264922743356768
-0.026198740874647422
-0.02613311022880538
-0.026068045925054937
-0.026003607319367995
-0.02593943261176476
-0.02587582303111539
-0.025812614998611736
-0.02574977966665975
-0.025687540863114155
-0.025625914287912825
-0.02556446464538718
-0.02550346449418485
-0.025443238067155375
-0.02538321704915536
-0.02532375195849304
-0.025270676552535593
-0.02521438067774055
-0.025157818669624382
-0.0251011244338855
-0.02504504465103945
-0.024989312900426722
-0.02493444804423791
-0.024880320459848528
-0.02482679622714122
-0.024773954657763112
-0.02472156014436104
-0.024669456698519446
-0.0246174928294095
-0.02456617266914301
-0.02451529144906464
-0.024465002966866323
-0.024415111077866942
-0.024365773285634783
-0.02431683222500645
-0.024268445651466464
-0.024220371734897623
-0.024172571546326654
-0.024125486369367267
-0.024078802561075165
-0.024032462588406526
-0.023986643115774305
-0.02394107301338137
-0.023895944744166345
-0.023851455400073013
-0.023807356641003363
-0.023763569514932293
-0.023720157322045753
-0.0236773698371056
-0.02363479540733677
-0.023592657042950875
-0.02355081305036007
-0.023509675629353795
-0.023468825791288474
-0.023428264581974025
-0.0233881458375053
-0.02334837949990815
-0.02330916133838827
-0.02327034600778184
-0.023231886243912883
-0.023194061330354666
-0.02315645686501733
-0.023119337377620796
-0.0230825760030849
-0.02304625734305855
-0.023010288822910237
-0.022974709839177807
-0.02293959537824485
-0.02290483897254632
-0.022870384114286105
-0.022836552266075005
-0.022803085424222484
-0.022769932434929897
-0.022737399265720958
-0.022705394554852525
-0.022673925696547033
-0.022642511896866682
-0.022611588149404838
-0.022580896018515914
-0.0225505503381575
-0.02252071456618107
-0.022491210438718788
-0.022462205381594456
-0.022433590583027317
-0.02240514388692342
-0.022377167885348506
-0.022349455640959883
-0.022322157042004617
-0.022295496876301644
-0.022269170537962197
-0.02224303230195271
-0.022217193233729164
-0.022191473249124398
-0.022166221342568806
-0.022141276643909955
-0.02211661778593752
-0.02209235457453478
-0.02206813131703438
-0.022044191905132213
-0.022020149493557833
-0.021996192058545545
-0.021972580036934208
-0.021949263948339567
-0.021926152742889334
-0.0219034047222377
-0.021880862180786404
-0.021858560047641085
-0.021836650452267126
-0.021815126276046908
-0.02179411597236217
-0.021773143552837642
-0.021752154560565406
-0.021731993113410095
-0.021712270078745145
-0.021692661949127136
-0.02167339818827275
-0.021653936137128432
-0.02163520209779192
-0.021616959904503647
-0.02159910945272283
-0.021581212075272537
-0.02156407903011524
-0.021547512859984796
-0.021531007867824203
-0.021514840044916453
-0.021498974403824412
-0.021483993630693487
-0.021468757846135503
-0.02145365609999203
-0.021439156737516358
-0.02142494050276501
-0.021410972578447
-0.021397352261319672
-0.021384204558920265
-0.021371367271471032
-0.021358957118529198
-0.021346991977938566
-0.021335315983270937
-0.02132391071166963
-0.021312698177531075
-0.02130196149007905
-0.02129148397791714
-0.021281522372777917
-0.02127197369567777
-0.021262653687116214
-0.021253377899134767
-0.021244146359793332
-0.021235328011366145
-0.021226998119393124
-0.02121905151715738
-0.02121137420426868
-0.02120402138945848
-0.021196797655057307
-0.0211900845728949
-0.021183659900455922
-0.021177494940574682
-0.021171811059163586
-0.021166247461416716
-0.02116134469135597
-0.021156482723271915
-0.021151868668285945
-0.02114758899943732
-0.02114369765912225
-0.02113995379359487
-0.021136487810339784
-0.02113329071023009
-0.021130330465831796
-0.021127725902773977
-0.021125176599399054
-0.021122944399511144
-0.021121171860260416
-0.0211194479310492
-0.02111807323397877
-0.021116920624260214
-0.02111593385358674
-0.021115298179290375
-0.021114677018401272
-0.021114448478854048
-0.0211144675401067
-0.021114745159042374
-0.02111532430265703
-0.02111602537996962
-0.021116790649748834
-0.021118005180062873
-0.021119429692124655
-0.02112108912354138
-0.02112303009645125
-0.02112491682009756
-0.021127173540349622
-0.02112925120883638
-0.021131881297710955
-0.021134819731974668
-0.021137710986665573
-0.021141077401153813
-0.021144409935624955
-0.021148290167090848
-0.021152214487531504
-0.021156040571759255
-0.021160045352874246
-0.02116437605758083
-0.02116927908311415
-0.02117420820114581
-0.021179586207387444
-0.021185179890695887
-0.021190960183738377
-0.021196685424187543
-0.021202584827645667
-0.021208715888308083
-0.021214935236349885
-0.02122120696510237
-0.02122786951620234
-0.021234571704688683
-0.021241213450679915
-0.021247680194486765
-0.021254405327346387
-0.021260962638597905
-0.021267450982503096
-0.021273871982724266
-0.02128071214612258
-0.021287578890050524
-0.021294365531858206
-0.02130147999259809
-0.021308599276623354
-0.02131595582954067
-0.021323494135466997
-0.021330910315470616
-0.021338582761263894
-0.02134672709754197
-0.021355247552995723
-0.021363768750462257
-0.02137265545383976
-0.021381866555168456
-0.021391321865099826
-0.021400982531609818
-0.021411002464692488
-0.021421222102006157
-0.02143180864466354
-0.02144281646496673
-0.02145413993838986
-0.021465842867097452
-0.021477698190568648
-0.021490122999769323
-0.021502861671698518
-0.021516007849076285
-0.021529533234201627
-0.02154354591129389
-0.02155788563428018
-0.021572551809086855
-0.021587701902389046
-0.02160333999369919
-0.02161936598576126
-0.021635806450566387
-0.021652661141451736
-0.02167002338685429
-0.02168772690611232
-0.021705816085499062
-0.021724153066681486
-0.021742925595287652
-0.021762089312710203
-0.021781685717825267
-0.02180160989923189
-0.02182188515022062
-0.02184265615497172
-0.021863646468199858
-0.021885023726361273
-0.021906746342353744
-0.021928922456057723
-0.021951397325368015
-0.02197402513866487
-0.021996972129954467
-0.022020196458210586
-0.022043503635995682
-0.022067036005782397
-0.022090987367317117
-0.022115297535353982
-0.022139980832871727
-0.022164894437514373
-0.022190088111022258
-0.022215697677125085
-0.02224148829802201
-0.022267691808346306
-0.022293719662966827
-0.022320434189592772
-0.022347321625376504
-0.02237468383027067
-0.022402443042118338
-0.022430449050448477
-0.02245864295698655
-0.02248752964988849
-0.022516705569284493
-0.022546110110375342
-0.022575971070875635
-0.022606001537530094
-0.022636303416657646
-0.022667250946938756
-0.022698342319648145
-0.022729821224749487
-0.022761684036225367
-0.0227937318860565
-0.022825868225864278
-0.022858238975785063
-0.022890870396104247
-0.022924066196514884
-0.022957598236262998
-0.022991382334532916
-0.023025591901199568
-0.02305992100659154
-0.0230948141078163
-0.023129884663250846
-0.02316546603378899
-0.023201371672054064
-0.023237448916327768
-0.023274052877147396
-0.023310975682121052
-0.023348272411753333
-0.023385946414923618
-0.023423911140921017
-0.023462554733925865
-0.023501337435338457
-0.023540597272583102
-0.0235804183908125
-0.0236207233648638
-0.02366147398946108
-0.023702554553459803
-0.023744124615914023
-0.023785828811889505
-0.023828266617138185
-0.023871126683263095
-0.023914267221253567
-0.023957502456202692
-0.024001435723515097
-0.024045814659266068
-0.02409049714859255
-0.024135719066003605
-0.02418147919237373
-0.02422771971602851
-0.024274481227228195
-0.024321778109462084
-0.024369416729278958
-0.024417690438814865
-0.02446642004607823
-0.024515551998598176
-0.024565077585728613
-0.024615265549553834
-0.024665911026174946
-0.0247170402614916
-0.02476872756653944
-0.024820813164174102
-0.024873300517740428
-0.024926316352132508
-0.024979816167329794
-0.02503375312899479
-0.025088117479409127
-0.02514305511817066
-0.0251984983353707
-0.025254414952888358
-0.025310792872834418
-0.025367668838395894
-0.025425042635206688
-0.02548289586112891
-0.02554125878286619
-0.02560010635746875
-0.025659465441478135
-0.025719341111830222
-0.0257797447760828
-0.025840678722221816
-0.025902128686363463
-0.02596408454094136
-0.02602656924803228
-0.02608959370565102
-0.026153155527353235
-0.026217266106355927
-0.02628192362967335
-0.026347140236188466
-0.026412918812221714
-0.026479246076509314
-0.02654613933647274
-0.026613599383810645
-0.026681666153164505
-0.02675030925209743
-0.026819504010765084
-0.026889308978881143
-0.026959713768729906
-0.027030763672414592
-0.027102418947072434
-0.02717463906403357
-0.027247504253434408
-0.027320923520708296
-0.02739489475145294
-0.02746966248851185
-0.027544949743957905
-0.027621014157215056
-0.02769773204887066
-0.02777497531833619
-0.027853019231041706
-0.027931635398834354
-0.028010909829263846
-0.02809086141698629
-0.02817151159225803
-0.02825281757376514
-0.028334827368335005
-0.02841751739421492
-0.028500926637155487
-0.02858505171572858
-0.028669891785316808
-0.02875545072174564
-0.028841731616610723
-0.028928746009908815
-0.029016514390312855
-0.02910499924678195
-0.029194262464050637
-0.029284288373137846
-0.029375080699560036
-0.02946667138736826
-0.0295590608897343
-0.029652188915965542
-0.029746100110652127
-0.029840791313969026
-0.029936273874003536
-0.030032544825213798
-0.030129748791611094
-0.03022761948748357
-0.030326335689325922
-0.030425898811680705
-0.030526310805776523
-0.030627584444871812
-0.03072974136696638
-0.030832742452107348
-0.030936690075023424
-0.03104155758766222
-0.031147194256511617
-0.0312537408123434
-0.031361206971557753
-0.03146960499338207
-0.031578939918585
-0.031689221783715214
-0.0318004559363956
-0.03191268250177847
-0.03202587725938119
-0.03214004390422482
-0.03225522964121743
-0.03237142041576651
-0.03248862988847543
-0.03260688829937133
-0.03272617276051936
-0.0328464973451528
-0.032967896834081245
-0.033090338916355065
-0.03321385220041505
-0.03333844107994786
-0.033464091556931974
-0.033590821082641976
-0.03371866121296367
-0.03384755847535016
-0.0339775624898619
-0.034108661891907734
-0.034240881476711116
-0.03437421976102088
-0.03450882990468294
-0.03464447749743426
-0.034781376822140324
-0.034919265578983845
-0.03505841398271798
-0.0351987519348644
-0.03534028289233158
-0.03548305683609851
-0.03562716955999091
-0.03577251687225192
-0.03591915728982217
-0.03606693559260619
-0.03621598771774775
-0.036366434069932965
-0.03651816988515163
-0.03667123270177345
-0.036825749850266425
-0.03698134475096085
-0.037138327459992196
-0.03729673232314612
-0.037456680477043494
-0.03761801522475206
-0.03778075017447774
-0.0379448677772864
-0.03811028593032176
-0.038277380275713244
-0.03844587024573021
-0.03861571513514498
-0.03878705416827738
-0.03895969773020119
-0.03913387657473599
-0.03930971875546546
-0.03948681186076679
-0.03966550327362681
-0.03984581708967498
-0.04002782189341199
-0.040211290171489264
-0.040396328295938554
-0.04058295699704476
-0.040771299296813744
-0.04096511243892125
-0.041161662712785305
-0.041360187519612
-0.04156066311060658
-0.04176302340169054
-0.041962423108711934
-0.04216833300188948
-0.042376199018592436
-0.04258603347218916
-0.04279785154206207
-0.04301178527048944
-0.043227803646458514
-0.0434459505101223
-0.04366625159720921
-0.04388873441768717
-0.04411346453701492
-0.04434046247810683
-0.044569771524117334
-0.044801413749217193
-0.04503543479346728
-0.0452718665503386
-0.04551077671598047
-0.04575220154505167
-0.04599621115831053
-0.046242783310453714
-0.04649195755515206
-0.04674385499813811
-0.04699841927916804
-0.04725573228002026
-0.04751583700665517
-0.04777877299742279
-0.048044592653221266
-0.048313361631240004
-0.048585143810559867
-0.04885994352987856
-0.04913781288583264
-0.049418811407209856
-0.04970302146041857
-0.04999048139933034
-0.050281325035912344
-0.05057556074647656
-0.05087325860657967
-0.05117448376497965
-0.05147928158157574
-0.05178774992130752
-0.052099940570424365
-0.05241592381691995
-0.05273577990588325
-0.053059577667535954
-0.053387366755049286
-0.053719249469782286
-0.054055301307247394
-0.05439560998870834
-0.05474024295017288
-0.05508928379564969
-0.055442824813426134
-0.055800970538850504
-0.05616358103426417
-0.05653084311867374
-0.05690298554400839
-0.05728009715017974
-0.05766233694378495
-0.0580497762052892
-0.05844253632311562
-0.058840747571229646
-0.05924448193929488
-0.05965384727222552
-0.06006900449657449
-0.0604900693725113
-0.06091719463984508
-0.06135051709814635
-0.06179017460895215
-0.06223630627769501
-0.0626890651216018
-0.06314863182801472
-0.06361513761824869
-0.06408873022856165
-0.0645696467159152
-0.06505795283577391
-0.06555389222327666
-0.06605768690871261
-0.0665694680917313
-0.06708945905208008
-0.06761787138049041
-0.06815493611046838
-0.06870087330439202
-0.06925592316320708
-0.06982018437796135
-0.0703938932445147
-0.07097732403702202
-0.0715707640273492
-0.07217450549232453
-0.07278882284891999
-0.07341401239175994
-0.0740503680209079
-0.07469820520975232
-0.07535785513071352
-0.07602964962625756
-0.07671392824199912
-0.07741107356510157
-0.07812143479618806
-0.07884540642054501
-0.07958339110784837
-0.08033581970968408
-0.08110314050597829
-0.08188579391158649
-0.08268424842113722
-0.08349899593900467
-0.08433054819077741
-0.08517942016284945
-0.08604617878336276
-0.08693141715719176
-0.0878357243658287
-0.08875971724955556
-0.08970405699798423
-0.0906694380962232
-0.09165656413022163
-0.09266620230870462
-0.09369911971778846
-0.09475613116206452
-0.0958381020443902
-0.0969459182586328
-0.09808051688654211
-0.09924288403845147
-0.10043404886346612
-0.10165510110736557
-0.10290716508976637
-0.10419141943999641
-0.10550910589664281
-0.10686169327518624
-0.10825046068527462
-0.10967676516294253
-0.1111421296822727
-0.11264815773565998
-0.1141965369840301
-0.11578904933694126
-0.11742756852136876
-0.11911407128050328
-0.12085063923970893
-0.12263947360143658
-0.1244828979826547
-0.12638336772018277
-0.1283434791492379
-0.13036598030046653
-0.1324537763117287
-0.1346099486046475
-0.13683775798122486
-0.1391406634131361
-0.14152233421465094
-0.1439866653734613
-0.1465377921003469
-0.14918010913708435
-0.1519182897012933
-0.15475731289886163
-0.15770246921649397
-0.16075939504946252
-0.16393409926512637
-0.1672329891691159
-0.1706629060340116
-0.1742311520998081
-0.17794553188749135
-0.18181438801029207
-0.18584664330781284
-0.19005186268482724
-0.19444029149262865
-0.19902291491280902
-0.20381152105792247
-0.20881876404366648
-0.21405824379240615
-0.21954458894746057
-0.22529354095515627
-0.2313220546463779
-0.2376484049046497
-0.24429231185839456
-0.2512750670728008
-0.25861968218886283
-0.26635077519211137
-0.2744954237775926
-0.2830828852826821
-0.2921448423715019
-0.3017156317407484
-0.31183268538960196
-0.32253673799777033
-0.33387217340669284
-0.34588740928419404
-0.3586354946861877
-0.37217418395670476
-0.38656685010842967
-0.40188298136510486
-0.4181988910381588
-0.43559851099797503
-0.4541742945191347
-0.47402824572970087
-0.4952730957948529
