-0.5024034845781107
-0.480850590616429
-0.4606952883298386
-0.44182688291847666
-0.4241450128297119
-0.40755853422069444
-0.3919845418274869
-0.37734750823945207
-0.3635785331837783
-0.3506146546108328
-0.33839826850241433
-0.3268766001086111
-0.3160013089784475
-0.30572793319249775
-0.296015621310399
-0.28682677595665224
-0.27812675708298185
-0.2698836158800216
-0.26206785774805946
-0.2546522295025095
-0.24761152137638878
-0.2409223957221684
-0.23456323119546177
-0.22851397762399234
-0.22275603063721794
-0.21727210374663852
-0.2120461326023556
-0.20706317503732002
-0.20230932050767575
-0.1977716132340996
-0.19343798306996024
-0.18929715517786014
-0.1853386147318563
-0.18155254193834128
-0.17792976778240807
-0.17446180852933096
-0.17114064548778873
-0.1679587919603018
-0.16490922058534002
-0.16198534955258126
-0.15918099298679733
-0.15649036544267927
-0.1539080068105019
-0.15142882294876966
-0.14904801376540316
-0.14676104616723532
-0.14456364753056117
-0.14245183946862736
-0.14042183561490995
-0.1384700405664935
-0.13659311363283308
-0.13478791188340744
-0.13305147297212466
-0.13138101111052194
-0.12977388304267987
-0.12822765365404612
-0.12673996668943385
-0.12530849255658072
-0.12393125689012556
-0.12260630672514419
-0.12133178755222435
-0.12010591832707146
-0.11892706544694713
-0.1177936424617945
-0.11670420993063453
-0.11565739133908827
-0.11465164273254567
-0.11368574760468508
-0.11275854893633509
-0.11186892839198363
-0.11101580922137409
-0.1101982172203568
-0.10941509956449981
-0.10866574643219316
-0.10794927256599125
-0.10726491808984501
-0.10661180476461046
-0.10598926945529599
-0.10539661230771258
-0.10483327073166107
-0.10429861277009991
-0.10379204996128792
-0.1033131551088876
-0.10286133934174203
-0.10243620381574951
-0.10203739272964032
-0.10166444488845547
-0.10131703278314169
-0.1009947856136846
-0.10069748589967853
-0.10042478939400609
-0.10017643120591087
-0.09995226428487912
-0.09975203183568115
-0.09957553829173138
-0.09942269028107716
-0.09929337917659459
-0.09918736429138199
-0.09910465134295295
-0.09904518459365959
-0.09900894493133137
-0.09899590243665227
-0.099006055866157
-0.09903945178645343
-0.09909618145874124
-0.09917629744307736
-0.0992798659309657
-0.09940703429301137
-0.09955797943254659
-0.09973284809277609
-0.09993181385734978
-0.10015511889022023
-0.10040305169092667
-0.1006758732983597
-0.10097381298863806
-0.10129724840895393
-0.10164635423128515
-0.10202169544571248
-0.10242365696078311
-0.10285268991774171
-0.10330927640103285
-0.10379392039794635
-0.10430727465552105
-0.10485003662893547
-0.10542262844195537
-0.10602572628043351
-0.10666002308896809
-0.10732629272979703
-0.10802528813971735
-0.10875786876898846
-0.10952492035216108
-0.11032739239908654
-0.11116627239698627
-0.11204261710066672
-0.11295754595794709
-0.11391221118553295
-0.1149078571608087
-0.11594582205713953
-0.11702749789257601
-0.11815436641481923
-0.11932800934701789
-0.12055006812744132
-0.1218222369136798
-0.12314642316936857
-0.12452462538637829
-0.1259588618624822
-0.12745134555645768
-0.12900436389835565
-0.13062033128032705
-0.1323020123550714
-0.13405213637912644
-0.1358736065989619
-0.137769561495062
-0.13974330446750236
-0.1417983436595749
-0.14393836792710743
-0.14616734205793236
-0.14848947771109605
-0.1509092530365755
-0.1534314039730094
-0.15606100831186298
-0.15880350074064198
-0.16166466374683575
-0.164650648117806
-0.16776804511906362
-0.17102386095130784
-0.17442561780723964
-0.17798132202664327
-0.18169957193667385
-0.185589548572053
-0.1896611248995482
-0.19392486531862155
-0.19839209418063725
-0.2030749612100555
-0.20798652060312062
-0.21314080507826214
-0.2185528859472906
-0.2242389927736752
-0.23021659781053805
-0.23650453324397364
-0.24312310206152057
-0.25009429152503226
-0.2574417193132931
-0.26519098461361784
-0.27336978917333987
-0.28200813297286886
-0.2911385359125377
-0.3007961886982529
-0.31101946215157356
-0.3218500125968652
-0.3333331799327563
-0.3455183688564115
-0.3584594776912613
-0.37221537862786047
-0.3868504621141855
-0.402435244478849
-0.41904704339451165
-0.43677079218772535
-0.4556999058212576
-0.475937294697388
-0.4975965154218893
