-0.5134166748455408
-0.4922952434059019
-0.47250020436684476
-0.453929429555088
-0.4364898496175838
-0.4200965516519869
-0.4046719728341089
-0.39014518855989244
-0.3764512726595381
-0.363530727555044
-0.3513289717785106
-0.33979588686412937
-0.3288854038938645
-0.3185551375821218
-0.30876605382751665
-0.29948217200828825
-0.2906702955549976
-0.2822997703852478
-0.27434226574124765
-0.2667715749633782
-0.2595634285844411
-0.25269535583681707
-0.2461465129212424
-0.2398975577951626
-0.23393052572756234
-0.2282287201281888
-0.22277661200798887
-0.2175597471714618
-0.2125646608603641
-0.20777880363158072
-0.20319047010228358
-0.19878873319007528
-0.19456338708774654
-0.19050489249113012
-0.18660433095574017
-0.18285334452678917
-0.17924411846023397
-0.1757693283296629
-0.17242210704738375
-0.16919600374805102
-0.1660849648878805
-0.16308330673394328
-0.16018568772487227
-0.15738708559127101
-0.15468277081920273
-0.1520682930505536
-0.1495394529736012
-0.14709229642181898
-0.14472309339535364
-0.14242832532988736
-0.14020466942698329
-0.1380489825864696
-0.13595829418025862
-0.1339298102643819
-0.13196088040081894
-0.1300489766617648
-0.12819173330717137
-0.12638687430195789
-0.12463227974606765
-0.12292591473802185
-0.1212658443300507
-0.11965024314050748
-0.11807737405693004
-0.11654559646546787
-0.11505331009896669
-0.11359900837743764
-0.11218128938807942
-0.11079883630104016
-0.1094503385740931
-0.1081345599356986
-0.10685035886094428
-0.10559661139906946
-0.10437208153077605
-0.10317590674830951
-0.10200713026625548
-0.10086477575436155
-0.09974790204798674
-0.0986557293809696
-0.09758750266789469
-0.09654240533617964
-0.09551961405414705
-0.09451849394593709
-0.09353834564013985
-0.09257849628044344
-0.09163835352681043
-0.09071730562709336
-0.08981481736907662
-0.08893027785903884
-0.08806320748511337
-0.08721302180678055
-0.08637933466861919
-0.08556164306743423
-0.08475952967982572
-0.0839725578105065
-0.08320028968008307
-0.08244233332538238
-0.08169837226640868
-0.08096785634207194
-0.08025058439074953
-0.07954624502993587
-0.07885454099881443
-0.07817515197236322
-0.07750784876968005
-0.07685223450409319
-0.07620806297044039
-0.07557515705091472
-0.074953197814882
-0.0743419453549176
-0.07374118295555218
-0.07315068975396762
-0.07257035919063168
-0.07199990686315987
-0.07143787251423175
-0.0708856629349596
-0.07034262481130268
-0.06980885161942382
-0.06928397516199791
-0.06876803094081914
-0.06826043775474037
-0.06776145648796439
-0.06727105942017259
-0.06678889017977234
-0.06631451116919447
-0.06584850773479392
-0.06539098278866412
-0.06493594841237714
-0.06449288591102235
-0.06405139244049585
-0.06361413182627794
-0.06318378931980262
-0.06275984010688401
-0.0623424751250568
-0.061931478056697735
-0.06152678374942793
-0.06112811507229493
-0.06073511218436288
-0.060347999573555924
-0.05996655394549191
-0.0595906464726013
-0.0592200900723952
-0.05885469261622191
-0.058494264607886245
-0.05813871519626728
-0.05778782808704525
-0.05744128512061003
-0.05709887863339188
-0.05676031755216534
-0.05642542460186938
-0.05609412746457244
-0.05576609250135009
-0.05544082990927423
-0.05511817081775058
-0.05479806757941504
-0.05448000151613673
-0.05416398848135798
-0.05384977568755816
-0.05353714856502003
-0.05322627649759417
-0.05291701934795773
-0.052609390279208836
-0.05230379930820199
-0.05200019761657635
-0.05169866830109397
-0.051399113048387346
-0.05110189976853217
-0.05080710461729807
-0.05051472342033762
-0.050224762703910235
-0.04993722799697071
-0.049652195633542826
-0.0493697193602958
-0.04908971320142462
-0.04881235439456258
-0.04853755421675087
-0.0482655086067962
-0.04799604116175623
-0.0477296614360371
-0.047465947166804634
-0.0472051163334629
-0.04694738700382739
-0.046692513381362655
-0.04644052775845481
-0.04619141716772917
-0.045945173762278864
-0.045701873056873434
-0.045461372004330834
-0.045224026760306534
-0.04498969088795599
-0.04475826132197837
-0.04452984011810009
-0.04430437604563716
-0.04408186238188233
-0.04386223458320362
-0.0436455028108359
-0.0434315240765998
-0.04321996729390164
-0.043011411941515594
-0.04280568469452487
-0.04260265683344482
-0.04240154146085777
-0.04220295266880521
-0.042006227054461415
-0.041812580146924384
-0.0416215920656967
-0.04143294036683521
-0.04124626360583421
-0.04106185242248167
-0.040879431709566386
-0.04069905129772513
-0.040520685823398066
-0.040344382364536614
-0.04017029892658813
-0.03999782951017312
-0.03982733131326139
-0.039658728771951215
-0.039491870913063644
-0.039327048361789976
-0.03916083769875057
-0.038999319141612275
-0.038839421632093446
-0.038679547820131825
-0.038522710881255695
-0.03836736027323242
-0.03821408284057722
-0.03806130378221676
-0.037910944488577236
-0.03776168930857576
-0.03761445663931291
-0.03746837393268162
-0.03732303896708648
-0.03718012978678329
-0.03703897797645095
-0.036897380062390336
-0.03675486594000345
-0.0366172723799881
-0.03648042264992781
-0.036342323026173656
-0.03620652554636807
-0.03607102202646356
-0.035937407974357835
-0.03580840028400914
-0.03567733634507538
-0.03554754569248667
-0.03542247901747726
-0.03529713078470276
-0.03517027068235191
-0.03504419955311286
-0.03492305060380841
-0.03479926776530763
-0.03467655863246255
-0.0345574102146807
-0.03443917170598316
-0.03432231413289994
-0.03420700741857275
-0.03409161709030241
-0.03397751043691724
-0.03386442840221656
-0.03375222529008181
-0.03364107603981425
-0.033530236095200894
-0.033419589827619174
-0.03331090254486946
-0.033203311727258336
-0.03309775046994711
-0.03299142364492498
-0.03288582873034394
-0.032781095831788364
-0.03267809704712699
-0.03257605553467613
-0.032476032841158284
-0.03237657917045246
-0.03227781482747951
-0.0321788701427241
-0.03208151565346398
-0.03198486303047105
-0.031890111466094585
-0.03179528693332698
-0.03170301319957574
-0.03161149198540645
-0.031520541080449785
-0.031429363696740535
-0.03133983479172241
-0.03124991261612284
-0.031161268858138056
-0.031073392005346763
-0.030986065750408093
-0.03090020158670201
-0.0308160694819291
-0.03073228333439992
-0.030648587478839858
-0.03056598696944015
-0.030483276122766582
-0.030401908977195215
-0.03032162264822906
-0.030241991523599895
-0.0301636212338484
-0.03008501053430003
-0.030007000640350542
-0.029929793854654507
-0.029853299913997693
-0.029777198759750594
-0.02970225468490784
-0.02962815939229649
-0.029554692712774
-0.029482320283352258
-0.02941014705184837
-0.02933825749488378
-0.029268138932407654
-0.02919903122214042
-0.029130016761848895
-0.02906148428119398
-0.02899345213175259
-0.02892616454297277
-0.02885935361966955
-0.028793103348794844
-0.028727949389711526
-0.02866321550718849
-0.028599217489622998
-0.028535972960042125
-0.02847313447512844
-0.028411028000221127
-0.02834948416575789
-0.0282885072510951
-0.028228025718760787
-0.028167987772595694
-0.028108644617660807
-0.028050053455618233
-0.027991789042715695
-0.027934336671235984
-0.027877407727943122
-0.02782099232668229
-0.027765427806116245
-0.027710421376869215
-0.027655914782986502
-0.027601916964157428
-0.02754871816616188
-0.027495860171869647
-0.02744355957913272
-0.027391663794708893
-0.02734012199596498
-0.027289355589119584
-0.02723884750207358
-0.02718921356959078
-0.027140218341534406
-0.027091587000566922
-0.027043699969840407
-0.02699638537352605
-0.026949243308154187
-0.02690264308257804
-0.026856925061012497
-0.026811705940776788
-0.02676676705483333
-0.02672248619447231
-0.02667871197281474
-0.026634926189208305
-0.026592031965480305
-0.026549907855005637
-0.026508259276757935
-0.02646713052343752
-0.026426325943454076
-0.026385947941771768
-0.026346074026647067
-0.02630661427269741
-0.02626756681052795
-0.02622890643836107
-0.026190730046792125
-0.026152818056644392
-0.026115317667278683
-0.026078177657044187
-0.026041400253690953
-0.026004855138823987
-0.02596849901516963
-0.02593243282237515
-0.025897158744977014
-0.025862129007175206
-0.025827608925561706
-0.025793276199217455
-0.025759485826421402
-0.025725918256326842
-0.025692972561584784
-0.025660398128311515
-0.025628040961734187
-0.025595899554230764
-0.02556417571264195
-0.025532878781212593
-0.025502056165136545
-0.025471239833587206
-0.025440707575586793
-0.02541053326276578
-0.025380687678685634
-0.0253511534353816
-0.025321909904132026
-0.025292904279460543
-0.025264209139984502
-0.02523573866269491
-0.025207529957966556
-0.025179612656225803
-0.025151963821405814
-0.02512476620516488
-0.02509779670542795
-0.02507094293006699
-0.025044474195849105
-0.025018131501090154
-0.02499205903186124
-0.02496609873757714
-0.024940148477829376
-0.024914422901216496
-0.024888824079843667
-0.024863407654139497
-0.02483835857957623
-0.024813612015703125
-0.02478919131073372
-0.024765004529960687
-0.02474117301601707
-0.02471771223052017
-0.024694436893712687
-0.024671751105261597
-0.024649655218798142
-0.024628259292662512
-0.02460762693496639
-0.0245879900333846
-0.024569374944321924
-0.024551838363427732
-0.02453537253794449
-0.02451986395454894
-0.024505414657817765
-0.024491887023921133
-0.02447927046806678
-0.024467529840549916
-0.024456803239097907
-0.024446815310290443
-0.02443762094107554
-0.024429144625360943
-0.024421319059575612
-0.024413984262929497
-0.024407197876517333
-0.02440083140123175
-0.024394942270076492
-0.024389334204045068
-0.02438432737652339
-0.024379590144353733
-0.02437511208281716
-0.024370999512956258
-0.024367292967299285
-0.024363709230944112
-0.024360533462972213
-0.02435737919308041
-0.02435466431713055
-0.02435218122889148
-0.024349949699576837
-0.02434794322568498
-0.024346163788775643
-0.02434459509037165
-0.02434319957941147
-0.02434207326514365
-0.024341227388875102
-0.024340561180733886
-0.024340211431913797
-0.02434008670280046
-0.024340257151556757
-0.024340800067192907
-0.024341638799777517
-0.024342864468003565
-0.02434405394189616
-0.02434548110275145
-0.024347020703245306
-0.02434905045321896
-0.024351391560775284
-0.024354001054749587
-0.024356770202131752
-0.024359784582408023
-0.024363149283192963
-0.02436679208983642
-0.02437070906079417
-0.02437488718825291
-0.024379373981578602
-0.024384190376831188
-0.024389329455327624
-0.02439474984517803
-0.024400362628890053
-0.02440634555206378
-0.024412645925176904
-0.024419278109301966
-0.024426209877765993
-0.02443344136919731
-0.024440987994900413
-0.02444885573941438
-0.02445706194429164
-0.024465598690891346
-0.0244745238076209
-0.024483812148394173
-0.024493432546917045
-0.024503360525286344
-0.024513617242054666
-0.024524230476539694
-0.024535090304373747
-0.02454633542296178
-0.024557998930596153
-0.02456999136253463
-0.024582366860430766
-0.024595001207708782
-0.024607913852841105
-0.02462119144958222
-0.024634804495061592
-0.024648791570665934
-0.024663107486507095
-0.024677807655476842
-0.024692846279627114
-0.02470822122662393
-0.02472392427238074
-0.024739940341337908
-0.024756323986580463
-0.02477304828558148
-0.02479002686488225
-0.02480745203602704
-0.02482521566761993
-0.024843204333208066
-0.024861741868475833
-0.02488043521787414
-0.024899691268691564
-0.024919222356319676
-0.024939103123721152
-0.02495935688525945
-0.02497991608528667
-0.025000845345051235
-0.025022079309821567
-0.02504351155194104
-0.025065287333929577
-0.025087314100758068
-0.025109644232938055
-0.025132246273739747
-0.025155161723144418
-0.02517837374081824
-0.02520199208898243
-0.025225794218754108
-0.025250043147918726
-0.025274656361210263
-0.02529960405401519
-0.02532486716680455
-0.025350268191119452
-0.025376174364005005
-0.02540231298486059
-0.025428815694544145
-0.025455563015057768
-0.025482575105796726
-0.02551001858713481
-0.02553759981270938
-0.02556550345454578
-0.02559376424571229
-0.025622468555771244
-0.02565158605476579
-0.02568102053555794
-0.025710808178954946
-0.02574087778689582
-0.02577142993838611
-0.025802210719673813
-0.02583327936246164
-0.025864680524409208
-0.02589641916656201
-0.02592845680629082
-0.02596076496648171
-0.0259935101300218
-0.026026622976487498
-0.026060084038280473
-0.02609390629063918
-0.02612800769777025
-0.026162481317857606
-0.026197294918067108
-0.02623254498558693
-0.02626842498260181
-0.02630450855486015
-0.026341061957018155
-0.02637784251877767
-0.02641513973439623
-0.02645257822548768
-0.026490563972191798
-0.026528913399540183
-0.026567656844465794
-0.0266067758313274
-0.02664628947374652
-0.026686189726691588
-0.026726443351066054
-0.026767135498432272
-0.026808282371133314
-0.026849776610634053
-0.026891501706382468
-0.026933697801064083
-0.026976366308791893
-0.02701952883220488
-0.02706309553737581
-0.02710696706533115
-0.027151275170379685
-0.027196354203698845
-0.02724096251533035
-0.02728549562722931
-0.027330337765363793
-0.027375171404572227
-0.02742032540595884
-0.027465820251846927
-0.027511665808282192
-0.027558237874507955
-0.027604947030629125
-0.02765207242333229
-0.027699410396645932
-0.02774705027751238
-0.027795119635026764
-0.02784354818164901
-0.02789230602943152
-0.027941452750296008
-0.027990937196507453
-0.028040849819117097
-0.02809123529946461
-0.028141910218919618
-0.02819295632066265
-0.02824437860012652
-0.02829613652347644
-0.02834839161639106
-0.028400951749217782
-0.02845398599041464
-0.028507393932617895
-0.028561170218036024
-0.0286153485444335
-0.028670232726388738
-0.028725339744945178
-0.028780724490668805
-0.028836478672183027
-0.02889283455733474
-0.028949567086936842
-0.029006624944276055
-0.02906404101025633
-0.02912186212384423
-0.02918021460996948
-0.029238917731016882
-0.0292981385066998
-0.02935772815251869
-0.02941794826910641
-0.029478390672764608
-0.029539315527308346
-0.029600622941158575
-0.029662370398001712
-0.029724509777893895
-0.02978715791610885
-0.02985030536294793
-0.029913750427545162
-0.029977851017204165
-0.030042317458757295
-0.03010729578209508
-0.030172652092824177
-0.030238497738246134
-0.03030475202453769
-0.030371443779859057
-0.030438864501097552
-0.030506570246555186
-0.030574657413442057
-0.030643273609129044
-0.03071229817449813
-0.030781847223558548
-0.03085174551790703
-0.030922054865498906
-0.030992832877359686
-0.03106413304432799
-0.031135879647351553
-0.031208083502272187
-0.031280760781689815
-0.03135393101421446
-0.03142754665571188
-0.031501806574433425
-0.03157642592792457
-0.0316515327866094
-0.031727153154664435
-0.031803290154827454
-0.031880220822249616
-0.031957284908434934
-0.032035018081661815
-0.03211315073978701
-0.032191752415096926
-0.032271017828277265
-0.03235077019159837
-0.03243105020182201
-0.032511879782036096
-0.03259323032204373
-0.03267526314957941
-0.03275745480390152
-0.0328401860678931
-0.032923787611776605
-0.03300779236852247
-0.033092448035526724
-0.03317780358549027
-0.033263637943245966
-0.03334989999192872
-0.03343685062005403
-0.033524419139062456
-0.03361243263113802
-0.03370082466607265
-0.0337901184811778
-0.033879861920847965
-0.03397025203548693
-0.0340612150158717
-0.03415277846959098
-0.034244936866671356
-0.03433772960402949
-0.03443080612329084
-0.034524743416307915
-0.03461908858451711
-0.03471445873334893
-0.03480999392717309
-0.03490601827061273
-0.03500276110311668
-0.035100012358016006
-0.03519789467770763
-0.03529637991686644
-0.03539567648757894
-0.03549558462527646
-0.03559658030577874
-0.03569793141673863
-0.03580027033124068
-0.03590336024733322
-0.036006962051819975
-0.036111308629215945
-0.03621639767594585
-0.03632228334234862
-0.036428802107165696
-0.03653594685383908
-0.036643832174237126
-0.0367522527352001
-0.03686149577617841
-0.036971475887837106
-0.03708220192523676
-0.03719402547232967
-0.03730614514134498
-0.037419247294248247
-0.03753367296286423
-0.03764891241994653
-0.037764370270645005
-0.037880423855232936
-0.037997362453110695
-0.03811551790933207
-0.03823431240012221
-0.03835588763887407
-0.03847617455043384
-0.03859939703519621
-0.038723270015882466
-0.03884648107531137
-0.038970726638183836
-0.03909687139840864
-0.03922303364919118
-0.03935004740827895
-0.03947954984389254
-0.03960847349625648
-0.03973798031022515
-0.03986838113438491
-0.0400002000794033
-0.04013448009241503
-0.04026960374807251
-0.04040534159584846
-0.040541504988726655
-0.040679758615554416
-0.04081888853175104
-0.04095920145661012
-0.04110055747499312
-0.04124228480704267
-0.04138575458868336
-0.04153040098883242
-0.041676105311257136
-0.041822540327709636
-0.041970383460893185
-0.042119447849822675
-0.0422696349852172
-0.042420998277070826
-0.042573589092035916
-0.04272732350211879
-0.042882329130895624
-0.04303857322699234
-0.04319600596778155
-0.04335460674944039
-0.04351449338800194
-0.04367571485109942
-0.043838348197357296
-0.04400226546315655
-0.04416762776241638
-0.04433434175911413
-0.044502313105361145
-0.044671759279734
-0.04484257993561195
-0.045014853496152495
-0.04518855401713593
-0.04536372614764233
-0.045540367318596814
-0.045718519145078955
-0.04589817213935192
-0.046079325474900165
-0.04626204366423154
-0.0464462907830485
-0.046632112658469366
-0.04681959833004533
-0.04700872598412053
-0.04719948546783447
-0.047391980442751044
-0.04758616138580499
-0.04778205382275806
-0.047979683081250515
-0.048179122228598124
-0.048380341164798384
-0.0485833881742624
-0.04878824774498731
-0.048994906860411115
-0.04920346498500899
-0.049413903478843356
-0.04962625299930105
-0.049840564917141846
-0.050056835781810756
-0.05027513250468707
-0.05049546591607154
-0.05071789406805414
-0.050942363018519114
-0.05116893720952912
-0.05139759049095911
-0.051628361126310855
-0.051861339590485424
-0.05209651206542685
-0.05233389594715296
-0.0525735276352134
-0.05281543339575874
-0.053059621167081586
-0.05330617955210206
-0.05355521806488802
-0.05380665078207257
-0.054060525099516886
-0.0543168582154061
-0.0545756767576429
-0.05483698350744381
-0.05510082552353168
-0.05536724883119098
-0.05563622550692291
-0.055907811141143515
-0.05618200733449126
-0.056458819896116244
-0.05673833467673936
-0.05702054408317835
-0.057305498908418316
-0.05759318140631671
-0.05788361830333964
-0.058176881342617844
-0.058472986129346656
-0.05877193786715058
-0.05907378423271658
-0.05937846074852148
-0.05968620576687837
-0.059996852835035565
-0.06031057415136993
-0.06062739885357214
-0.06094741385292126
-0.061270658777044414
-0.06159720796332087
-0.06192716806422521
-0.06226057981475336
-0.06259751571321981
-0.06293804990999774
-0.06328232074160046
-0.06363047989660704
-0.0639826225841806
-0.06433891123114394
-0.06469943810576541
-0.06506433191606077
-0.06543370266617735
-0.06580768209573046
-0.06618640629393742
-0.06656995413008844
-0.06695847976666756
-0.06735208753816546
-0.06775088135614545
-0.06815499791594978
-0.06856441191879843
-0.06897934550705125
-0.06940000327598889
-0.06982651501854374
-0.07025902435636003
-0.07069770847411992
-0.07114270232959312
-0.07159414430728843
-0.07205224257501466
-0.07251714527894658
-0.07298900959742326
-0.07346801596810508
-0.07395427218542185
-0.07444807708674363
-0.07494941792065
-0.07545874127210862
-0.07597604186811459
-0.07650161007686526
-0.07703566500883544
-0.07757839768611323
-0.07812997574272136
-0.07869060401851456
-0.07926055012036393
-0.07984013590799542
-0.08042956024207623
-0.08102904295685343
-0.08163884848945663
-0.08225926421777753
-0.08289048816137799
-0.08353278270797794
-0.08418649100484007
-0.08485180005330623
-0.0855290464250414
-0.08621853888899494
-0.08692061844225278
-0.0876355828551124
-0.08836386175508468
-0.08910575906214714
-0.08986172442264505
-0.09063209047716905
-0.09141727398636217
-0.09221779861087043
-0.0930340484139581
-0.0938678765271664
-0.09471816679643096
-0.0955856930537126
-0.09647099813886223
-0.09737462549278375
-0.09829718229221601
-0.0992393110098442
-0.10020165847823972
-0.1011849431545569
-0.10218989169763713
-0.10321724469545024
-0.10426780221787514
-0.10534239019315654
-0.10644176284088559
-0.1075668655554547
-0.1087186012346311
-0.1098979145077134
-0.11110581057706082
-0.11234332349196396
-0.11361158358159645
-0.11491174891383489
-0.11624501454546383
-0.1176126548371572
-0.11901598955803452
-0.12045638565035188
-0.12193530122048667
-0.12345428541494233
-0.12501496151827873
-0.12661906081735133
-0.12826837790879678
-0.12996483918883486
-0.13171048258497756
-0.13350743629146958
-0.13535797500553887
-0.1372645182573408
-0.1392295994568533
-0.14125592189679567
-0.14334635035486812
-0.14550395174488873
-0.14773185656065024
-0.1500335913623823
-0.15241279007349812
-0.15487332540827517
-0.15741930916322325
-0.16005538424904064
-0.16278593076746867
-0.16561591757049568
-0.1685506330137556
-0.17159572042855908
-0.17475720205102419
-0.17804149143912376
-0.18145545673025087
-0.18500643525228605
-0.18870227570353937
-0.19255138474167677
-0.19656277303395842
-0.2007461025755323
-0.20511173984266082
-0.20967082199814502
-0.21443531630963517
-0.21941809464402
-0.22463301230479113
-0.23009499565998287
-0.23582014801478154
-0.24182582342421585
-0.24813078093678498
-0.25475529975172506
-0.2617213179484818
-0.26905260633829303
-0.27677493530801983
-0.2849162866541014
-0.29350706419178535
-0.3025803280304259
-0.31217370247709914
-0.32232506812437195
-0.33307721620420694
-0.34447694528571704
-0.3565754659360468
-0.3694288868122059
-0.38309876116562097
-0.39765270280699194
-0.4131650872321752
-0.4297207149408533
-0.44740726800067
-0.4663246086791085
-0.48658332515445923
