-0.5134166748455273
-0.492295243405612
-0.4725002043663191
-0.4539294295543621
-0.4364898496166882
-0.42009655165094595
-0.40467197283294465
-0.39014518855862423
-0.3764512726581804
-0.3635307275536114
-0.35132897177701367
-0.3397958868625776
-0.3288854038922663
-0.3185551375804855
-0.3087660538258485
-0.2994821720065941
-0.2906702955532821
-0.2822997703835155
-0.2743422657395031
-0.266771574961624
-0.2595634285826819
-0.25269535583505687
-0.24614651291948336
-0.23989755779340716
-0.23393052572580714
-0.22822872012644108
-0.22277661200624954
-0.21755974716973397
-0.2125646608586486
-0.2077788036298787
-0.20319047010059527
-0.19878873318840193
-0.19456338708608967
-0.190504892489489
-0.18660433095411666
-0.1828533445251831
-0.179244118458646
-0.17576932832809397
-0.17242210704583358
-0.1691960037465198
-0.16608496488636879
-0.1630833067324505
-0.16018568772339933
-0.1573870855898171
-0.15468277081776827
-0.1520682930491383
-0.14953945297220209
-0.14709229642043906
-0.14472309339399203
-0.14242832532854685
-0.14020466942566048
-0.13804898258516402
-0.13595829417897093
-0.133929810263112
-0.13196088039956555
-0.13004897666052787
-0.1281917333059493
-0.1263868743007518
-0.12463227974487659
-0.12292591473684734
-0.12126584432889162
-0.11965024313936255
-0.11807737405579921
-0.11654559646435114
-0.11505331009786315
-0.1135990083763464
-0.11218128938700081
-0.11079883629997395
-0.10945033857303967
-0.10813455993465806
-0.10685035885991537
-0.10559661139805222
-0.10437208152976975
-0.10317590674731512
-0.10200713026527204
-0.10086477575338916
-0.09974790204702595
-0.09865572938001932
-0.09758750266695446
-0.09654240533524937
-0.09551961405322629
-0.09451849394502601
-0.09353834563923774
-0.09257849627955038
-0.09163835352592642
-0.09071730562621812
-0.08981481736820993
-0.08893027785818078
-0.08806320748426398
-0.08721302180593932
-0.0863793346677858
-0.08556164306660886
-0.08475952967900653
-0.0839725578096962
-0.08320028967928067
-0.08244233332458746
-0.08169837226562138
-0.0809678563412918
-0.08025058438997663
-0.07954624502916882
-0.07885454099805521
-0.07817515197161028
-0.07750784876893262
-0.07685223450334962
-0.07620806296970278
-0.07557515705018181
-0.07495319781415483
-0.0743419453541954
-0.07374118295483423
-0.07315068975325441
-0.07257035918992463
-0.07199990686245696
-0.07143787251353298
-0.0708856629342649
-0.07034262481061172
-0.06980885161873876
-0.0692839751613182
-0.06876803094014336
-0.06826043775406845
-0.06776145648729602
-0.06727105941950756
-0.06678889017911047
-0.0663145111685356
-0.06584850773413889
-0.06539098278801243
-0.06493594841172973
-0.06449288591037806
-0.06405139243985457
-0.06361413182563948
-0.06318378931916718
-0.06275984010625126
-0.06234247512442621
-0.06193147805607139
-0.06152678374880723
-0.06112811507167753
-0.06073511218374831
-0.06034799957294647
-0.05996655394488614
-0.059590646471997855
-0.05922009007179529
-0.05885469261562472
-0.05849426460729102
-0.05813871519567401
-0.0577878280864538
-0.05744128512002075
-0.0570988786328071
-0.05676031755158419
-0.05642542460129758
-0.05609412746400381
-0.05576609250078424
-0.05544082990871093
-0.05511817081719822
-0.05479806757886192
-0.054480001515589994
-0.05416398848081399
-0.05384977568701566
-0.05353714856447974
-0.053226276497058855
-0.052917019347428096
-0.05260939027868533
-0.05230379930768357
-0.0520001976160629
-0.05169866830058484
-0.05139911304788216
-0.051101899768030916
-0.05080710461680039
-0.050514723419845926
-0.050224762703423055
-0.04993722799648638
-0.04965219563306333
-0.049369719359820964
-0.04908971320095309
-0.04881235439409674
-0.04853755421628942
-0.0482655086063398
-0.04799604116130399
-0.04772966143558861
-0.04746594716636156
-0.047205116333026154
-0.04694738700339843
-0.046692513380933456
-0.04644052775803436
-0.04619141716732011
-0.04594517376187201
-0.04570187305647145
-0.04546137200393268
-0.04522402675991529
-0.04498969088756735
-0.04475826132159595
-0.04452984011771915
-0.04430437604525881
-0.04408186238151186
-0.04386223458283715
-0.043645502810472574
-0.04343152407624303
-0.043219967293545644
-0.043011411941164736
-0.04280568469417982
-0.04260265683309821
-0.04240154146050886
-0.04220295266846189
-0.04200622705412455
-0.041812580146585746
-0.041621592065358586
-0.04143294036650025
-0.041246263605496235
-0.041061852422143615
-0.040879431709229724
-0.04069905129739013
-0.04052068582306555
-0.04034438236420142
-0.0401702989262563
-0.039997829509844304
-0.03982733131293261
-0.03965872877162463
-0.039491870912741436
-0.03932704836147162
-0.039160837698436646
-0.03899931914130313
-0.03883942163178776
-0.0386795478198311
-0.038522710880958655
-0.03836736027294252
-0.03821408284029156
-0.03806130378193651
-0.03791094448829967
-0.03776168930830842
-0.037614456639047646
-0.03746837393242009
-0.037323038966830806
-0.037180129786534066
-0.03703897797620844
-0.036897380062152076
-0.03675486593977677
-0.0366172723797698
-0.03648042264971649
-0.03634232302597
-0.03620652554617495
-0.03607102202628361
-0.03593740797418924
-0.03580840028384978
-0.03567733634492744
-0.035547545692350024
-0.03542247901735269
-0.035297130784591055
-0.035170270682256324
-0.03504419955303177
-0.034923050603744975
-0.034799267765262064
-0.03467655863243864
-0.03455741021462985
-0.03443917170591355
-0.03432231413282051
-0.03420700741848301
-0.034091617090208956
-0.03397751043681157
-0.03386442840210737
-0.033752225289962356
-0.03364107603968544
-0.033530236095081926
-0.0334195898275003
-0.033310902544767325
-0.03320331172716398
-0.0330977504698676
-0.03299142364485299
-0.03288582873028437
-0.032781095831737134
-0.032678097047077324
-0.0325760555346356
-0.03247603284112538
-0.032376579170426786
-0.032277814827460595
-0.03217887014271182
-0.03208151565345663
-0.03198486303046687
-0.03189011146609214
-0.03179528693332559
-0.03170301319957361
-0.031611491985402175
-0.031520541080442686
-0.03142936369672908
-0.03133983479170901
-0.031249912616109477
-0.03116126885812366
-0.031073392005325395
-0.030986065750382645
-0.03090020158667141
-0.03081606948187965
-0.030732283334343545
-0.030648587478776523
-0.030565986969378182
-0.03048327612269816
-0.030401908977119495
-0.03032162264813418
-0.030241991523493793
-0.03016362123373055
-0.030085010534173666
-0.03000700064021386
-0.029929793854507687
-0.029853299913841325
-0.029777198759584962
-0.029702254684732945
-0.029628159392113308
-0.02955469271258342
-0.029482320283154378
-0.029410147051642944
-0.0293382574946713
-0.029268138932188634
-0.02919903122191484
-0.029130016761617247
-0.029061484280956253
-0.0289934521315094
-0.02892616454272446
-0.028859353619416554
-0.02879310334853714
-0.028727949389449725
-0.028663215506922603
-0.028599217489353825
-0.028535972959769854
-0.02847313447485265
-0.02841102799994201
-0.028349484165475586
-0.028288507250809863
-0.028228025718473142
-0.028167987772305895
-0.028108644617369092
-0.02805005345532523
-0.02799178904242121
-0.027934336670940554
-0.027877407727647102
-0.02782099232638574
-0.02776542780581953
-0.027710421376572276
-0.02765591478268906
-0.02760191696385953
-0.027548718165864045
-0.027495860171572368
-0.02744355957883561
-0.02739166379441205
-0.027340121995669507
-0.02728935558882489
-0.027238847501780118
-0.027189213569298935
-0.027140218341244093
-0.027091587000278288
-0.02704369996955309
-0.026996385373240162
-0.026949243307870074
-0.02690264308229564
-0.026856925060731496
-0.026811705940497456
-0.02676676705455592
-0.02672248619419689
-0.026678711972541482
-0.026634926188937404
-0.026592031965211538
-0.026549907854738777
-0.026508259276493206
-0.02646713052317422
-0.0264263259431924
-0.026385947941511802
-0.026346074026388534
-0.026306614272440316
-0.026267566810271963
-0.026228906438106804
-0.026190730046539393
-0.026152818056393193
-0.02611531766702919
-0.02607817765679639
-0.026041400253444355
-0.026004855138578895
-0.025968499014926493
-0.025932432822133533
-0.025897158744736633
-0.02586212900693629
-0.02582760892532475
-0.025793276198982522
-0.02575948582618818
-0.025725918256095753
-0.025692972561355356
-0.02566039812808412
-0.025628040961508475
-0.02559589955400629
-0.02556417571241882
-0.025532878780990777
-0.02550205616491614
-0.025471239833367944
-0.025440707575368798
-0.025410533262549113
-0.025380687678470175
-0.025351153435167213
-0.025321909903919013
-0.025292904279248293
-0.02526420913977309
-0.025235738662484252
-0.0252075299577565
-0.02517961265601664
-0.02515196382119706
-0.025124766204956527
-0.025097796705220905
-0.025070942929857114
-0.0250444741956463
-0.025018131500890085
-0.024992059031657837
-0.02496609873737895
-0.024940148477633914
-0.024914422901024736
-0.024888824079636815
-0.024863407653935295
-0.02483835857936748
-0.024813612015493557
-0.024789191310527068
-0.02476500452974886
-0.024741173015805487
-0.024717712230309274
-0.024694436893513527
-0.024671751105061993
-0.024649655218601744
-0.024628259292466217
-0.024607626934770827
-0.0245879900331874
-0.024569374944122712
-0.024551838363228124
-0.0245353725377488
-0.024519863954352707
-0.02450541465762081
-0.024491887023722906
-0.02447927046786833
-0.02446752984035206
-0.0244568032388916
-0.02444681531008799
-0.024437620940874958
-0.024429144625160788
-0.02442131905937516
-0.024413984262729012
-0.02440719787631649
-0.02440083140103023
-0.02439494226987397
-0.024389334203841685
-0.0243843273763145
-0.024379590144144092
-0.024375112082605024
-0.024370999512743553
-0.024367292967082742
-0.02436370923072662
-0.02436053346275442
-0.02435737919286841
-0.024354664316918764
-0.024352181228682736
-0.024349949699365527
-0.024347943225475368
-0.024346163788567365
-0.02434459509016438
-0.02434319957920431
-0.02434207326492906
-0.024341227388654876
-0.024340561180501492
-0.024340211431678697
-0.02434008670257398
-0.02434025715133913
-0.024340800066974425
-0.02434163879954969
-0.02434286446776732
-0.024344053941661052
-0.024345481102518936
-0.02434702070301378
-0.024349050452986666
-0.024351391560538248
-0.024354001054524177
-0.024356770201909277
-0.024359784582188286
-0.024363149282979307
-0.02436679208961166
-0.024370709060571604
-0.024374887188034138
-0.024379373981354282
-0.024384190376606052
-0.024389329455107623
-0.0243947498449508
-0.024400362628660428
-0.02440634555183904
-0.024412645924963394
-0.024419278109077118
-0.024426209877534355
-0.024433441368969657
-0.02444098799466117
-0.024448855739172687
-0.024457061944054698
-0.02446559869065967
-0.02447452380738258
-0.024483812148158552
-0.024493432546695365
-0.024503360525054217
-0.024513617241819854
-0.02452423047630326
-0.024535090304145454
-0.0245463354227277
-0.024557998930362302
-0.024569991362296255
-0.024582366860197324
-0.024595001207480642
-0.024607913852615515
-0.024621191449358846
-0.024634804494827002
-0.024648791570430706
-0.02466310748627062
-0.024677807655239473
-0.024692846279381227
-0.024708221226369
-0.02472392427213187
-0.024739940341090404
-0.02475632398633362
-0.024773048285334838
-0.024790026864631234
-0.024807452035785167
-0.024825215667365987
-0.02484320433296233
-0.024861741868228045
-0.024880435217620397
-0.024899691268440372
-0.0249192223560746
-0.024939103123466557
-0.02495935688502013
-0.024979916085048792
-0.025000845344798885
-0.025022079309569054
-0.02504351155168939
-0.025065287333674486
-0.025087314100511866
-0.025109644232693743
-0.02513224627349452
-0.025155161722892252
-0.025178373740571386
-0.02520199208873375
-0.02522579421850599
-0.025250043147665747
-0.025274656360968942
-0.02529960405377622
-0.025324867166565623
-0.02535026819087547
-0.025376174363756283
-0.025402312984610494
-0.025428815694301214
-0.025455563014815007
-0.025482575105551627
-0.025510018586893078
-0.025537599812464038
-0.02556550345431281
-0.02559376424546693
-0.025622468555530332
-0.02565158605452587
-0.025681020535311655
-0.025710808178709247
-0.025740877786652235
-0.025771429938139006
-0.02580221071942593
-0.025833279362233768
-0.025864680524188603
-0.025896419166331872
-0.02592845680605518
-0.025960764966232425
-0.02599351012977011
-0.026026622976231838
-0.026060084038024928
-0.026093906290392963
-0.026128007697525595
-0.026162481317614828
-0.02619729491782466
-0.026232544985329686
-0.02626842498232715
-0.026304508554588116
-0.026341061956743465
-0.02637784251851963
-0.026415139734132162
-0.026452578225229544
-0.026490563971935655
-0.026528913399282532
-0.026567656844205027
-0.0266067758310617
-0.026646289473479023
-0.026686189726421207
-0.026726443350792942
-0.02676713549817121
-0.02680828237087509
-0.02684977661037451
-0.026891501706125195
-0.026933697800805467
-0.02697636630853097
-0.02701952883194294
-0.02706309553712061
-0.027106967065070767
-0.027151275170121447
-0.02719635420343076
-0.027240962515061345
-0.0272854956269596
-0.027330337765094716
-0.027375171404304573
-0.027420325405696628
-0.027465820251587583
-0.027511665808017036
-0.027558237874244183
-0.027604947030361416
-0.027652072423063664
-0.027699410396376405
-0.027747050277242044
-0.027795119634755887
-0.02784354818137783
-0.02789230602916023
-0.027941452750024985
-0.02799093719623553
-0.02804084981884473
-0.028091235299191834
-0.028141910218646187
-0.028192956320388655
-0.028244378599852543
-0.0282961365232024
-0.0283483916161169
-0.02840095174894327
-0.0284539859901395
-0.028507393932342848
-0.028561170217760487
-0.028615348544158207
-0.028670232726113486
-0.028725339744669648
-0.028780724490393074
-0.02883647867190712
-0.02889283455705856
-0.028949567086660608
-0.029006624943999353
-0.029064041009979186
-0.02912186212356704
-0.0291802146096923
-0.02923891773073933
-0.029298138506422294
-0.02935772815224113
-0.029417948268828712
-0.029478390672487205
-0.02953931552703051
-0.02960062294088022
-0.029662370397723316
-0.029724509777615232
-0.029787157915830087
-0.02985030536266911
-0.029913750427265996
-0.029977851016924434
-0.03004231745847749
-0.030107295781815136
-0.03017265209254298
-0.03023849773796466
-0.030304752024256174
-0.03037144377957762
-0.03043886450081615
-0.030506570246273883
-0.030574657413161024
-0.0306432736088486
-0.03071229817421819
-0.03078184722327891
-0.03085174551762723
-0.030922054865219418
-0.030992832877080163
-0.031064133044048512
-0.031135879647071808
-0.031208083501992404
-0.03128076078140968
-0.03135393101393459
-0.03142754665543181
-0.031501806574153246
-0.03157642592764411
-0.03165153278632876
-0.03172715315438375
-0.03180329015454667
-0.03188022082196851
-0.03195728490815416
-0.03203501808138111
-0.03211315073950619
-0.03219175241481624
-0.032271017827996275
-0.03235077019131776
-0.03243105020154081
-0.03251187978175483
-0.03259323032176086
-0.03267526314929595
-0.03275745480361701
-0.032840186067607795
-0.032923787611490556
-0.03300779236823526
-0.03309244803523836
-0.033177803585200775
-0.033263637942955386
-0.03334989999163683
-0.033436850619761156
-0.0335244191387685
-0.033612432630843285
-0.03370082466577796
-0.0337901184808821
-0.033879861920551105
-0.033970252035189843
-0.03406121501557405
-0.03415277846929332
-0.0342449368663733
-0.03433772960373159
-0.03443080612299348
-0.03452474341601052
-0.03461908858421816
-0.034714458733050825
-0.03480999392687003
-0.03490601827030967
-0.035002761102814375
-0.035100012357712554
-0.0351978946774044
-0.03529637991656347
-0.03539567648727614
-0.03549558462497348
-0.0355965803054751
-0.03569793141643477
-0.03580027033093656
-0.03590336024702836
-0.03600696205151381
-0.036111308628908746
-0.03621639767563614
-0.03632228334203814
-0.036428802106854986
-0.03653594685352715
-0.03664383217392399
-0.036752252734886304
-0.036861495775862285
-0.03697147588752016
-0.037082201924920066
-0.03719402547201391
-0.03730614514103051
-0.03741924729393487
-0.0375336729625527
-0.03764891241963631
-0.03776437027033568
-0.03788042385492469
-0.03799736245280346
-0.03811551790902551
-0.038234312399816894
-0.038355887638569994
-0.03847617455013091
-0.0385993970348935
-0.03872327001557954
-0.038846481075009646
-0.03897072663788325
-0.03909687139810946
-0.03922303364889309
-0.03935004740798224
-0.03947954984359763
-0.03960847349596505
-0.03973798030993522
-0.039868381134096166
-0.0400002000791162
-0.04013448009212891
-0.04026960374778735
-0.04040534159556621
-0.04054150498844485
-0.04067975861527277
-0.040818888531469644
-0.04095920145632444
-0.04110055747470875
-0.0412422848067569
-0.04138575458839754
-0.04153040098854633
-0.04167610531097069
-0.04182254032742207
-0.04197038346060389
-0.04211944784953184
-0.04226963498492409
-0.0424209982767755
-0.04257358909173766
-0.042727323501817606
-0.04288232913059024
-0.04303857322668338
-0.043196005967467914
-0.04335460674912365
-0.0435144933876808
-0.04367571485077596
-0.043838348197031966
-0.04400226546283004
-0.044167627762089066
-0.04433434175878632
-0.04450231310503335
-0.044671759279406816
-0.04484257993528508
-0.04501485349582625
-0.045188554016810205
-0.04536372614731493
-0.04554036731827001
-0.04571851914475245
-0.045898172139025355
-0.046079325474573045
-0.04626204366390411
-0.04644629078272036
-0.04663211265814068
-0.046819598329715585
-0.04700872598378966
-0.04719948546750225
-0.04739198044241716
-0.04758616138546938
-0.047782053822420616
-0.04797968308091092
-0.04817912222825638
-0.048380341164454395
-0.04858338817391623
-0.048788247744638434
-0.048994906860059625
-0.04920346498465464
-0.04941390347848639
-0.049626252998940946
-0.049840564916778796
-0.050056835781444674
-0.05027513250431783
-0.05049546591569922
-0.050717894067678605
-0.05094236301814057
-0.051168937209146746
-0.05139759049057363
-0.05162836112592168
-0.05186133959009265
-0.0520965120650303
-0.05233389594675267
-0.05257352763480917
-0.052815433395350636
-0.05305962116666943
-0.05330617955168596
-0.05355521806446777
-0.05380665078164862
-0.05406052509908892
-0.05431685821497423
-0.05457567675720749
-0.05483698350700467
-0.05510082552310751
-0.05536724883076221
-0.05563622550648969
-0.05590781114070598
-0.05618200733405005
-0.05645881989567124
-0.056738334676290934
-0.05702054408272668
-0.05730549890796361
-0.057593181405859166
-0.057883618302879546
-0.05817688134215528
-0.05847298612888165
-0.05877193786668339
-0.05907378423224775
-0.05937846074805127
-0.05968620576640686
-0.059996852834562846
-0.060310574150896
-0.06062739885309782
-0.06094741385242108
-0.061270658776544105
-0.06159720796281909
-0.06192716806372236
-0.06226057981424925
-0.06259751571271453
-0.06293804990949078
-0.06328232074109177
-0.06363047989609616
-0.0639826225836672
-0.0643389112306277
-0.06469943810524657
-0.0650643319155388
-0.0654337026656515
-0.06580768209520055
-0.06618640629342101
-0.06656995412956716
-0.066958479766141
-0.06735208753763425
-0.06775088135560947
-0.06815499791540933
-0.06856441191825308
-0.06897934550650126
-0.0694000032754349
-0.0698265150179712
-0.0702590243557832
-0.07069770847353908
-0.0711427023290081
-0.071594144306699
-0.07205224257442133
-0.07251714527834935
-0.07298900959682217
-0.07346801596750017
-0.07395427218481311
-0.07444807708613144
-0.07494941792003422
-0.07545874127148881
-0.07597604186749099
-0.07650161007623792
-0.07703566500820445
-0.07757839768547808
-0.07812997574208222
-0.07869060401787006
-0.07926055011971624
-0.07984013590734453
-0.08042956024142157
-0.08102904295619472
-0.08163884848879488
-0.08225926421711179
-0.08289048816070772
-0.08353278270730374
-0.08418649100416187
-0.08485180005262372
-0.08552904642435363
-0.08621853888830315
-0.08692061844155696
-0.08763558285441253
-0.08836386175438074
-0.08910575906144143
-0.08986172442193574
-0.09063209047645615
-0.09141727398562839
-0.09221779861013506
-0.09303404841322005
-0.09386787652642464
-0.09471816679568537
-0.09558569305296227
-0.09647099813810693
-0.09737462549202282
-0.09829718229144925
-0.09923931100907103
-0.1002016584774597
-0.10118494315376957
-0.10218989169684209
-0.10321724469464716
-0.1042678022170639
-0.10534239019233657
-0.10644176284005673
-0.10756686555461677
-0.10871860123378316
-0.10989791450685432
-0.11110581057619204
-0.11234332349108533
-0.1136115835807073
-0.11491174891293525
-0.116245014544553
-0.11761265483623504
-0.11901598955710013
-0.12045638564940556
-0.12193530121952792
-0.12345428541397135
-0.12501496151729447
-0.12661906081635385
-0.12826837790778567
-0.12996483918780982
-0.13171048258393808
-0.13350743629041542
-0.13535797500446986
-0.13726451825625627
-0.13922959945575317
-0.1412559218956797
-0.14334635035373566
-0.14550395174373998
-0.1477318565594848
-0.1500335913611996
-0.15241279007229797
-0.15487332540705723
-0.15741930916198704
-0.16005538424778545
-0.16278593076619155
-0.16561591756919902
-0.1685506330124389
-0.17159572042722196
-0.1747572020496665
-0.1780414914377451
-0.18145545672885074
-0.18500643525086383
-0.1887022757020957
-0.19255138474021138
-0.196562773032471
-0.20074610257402298
-0.20511173984112896
-0.20967082199659182
-0.2144353163080607
-0.21941809464242518
-0.2246330123031767
-0.2300949956583503
-0.23582014801313197
-0.24182582342255057
-0.2481307809351062
-0.25475529975003436
-0.2617213179467825
-0.2690526063365889
-0.2767749353063147
-0.2849162866524001
-0.29350706419009304
-0.3025803280287488
-0.3121737024754453
-0.3223250681227499
-0.33307721620262754
-0.3444769452841915
-0.3565754659345884
-0.36942888681083014
-0.3830987611643468
-0.39765270280583975
-0.4131650872311702
-0.4297207149400246
-0.4474072680000512
-0.4663246086787402
-0.48658332515447267
