-0.5024034368059728
-0.48085081876751007
-0.46069575695402987
-0.44182756016652164
-0.4241458701237469
-0.4075595459596975
-0.3919856851187795
-0.37734876265671
-0.3635798805446768
-0.3506160787833285
-0.3383997550155864
-0.32687813614384753
-0.3160028831592064
-0.30572953543611836
-0.296017242685512
-0.28682840857342123
-0.27812839390195826
-0.26988525074732456
-0.262069485258467
-0.2546538449255451
-0.24761312059318133
-0.24092397517133698
-0.23456478783992266
-0.22851550889068786
-0.22275753420157035
-0.21727357779751177
-0.21204757514322328
-0.20706458523884955
-0.20231069735428794
-0.197772955800375
-0.193439290435567
-0.18929842675767583
-0.1853398501019615
-0.1815537407007405
-0.17793093014651
-0.17446293435802512
-0.17114173470091315
-0.16795984453253765
-0.164910236590721
-0.1619863290851122
-0.1591819361852768
-0.15649127242879743
-0.15390888040486292
-0.15142966065853325
-0.1490488157546985
-0.14676181259678164
-0.14456437855204904
-0.14245253521989878
-0.14042249621508288
-0.1384706661119364
-0.13659370419684788
-0.13478846751493176
-0.1330519936963937
-0.13138149692891118
-0.12977433393416604
-0.1282280695754123
-0.12674034757792438
-0.1253088383393361
-0.12393156748915009
-0.12260658206630459
-0.12133202757626714
-0.12010612299887614
-0.11892723477035982
-0.11779377649871085
-0.11670430881776883
-0.11565745531102554
-0.11465171421861085
-0.11368582750131068
-0.11275863430760301
-0.11186901670021271
-0.11101589827310906
-0.11019830518944343
-0.10941518483218808
-0.10866582765985798
-0.10794934862061283
-0.1072649880167485
-0.10661186775442884
-0.10598932481781342
-0.10539665962342906
-0.10483330962496784
-0.10429864295853834
-0.10379207124788432
-0.10331316737919376
-0.10286134255170805
-0.10243619798836422
-0.1020373779482626
-0.10166442129148269
-0.10131700056374365
-0.10099474501360493
-0.10069743721463836
-0.10042473290771285
-0.10017636723887416
-0.09995219312723042
-0.09975195381923604
-0.09957545377859801
-0.09942259966382208
-0.09929328284890082
-0.09918726266472057
-0.09910454484092444
-0.09904507365031957
-0.09900882998863222
-0.09899578394222533
-0.09900593427169936
-0.09903932754793612
-0.09909605503615924
-0.09917616929986361
-0.09927973653381059
-0.09940690411330806
-0.0995578489466053
-0.09973271771410223
-0.09993168404909154
-0.10015499012267808
-0.1004029244377156
-0.10067574803660409
-0.10097369019971503
-0.10129712857855652
-0.10164623785013703
-0.10202158301048621
-0.10242354897266255
-0.10285258688356194
-0.10330917883432036
-0.10379382881853981
-0.10430718959144483
-0.10484995861613268
-0.1054225580303212
-0.106025664029753
-0.10665996956965205
-0.10732624852372019
-0.1080252538408424
-0.10875784498429958
-0.10952490770289143
-0.110327391519781
-0.11116628393692833
-0.11204264171999972
-0.11295758433018165
-0.1139122639936346
-0.11490792509983384
-0.11594590583257822
-0.11702759822230431
-0.11815448402606955
-0.11932814497513301
-0.12055022253843255
-0.12182241089741842
-0.12314661752511091
-0.12452484092166079
-0.1259590994018755
-0.1274516059419357
-0.12900464798557854
-0.1306206399417529
-0.13230234650315517
-0.13405249687452628
-0.1358739943223283
-0.13776997733955987
-0.1397437493328872
-0.14179881843672065
-0.1439388734881825
-0.14616787925769667
-0.14849004737816282
-0.15090985596545248
-0.15343204093142462
-0.156061679981043
-0.15880420774923984
-0.1616654066373932
-0.16465142736969898
-0.167768861093736
-0.17102471384349102
-0.17442650768749787
-0.1779822488238899
-0.1817005353657545
-0.1855905684486254
-0.18966220128687997
-0.1939259976591769
-0.19839328186231997
-0.2030762028966716
-0.2079878146227439
-0.21314215031376574
-0.21855427930851462
-0.22424043229142293
-0.23021808143451003
-0.23650605776647568
-0.24312466378859454
-0.25009588622489487
-0.2574433421503574
-0.26519263006644156
-0.27337145096975
-0.2820098040144525
-0.2911402081895348
-0.30079785319409474
-0.3110211087537296
-0.3218516299652539
-0.3333347553771275
-0.3455198882015365
-0.35846092508034433
-0.3722167365244796
-0.3868517109571897
-0.40243636252221304
-0.41904800652277113
-0.436771573716795
-0.45570047629317817
-0.47593762165911074
-0.49759656319402723
