-0.4846128894185891
-0.3930319616790017
-0.3230923708163532
-0.26956187872425885
-0.22848172991159946
-0.19685544696218812
-0.1724139583864368
-0.15343826472472627
-0.13862548517217718
-0.12698764262295886
-0.11777514917914102
-0.11041894996942081
-0.10448675725961129
-0.09964993336423618
-0.09565842353813293
-0.09232177571912004
-0.08949476478942077
-0.087066500997367
-0.08495217518677606
-0.08308680054871116
-0.08142046659755857
-0.07991473831265856
-0.07853992291309786
-0.07727299619575197
-0.07609602536470471
-0.07499497157450982
-0.07395877894028909
-0.07297868120531623
-0.07204767435005276
-0.07116011394464332
-0.07031140823612614
-0.06949778379765165
-0.06871610610651768
-0.06796374225555103
-0.06723845540434564
-0.06653832352888012
-0.06586167695169463
-0.06520704982528044
-0.06457314261311795
-0.06395879263675333
-0.06336295102346998
-0.06278466464553226
-0.06222306147430551
-0.06167734018276482
-0.06114676190148094
-0.06063063623922776
-0.06012832202502021
-0.05963922026852892
-0.05916276938796399
-0.05869844191734704
-0.05824574108504191
-0.05780419901856393
-0.05737337362873123
-0.05695284669402095
-0.056542222389634175
-0.056141125946939055
-0.05574920145254038
-0.055366111029661345
-0.05499153351506315
-0.05462516380334294
-0.05426671102375135
-0.05391589887446786
-0.053572463874253504
-0.053236154392650045
-0.052906730869979594
-0.05258396422263269
-0.052267636009639566
-0.05195753846883379
-0.051653471480847354
-0.05135524441441216
-0.05106267491716277
-0.050775588485816106
-0.050493817345385356
-0.05021720147754996
-0.04994558526112108
-0.04967882947006634
-0.04941679282983135
-0.049159323912640135
-0.048906300685140264
-0.04865759979531548
-0.04841310834554913
-0.04817270004725511
-0.04793626508949593
-0.04770369336346135
-0.047474898921524455
-0.04724978972981276
-0.0470282350134502
-0.046810157083289
-0.04659547168007512
-0.04638407280613829
-0.04617593825193785
-0.045970941190951756
-0.0457690058716708
-0.0455700727140737
-0.04537403805674121
-0.04518085677699469
-0.044990464136109395
-0.04480280348012713
-0.044617811395072066
-0.04443540252455102
-0.04425552567462012
-0.044078142775478064
-0.04390318016523497
-0.04373058929194571
-0.04356031888861963
-0.043392322434788494
-0.04322654830119001
-0.043062950371455064
-0.04290148910250077
-0.04274211121139859
-0.042584778009055815
-0.04242945168373052
-0.04227608708934418
-0.04212465082378365
-0.04197510227763894
-0.041827397644118997
-0.041681519453139075
-0.04153741492759368
-0.041395052964063844
-0.04125440836971525
-0.04111545101091769
-0.0409781488525502
-0.0408424713291075
-0.0407083862952188
-0.04057586630148924
-0.04044488424413613
-0.04031541577332344
-0.040187431996737306
-0.040060908494721055
-0.039935817235549446
-0.0398121370047631
-0.039689839491536864
-0.039568902481238795
-0.03944930692064206
-0.03933102857373856
-0.039214040486148315
-0.039098321611216874
-0.03898386076523133
-0.03887062780792222
-0.03875860445744362
-0.038647774151528515
-0.03853811510834559
-0.03842961570433416
-0.038322248744176626
-0.038216002999252256
-0.03811085250608347
-0.038006785033592956
-0.03790378940666198
-0.037801851426860586
-0.03770095587131425
-0.03760108959493721
-0.037502237866606655
-0.03740439389537423
-0.037307536374375706
-0.03721165334551465
-0.0371167424397434
-0.03702277705810968
-0.0369297379975717
-0.03683761464034058
-0.03674640085918429
-0.036656070656656416
-0.03656662460443627
-0.036478051799893475
-0.036390360325598343
-0.03630352295670899
-0.036217497327863155
-0.03613227341709822
-0.03604782872841212
-0.03596414124933929
-0.03588122017975513
-0.0357990387694412
-0.03571759245149942
-0.03563686011297055
-0.03555682957396212
-0.03547748949581003
-0.03539880844527066
-0.03532079314846874
-0.035243431176393177
-0.035166735270067764
-0.03509069259862131
-0.03501527800040086
-0.03494048431675722
-0.0348663165727051
-0.034792766683040925
-0.0347198267637004
-0.034647485387383915
-0.034575734590537296
-0.03450456220688482
-0.03443396989754192
-0.03436395416594112
-0.03429450731197542
-0.03422561854021099
-0.03415727671591869
-0.03408949466518222
-0.034022238310373765
-0.033955513754554294
-0.0338893088283004
-0.033823615598059804
-0.033758426945301574
-0.033693758089679504
-0.03362958759645968
-0.03356590108483327
-0.03350269372485345
-0.03343997962102877
-0.033377737764793226
-0.03331596655917836
-0.033254652213251835
-0.03319379329498936
-0.033133397794146084
-0.033073437149275346
-0.03301392047130087
-0.03295484251736062
-0.03289620267640459
-0.03283797704493941
-0.032780177248459386
-0.03272279188699457
-0.03266583524696901
-0.032609284931166285
-0.032553118683700664
-0.0324973577383687
-0.03244199476569871
-0.03238701752060063
-0.032332415713302455
-0.03227817098656372
-0.03222432793975133
-0.03217081284420346
-0.03211768589283925
-0.03206489601771866
-0.03201247946834237
-0.03196042199530755
-0.031908720113471054
-0.03185738074419443
-0.03180635489801138
-0.03175571301158916
-0.031705422157234146
-0.03165541636618211
-0.03160580916887915
-0.03155652946713148
-0.03150757553795617
-0.03145892594119958
-0.03141064195346027
-0.03136269419627965
-0.03131509128859901
-0.03126780575046501
-0.031220879121933016
-0.031174288809896922
-0.03112800669520798
-0.03108208337690946
-0.03103644657358155
-0.03099115293800657
-0.030946192012321305
-0.03090152546064543
-0.03085717212788864
-0.03081310189656847
-0.030769308268653015
-0.030725775833658174
-0.0306824821565029
-0.030639391767945355
-0.030596429029883
-0.030552563332440098
-0.03051124347307605
-0.030469813202551963
-0.030427207253515644
-0.0303871069523248
-0.030346811264923137
-0.03030634351363799
-0.030265708588745645
-0.03022481328662067
-0.03018249947866061
-0.03014125439023675
-0.030100830260261967
-0.03006104357545702
-0.03002174292095134
-0.029982852802946186
-0.029944365694272067
-0.02990619107673291
-0.029868230839217306
-0.029830556102645053
-0.02979314874341162
-0.029755972878891507
-0.029719050774943637
-0.02968239486291412
-0.029645975463198873
-0.029609782888778677
-0.029573865996611593
-0.029538201971101616
-0.029502777543979567
-0.029467579508543333
-0.02943271930908645
-0.029398057833366617
-0.029363614137290394
-0.029329425234451062
-0.029295451748418567
-0.02926171685999363
-0.029228218479863108
-0.029194965003132116
-0.029161994004322716
-0.029129275377411456
-0.02909687401782377
-0.02906470163714707
-0.02903274227695155
-0.029001010957435867
-0.028969484642866885
-0.028938129143932206
-0.02890704517692174
-0.02887619499315742
-0.02884560121775439
-0.028815273263004624
-0.028785223386301066
-0.02875543486777681
-0.02872592041207033
-0.028696647440184672
-0.028667623618417088
-0.02863886911936474
-0.028610343015504632
-0.02858208980794742
-0.028554037030636487
-0.028526236038959315
-0.028498608874015122
-0.028471265565133002
-0.028444090164160576
-0.028417174683814203
-0.028390539948545426
-0.028364148096790696
-0.02833798288961851
-0.028312596201164025
-0.028286749531646595
-0.028260990564574345
-0.02823540791885214
-0.0282100730476068
-0.028184974407943243
-0.028160114696399414
-0.028135549346406077
-0.028111124567425604
-0.02808692855420226
-0.02806295465850915
-0.028039149315376093
-0.02801551219932824
-0.027992097171759597
-0.027968843325521252
-0.02794576425436007
-0.027922841120586694
-0.027900084748109656
-0.02787747989944209
-0.02785501998901573
-0.027832701335045725
-0.027810514224083215
-0.027788470755365936
-0.027766555293063377
-0.02774474663408863
-0.027723075381514525
-0.027701513363583743
-0.027680094449211292
-0.027658810893105935
-0.027637607966116667
-0.02761649375413416
-0.027595466521637853
-0.027574540023587852
-0.02755369223208802
-0.027532933244427293
-0.02751225397344801
-0.02749169795740892
-0.02747121481969018
-0.02745078614953495
-0.027430423303317516
-0.027410119657396627
-0.027389891669545852
-0.02736974931609497
-0.027349666296441703
-0.027329656134587238
-0.027309697187891738
-0.02728979227406951
-0.027269943905198494
-0.027250150516437855
-0.02723040507501081
-0.027210694797766194
-0.027191027772815603
-0.027171391019843328
-0.0271517320756771
-0.02713219351858543
-0.027112704034486686
-0.027093241011788824
-0.027073886804138206
-0.027054602375418273
-0.027035395652822876
-0.027016214766338517
-0.026997055955429047
-0.02697793100725782
-0.026958839850740077
-0.02693981213622772
-0.026920831477598293
-0.02690193990238334
-0.0268831377805593
-0.026864392181567956
-0.026845718972015105
-0.02682710398737411
-0.0268085539812802
-0.02679006976744707
-0.026771637048179038
-0.026753234011900846
-0.026734866443884966
-0.02671652558094858
-0.026698227344305662
-0.026679965866859112
-0.02666173541601947
-0.02664353052386797
-0.026625356995205757
-0.026607262417523238
-0.026589164023113853
-0.026571071644044084
-0.026553010175657612
-0.0265349938082909
-0.026516986836726923
-0.02649904593606946
-0.026481167986590354
-0.02646333742286259
-0.0264455634415729
-0.026427832857031333
-0.026410156183918804
-0.02639249696910723
-0.026374849355183635
-0.0263572756258937
-0.02633975202283028
-0.026322232736814864
-0.026304751098704875
-0.026287280718758566
-0.026269890362695662
-0.026252583126081034
-0.0262353911940911
-0.026218280378132654
-0.026201330346333557
-0.026184470725844112
-0.026167629121177125
-0.026150861009115716
-0.02613414952245868
-0.026117540569963616
-0.026100951959313085
-0.02608440373616779
-0.026067967968184714
-0.02605159455796234
-0.02603527497413802
-0.026019019964354555
-0.02600285267114639
-0.025986759303674587
-0.02597075470003833
-0.025954862725922873
-0.02593903099953552
-0.025923259845153878
-0.025907536044942166
-0.025891928965314538
-0.02587638601114936
-0.02586094581150126
-0.025845571380933748
-0.025830253836015667
-0.025814955035339985
-0.025799683493898044
-0.02578447090550077
-0.025769381470470108
-0.025754392199768033
-0.025739472425498573
-0.025724610604526365
-0.02570983990502498
-0.025695163887968678
-0.02568057704994448
-0.025666076300549186
-0.025651698553432516
-0.0256373864488707
-0.02562318549416302
-0.025609018023203874
-0.025594900407908818
-0.02558086311514405
-0.025566888925326228
-0.0255529865723009
-0.02553914918980103
-0.025525381240689548
-0.025511682761390618
-0.025498072211752654
-0.02548449621656852
-0.02547101609275771
-0.02545763246551382
-0.025444306801536313
-0.02543107283258313
-0.02541791037700607
-0.025404820622095245
-0.02539180546140608
-0.025378851220487483
-0.025365981459214027
-0.025353202166533945
-0.025340517920214134
-0.02532789627438311
-0.02531534337502994
-0.025302860315597944
-0.02529045981601283
-0.02527813280992576
-0.02526588680289422
-0.025253713678113885
-0.025241604800469004
-0.025229572427999815
-0.0252175944687251
-0.025205701883328154
-0.025193897570234686
-0.025182152664967993
-0.025170509816776678
-0.02515892823315265
-0.025147443227193
-0.025136026794203913
-0.025124686020892135
-0.025113406385014695
-0.02510221223636816
-0.02509110470230511
-0.025080057981855874
-0.025069103058057273
-0.025058234338396268
-0.02504744265079736
-0.02503670073758773
-0.025026016420139338
-0.025015421626302232
-0.025004896545588785
-0.024994430188972402
-0.02498405806290438
-0.024973767761858622
-0.02496354809129215
-0.024953387815179227
-0.02494330604242044
-0.02493327121204573
-0.02492328903254757
-0.024913359443310402
-0.024903510438005656
-0.02489371738243037
-0.024883985350997815
-0.02487432839468313
-0.024864740869177327
-0.024855217358944585
-0.02484574982388443
-0.02483633596113301
-0.024826988794617325
-0.024817712920287803
-0.02480851219839366
-0.024799360511960675
-0.0247902912408359
-0.02478129094025367
-0.024772344053152488
-0.024763467696463846
-0.02475465386813597
-0.02474589395310005
-0.024737191275513742
-0.02472855458425857
-0.024719978324444572
-0.024711455689781583
-0.024702998750699083
-0.024694609459732706
-0.02468626332365257
-0.02467798985878729
-0.02466979563881415
-0.02466166839149587
-0.02465360687257743
-0.02464560674483472
-0.024637676107758157
-0.024629826569091254
-0.02462202939531579
-0.024614305059710365
-0.024606643388676058
-0.024599050479482652
-0.024591522372414108
-0.024584081601778905
-0.02457671522160189
-0.02456942965775437
-0.024562240287401702
-0.024555114696016584
-0.024548088464376592
-0.02454115042214706
-0.024534292999846746
-0.024527525654279535
-0.02452082782055942
-0.024514215060121608
-0.024507674390325355
-0.024501225217522783
-0.02449485199953338
-0.02448856908767015
-0.024482371090044103
-0.02447625133047456
-0.024470204240360786
-0.0244642469188386
-0.02445836429336946
-0.0244525589622129
-0.02444684829956143
-0.024441221966322216
-0.024435701402844727
-0.024430269799713595
-0.02442494850371219
-0.02441965614144811
-0.02441450195519159
-0.02440944890697378
-0.024404507256555397
-0.024399689860228457
-0.024394968560146665
-0.02439032948721235
-0.024385803626941187
-0.024381385137814696
-0.024377073640209482
-0.024372869696755117
-0.02436878082274542
-0.02436480249239768
-0.024360993076462688
-0.024357352942080173
-0.02435384175790326
-0.024350459997468564
-0.02434717681267699
-0.0243440204908271
-0.024341001667714617
-0.02433814260351726
-0.02433549616666056
-0.024332988190288455
-0.02433063326166933
-0.024328451511253856
-0.024326429780982074
-0.024324584066205773
-0.024322889797644902
-0.024321384947184995
-0.024320064438631304
-0.02431891808306217
-0.024317964049086045
-0.0243172098653144
-0.02431664443934504
-0.024316296426076703
-0.024316123093124024
-0.02431619804636316
-0.02431651804020272
-0.024317089028558475
-0.024317923262200652
-0.024319014108739236
-0.024320415013098843
-0.02432209841163717
-0.02432406651094025
-0.024326358342893904
-0.024328955830578543
-0.02433187348425292
-0.0243351209902673
-0.024338684493932908
-0.02434260380810866
-0.024346890851599707
-0.024351528427111017
-0.0243565503112391
-0.024361946332052242
-0.02436774609376456
-0.024373991611633526
-0.02438065369459906
-0.024387795714834223
-0.02439539603322312
-0.024403451965614737
-0.024411972058176083
-0.024420975194832266
-0.024430506287119392
-0.02444055395656718
-0.02445112151630199
-0.0244622390063921
-0.02447392528276934
-0.024486181473629444
-0.024499055556577335
-0.024512540657257487
-0.02452665976314729
-0.024541419421099286
-0.02455684537701038
-0.02457295260800003
-0.024589760890740296
-0.024607286574295728
-0.024625551172913606
-0.02464458929723363
-0.024664412116647043
-0.024685034947347858
-0.024706470531770365
-0.024728749839268187
-0.0247518924199254
-0.024775914096222366
-0.02480083472434978
-0.024826674037294324
-0.024853448050227798
-0.024881179126019386
-0.02490988881703167
-0.024939593107558937
-0.024970311938888507
-0.025002063438744813
-0.025034865880427602
-0.02506873495696778
-0.02510368295866406
-0.025139729894454812
-0.02517688367992179
-0.025215184134064973
-0.02525462458011726
-0.02529521664231258
-0.02533698355997401
-0.02537993621038182
-0.02542407770794381
-0.02546941676091112
-0.025515963010713988
-0.025563720245761475
-0.025612678815389613
-0.025662837825519626
-0.025714220400580953
-0.025766804549934037
-0.02582061184759326
-0.025875630336851373
-0.025931855331647335
-0.025989278860523633
-0.02604787293680483
-0.026107612395239205
-0.026168482990747123
-0.026230480005528314
-0.02629358677627754
-0.026357784682086792
-0.026423045958311842
-0.02648934485347507
-0.026556650846611886
-0.02662493606316859
-0.02669416438034756
-0.026764312458255203
-0.026835342522750535
-0.02690721650196414
-0.026979900102717377
-0.027053354009228633
-0.027127538549636687
-0.027202418156450626
-0.027277952652683353
-0.027354101964046244
-0.027430820529212092
-0.027508071077262927
-0.027585813739851216
-0.027664006725400824
-0.027742607964781715
-0.027821593358235898
-0.02790088214273536
-0.027980467168145805
-0.028060310555111448
-0.028140378905419858
-0.028220632949199954
-0.02830104289476851
-0.028381573349614428
-0.028462197312612885
-0.02854287265067432
-0.02862357275147074
-0.028704276601855178
-0.02878495019036272
-0.02886556836507792
-0.0289461085560709
-0.029026548719177998
-0.029106865965565627
-0.029187039994421352
-0.029267046596518808
-0.029346867592603684
-0.029426482215977382
-0.029505872624052715
-0.02958502310512228
-0.029663920014179824
-0.02974254958132665
-0.02982089940349308
-0.029898959944395596
-0.029976718245842675
-0.03005417206974364
-0.03013130810010542
-0.03020811689692699
-0.030284597522428253
-0.030360744538576696
-0.03043655432814473
-0.030512022369925566
-0.03058714958122718
-0.030661938985658558
-0.030736389378151156
-0.030810516338921443
-0.030884286401070545
-0.030957743632850396
-0.031030859353160193
-0.031103682062797233
-0.031176233093973715
-0.031248513352258013
-0.031320531491080085
-0.031392302174450507
-0.03146383942431478
-0.03153516652180778
-0.031606275377924084
-0.03167718272448647
-0.03174790979115818
-0.03181847841505244
-0.031888899245811
-0.031959197128729036
-0.03202936557042935
-0.03209943883692241
-0.032169439028142566
-0.03223938875640201
-0.03230929925041187
-0.032379191433357615
-0.032449082445382166
-0.03251897002615387
-0.03258891663381299
-0.03265895104275177
-0.032729092224018284
-0.03279935772384682
-0.03286975310532873
-0.032940314096764546
-0.03301108221633514
-0.03308205010824585
-0.03315325133870333
-0.03322473420225739
-0.03329655296475356
-0.03336873177170046
-0.03344131521993704
-0.033514367187106014
-0.033587975331548996
-0.0336628566527745
-0.033737671283740535
-0.033812262317937256
-0.03388685680351945
-0.033961597603655004
-0.0340357607569936
-0.03411217124388253
-0.034188728587551315
-0.03426562436085366
-0.034342950916664616
-0.034420774083817184
-0.03449914249595034
-0.03457809720322867
-0.03465766825229012
-0.034737886062929046
-0.034818775652711846
-0.03490035676153913
-0.034982644440908914
-0.03506564108500507
-0.03514936638638669
-0.03523382677044748
-0.03531904389665868
-0.03540504177243366
-0.03549183298254937
-0.035579429535721775
-0.03566784912019213
-0.03575711392482675
-0.03584723362525875
-0.03593822613509363
-0.036030109870092884
-0.036122902139816684
-0.03621661840757265
-0.036311275243806417
-0.036406884694698355
-0.0365034672208825
-0.036601038361737774
-0.03669961689831504
-0.03679922004183848
-0.03689985140698197
-0.03700153748329217
-0.037104295036433754
-0.03720814222681231
-0.03731309794345232
-0.03741918034645272
-0.03752640828158237
-0.03763479986404858
-0.03774437127928633
-0.03785514471823369
-0.03796713755466511
-0.038080366457333925
-0.03819484921898815
-0.038310604788631124
-0.03842765640459958
-0.03854602220417206
-0.038665721621603505
-0.038786784543644426
-0.03890922865448105
-0.03903306704112689
-0.039158326986550376
-0.03928506395816416
-0.039413287747304175
-0.03954302056939661
-0.03967428064310489
-0.039807089473794945
-0.03994147094150206
-0.04007744183627298
-0.04021504111849236
-0.04035429879270076
-0.0404952425016557
-0.04063790111077355
-0.04078230333458594
-0.04092848171953539
-0.041076467177996
-0.04122628974772059
-0.04137798394789665
-0.04153158562214229
-0.04168712074758402
-0.041844624060727434
-0.04200413497703334
-0.04216569399923889
-0.042329344764486486
-0.042495126015612325
-0.04266308079481901
-0.04283325309927571
-0.04300569043713719
-0.04318043934814069
-0.043357547025498606
-0.04353704898277944
-0.04371898310472171
-0.043903398153601746
-0.04409035426698215
-0.04427991148007155
-0.044472129910094686
-0.044667071642322836
-0.04486479795684694
-0.04506537148268682
-0.04526885864310309
-0.045475327069888744
-0.045684844859963575
-0.04589748228976382
-0.046113309693867566
-0.046332399516123196
-0.04655483051698337
-0.04678068537597119
-0.047010048667223595
-0.047243006120734704
-0.04747964821995414
-0.04772006812499632
-0.04796436300745924
-0.04821263239097996
-0.04846498266905255
-0.04872152331945922
-0.04898236775459593
-0.049247635373513635
-0.04951745194884681
-0.04979194204637584
-0.050071238032698716
-0.050355480223689776
-0.0506448090190661
-0.050939376395408846
-0.051239340058118
-0.0515448639872572
-0.051856119280929674
-0.05217328550408441
-0.052496549483918145
-0.05282610806530119
-0.0531621647430589
-0.053504932257796955
-0.053854634194582016
-0.054211508770831814
-0.05457584470807746
-0.05494783309916252
-0.055327744646901204
-0.05571586025689049
-0.056112474789335356
-0.056517898774882426
-0.05693245834245475
-0.05735649684013759
-0.057790375156895495
-0.05823447335330787
-0.058689191742078504
-0.05915495293703253
-0.05963220332683627
-0.06012141427657838
-0.060623084084171136
-0.06113774100307385
-0.06166594498847948
-0.062208291450681935
-0.06276541429997082
-0.06333799001873942
-0.06392674233598127
-0.06453244788213779
-0.06515594314928033
-0.06579813485967725
-0.06646000317790206
-0.06714262022969145
-0.06784716412791518
-0.06857493863366741
-0.06932739720550385
-0.07010617678246359
-0.07091313519907805
-0.07175040320339386
-0.07262045286741167
-0.07352618116644309
-0.0744710242100055
-0.07545910247096972
-0.0764954113947218
-0.07758606927256702
-0.07873864335132419
-0.07996257577936117
-0.08126974117662941
-0.08267518180251474
-0.0841980720301659
-0.08586298692917022
-0.08770157019828465
-0.08975472939918117
-0.09207549695575713
-0.09473292536531477
-0.09781707743588026
-0.1014456133363768
-0.10577255931111479
-0.11099984042185576
-0.11739251924354095
-0.12529888601280886
-0.13517701880017638
-0.147629913595582
-0.16345173084520487
-0.18368925407400696
-0.2097229462876526
-0.24337425307823324
-0.2870476409663785
-0.34391866689928186
-0.41818310687767607
-0.515387110581411
