-0.504656043710111
-0.4837132417088574
-0.4640759920786733
-0.4456440575921036
-0.42832618705409475
-0.41203919405606343
-0.3967071381172317
-0.3822606070633511
-0.3686360743408537
-0.35577532960813724
-0.3436249711704705
-0.33213595249665295
-0.3212631774520076
-0.31096513990014935
-0.30120359710004413
-0.29194327868288306
-0.2831516223247007
-0.27479853971864077
-0.26685620291949036
-0.25929885071548614
-0.252102615271333
-0.24524536407280334
-0.23870655416717942
-0.23246710612803026
-0.22650928608496854
-0.2208165960320623
-0.21537367687028935
-0.2101662173185448
-0.20518087804614146
-0.200405213713173
-0.1958276040851993
-0.19143719291347688
-0.18722383004962678
-0.1831780199334852
-0.17929087273169197
-0.17555405982394837
-0.17195977393133485
-0.16850069095696724
-0.1651699372852819
-0.16196105745035547
-0.15886798502324767
-0.1558850186598179
-0.15300679717663448
-0.15022828253582715
-0.147544770989478
-0.14495178192603989
-0.1424451358513648
-0.14002090950023877
-0.13767541133549643
-0.1354051569194434
-0.13320684331337984
-0.1310773342179373
-0.1290136392480089
-0.12701291014314275
-0.12507244371282292
-0.12318966792658194
-0.12136214212256877
-0.11958755225018063
-0.11786370384094863
-0.11618852323293653
-0.11456003433186897
-0.11297637155404516
-0.11143575532050033
-0.1099364957070914
-0.10847699519796247
-0.10705572919869061
-0.1056712525762804
-0.10432218780419752
-0.10300720932715329
-0.10172507616033168
-0.10047459577278105
-0.09925462529644463
-0.09806407434442563
-0.09690190816642286
-0.09576713605550176
-0.09465889198850155
-0.09357619892940655
-0.0925181164235688
-0.09148386955042154
-0.090472709618159
-0.08948389406165316
-0.08851667374807479
-0.08757034662410466
-0.08664426828130821
-0.08573780096802114
-0.08485032552473447
-0.08398104609190664
-0.0831295921893027
-0.0822954148155046
-0.08147803296470128
-0.0806770050993884
-0.07989178618114073
-0.07912191743768122
-0.0783669591866334
-0.07762643453929624
-0.07689996515914506
-0.07618713923505537
-0.07548758094901273
-0.07480090780001773
-0.0741267772780553
-0.07346485367446405
-0.07281480408002906
-0.07217627969038748
-0.07154900101350924
-0.07093266135555128
-0.07032697802562747
-0.06973167048780361
-0.06914645405841865
-0.06857109186084141
-0.06800530844176207
-0.06744886462116545
-0.06690154349107298
-0.06636311053001674
-0.06583332739082312
-0.06531200558693964
-0.06479889849375856
-0.06429393438831901
-0.06379676882946143
-0.06330725076524998
-0.06282522342411982
-0.06235052700791186
-0.0618829786618159
-0.06142241894906226
-0.06096867297648519
-0.06052159757856917
-0.06008102190885875
-0.05964682080204041
-0.059218853616818314
-0.058797006881144
-0.05838109898872252
-0.057971039557455195
-0.05756672127452357
-0.05716797855416762
-0.056774802669759365
-0.05638706293803243
-0.05600460226658634
-0.05562726917927251
-0.05525505679333842
-0.054887726950410005
-0.054525228699742995
-0.05416745192832209
-0.05381434561324946
-0.053465790479045296
-0.053121743364452634
-0.05278206382849885
-0.05244666803416272
-0.052115446852965035
-0.051788331771176636
-0.05146522903494524
-0.05114608133981856
-0.050830792250929166
-0.05051933357095474
-0.05021168426923407
-0.04990772859072916
-0.049607430138529966
-0.04931074430440027
-0.04901742694184207
-0.04872728354455089
-0.048440257774649886
-0.04815643334034048
-0.04787555704310881
-0.04759791083631873
-0.04732356363075057
-0.04705284594399485
-0.046785666802827176
-0.046521625075213756
-0.04626076162874741
-0.04600274243365909
-0.04574758263125965
-0.04549544274185953
-0.04524605882178698
-0.04499946300623451
-0.044755575157984416
-0.044514421325501874
-0.04427601686241106
-0.04404013223303227
-0.04380681980091552
-0.043576040040786454
-0.0433477239720774
-0.04312198610066504
-0.042898578452164035
-0.042677475738783534
-0.04245881895122235
-0.042242455442933445
-0.04202848458102223
-0.041816850407243346
-0.04160738230776312
-0.04140016752754895
-0.04119504285701921
-0.04099217954631301
-0.04079147596788232
-0.04059285720260603
-0.040396280841520096
-0.04020195460477892
-0.04000950897801685
-0.03981904128156483
-0.03963052957034199
-0.03944391237869336
-0.039259245776188854
-0.039076362543156176
-0.03889534399188169
-0.03871612389079766
-0.03853864290955249
-0.03836302274263412
-0.03818892520146885
-0.03801665788725414
-0.037846069157713075
-0.03767707375680891
-0.037509936900366435
-0.03734430773199844
-0.03718024170813794
-0.037017756182884505
-0.036856951104354614
-0.036697692518343886
-0.036540043663298986
-0.036383790024294975
-0.03622921921246855
-0.03607572993153916
-0.03592398713663318
-0.035773710682897676
-0.03562488774145869
-0.03547744736850208
-0.03533135755253288
-0.035186028487507466
-0.035042489994029306
-0.034900424617117454
-0.034759950437136374
-0.03462007115330508
-0.03448171439610599
-0.03434470345908249
-0.034208982693662765
-0.034074989491969646
-0.03394167050849504
-0.033809664786944665
-0.03367910911951429
-0.033549760697947996
-0.03342177786482725
-0.03329509165745589
-0.033169642831462794
-0.033044996517869865
-0.03292171886580812
-0.032799844500692475
-0.03267932065657875
-0.032560096593139264
-0.03244177525011235
-0.032324732542708325
-0.032208929508592936
-0.032094741772326005
-0.031981625885302914
-0.031869642355556185
-0.03175910126939424
-0.031649755801526853
-0.03154181281782122
-0.031435153285012694
-0.03132993026136413
-0.031226091304291582
-0.0311236687261979
-0.031022569844267354
-0.030922535740908766
-0.03081352547611099
-0.03071610605778061
-0.030619955039879198
-0.030514138082247493
-0.030420588250945138
-0.030328603832502653
-0.03023814057650582
-0.03014918291332534
-0.03006134432059611
-0.02996362546381435
-0.0298669723715116
-0.02977120660835952
-0.02967640205322643
-0.02958238226258557
-0.029489332295563605
-0.02939737605369307
-0.029306589514962008
-0.029216092169127444
-0.029126339775461165
-0.029037520325387124
-0.028949450708566197
-0.028862246188001775
-0.02877580138709699
-0.028690250718881254
-0.028605627798201416
-0.02852149494027012
-0.028438071919058523
-0.028355513732895573
-0.028273541050947777
-0.02819254171935641
-0.02811214681702326
-0.02803233855435082
-0.027953138059937974
-0.027874487497405603
-0.027796370837887878
-0.027718825711360855
-0.027641876216808456
-0.02756550435981887
-0.027489625558448166
-0.02741468330656209
-0.027340374930758637
-0.02726669172666286
-0.02719365819144882
-0.027121098979208398
-0.02704883653088517
-0.0269771180064501
-0.02690601986262757
-0.02683561525514409
-0.026766390714234072
-0.026697983915069518
-0.026630433364705112
-0.026563418300607895
-0.02649696178967325
-0.026431079134091498
-0.0263658290190631
-0.0263008474587303
-0.02623643746035751
-0.02617243498895598
-0.026108810001326834
-0.02604578999840445
-0.025983388457889632
-0.02592116856235521
-0.025859403883964613
-0.025798421754543076
-0.025737648570378194
-0.02567743822186205
-0.025623670268198864
-0.02556665827401658
-0.02550938037496614
-0.025451972424798523
-0.02539518622934468
-0.02533875329223245
-0.025283196728701093
-0.02522838512837527
-0.025174185254000118
-0.025120675735557218
-0.025067618602653996
-0.02501485715323641
-0.024962238966423415
-0.0249102710555667
-0.024858747949128044
-0.02480782408592615
-0.024757302276106525
-0.024707340820558484
-0.024657781317476462
-0.024608782870283532
-0.024560101419215035
-0.0245116982730226
-0.024464017893144334
-0.024416744059082174
-0.024369818802419226
-0.024323420146002965
-0.02427727479201107
-0.02423157686956693
-0.02418652460259268
-0.02414186856748531
-0.024097528599147214
-0.02405356855445519
-0.024010239947124586
-0.023967127999765202
-0.023924457403649364
-0.023882085409802706
-0.02384042787349177
-0.023799061976267695
-0.023757988858463776
-0.023717363916480997
-0.02367709579328824
-0.023637381914202723
-0.02359807574360067
-0.02355912997745675
-0.023520825887414002
-0.023482745544619436
-0.023445155955527174
-0.02340792913745162
-0.023371150304570126
-0.02333472595524173
-0.023298696146507886
-0.023263136067616083
-0.023227938456176846
-0.023193048620306345
-0.023158787334038138
-0.023124895758502018
-0.023091323206868665
-0.023058376206630083
-0.023025962886228594
-0.022994090817067304
-0.02296227544973902
-0.022930955798530973
-0.02289987130549083
-0.022869139254534477
-0.022838922005521442
-0.022809040540741163
-0.022779663442344642
-0.02275068107188733
-0.022721869561232896
-0.022693533699096536
-0.022665465156254786
-0.022637815183345632
-0.02261080980773446
-0.022584142359057518
-0.022557666458951554
-0.02253149363611974
-0.022505442180626077
-0.02247986397492335
-0.02245459651046835
-0.022429618773849705
-0.022405041561836838
-0.0223805066861417
-0.02235625958308612
-0.0223319108588987
-0.022307648998253805
-0.022283737171335315
-0.0222601255369844
-0.022236723201204473
-0.02221368807264545
-0.02219086105950191
-0.0221682782261906
-0.022146092370833963
-0.02212429595051098
-0.022103018715030672
-0.022081781486222262
-0.02206052883034403
-0.022040111251141338
-0.022020136696817263
-0.022000279612836997
-0.021980770859364458
-0.02196106344658073
-0.021942091276119964
-0.021923615918609213
-0.021905536254918454
-0.0218874110989427
-0.021870056818663684
-0.02185327500999982
-0.02183655692442676
-0.021820179858224556
-0.021804109116063432
-0.02178893243957828
-0.021773501246229916
-0.021758207529292157
-0.02174351897551736
-0.021729117012117848
-0.021714966564858287
-0.021701167750503254
-0.02168784638041423
-0.02167483976699887
-0.02166226483106976
-0.021650138310491087
-0.021638304494294255
-0.021626744542775283
-0.02161538035138285
-0.02160449537437206
-0.021593873321144142
-0.021583771598209765
-0.021574087217543704
-0.021564635071015234
-0.021555230396573675
-0.02154587266458394
-0.021536932591133748
-0.02152848466018384
-0.021520423021692735
-0.021512634340621836
-0.021505174787128618
-0.0214978450373795
-0.021491031473697474
-0.021484509798839223
-0.021478250774042244
-0.021472477217456865
-0.02146682595109754
-0.021461841719849536
-0.021456899869337576
-0.021452209234602913
-0.02144785644359283
-0.021443896144806875
-0.021440085543878905
-0.021436556110276832
-0.021433299041212713
-0.02143028179109728
-0.021427624332501307
-0.02142502467279274
-0.021422745283669126
-0.021420930371738235
-0.021419165767426494
-0.021417754323260065
-0.021416568104579186
-0.02141555002046742
-0.021414887023917268
-0.021414240090315232
-0.02141399017310397
-0.02141399118565675
-0.021414253729755608
-0.021414821294000255
-0.021415512885885977
-0.021416270349401037
-0.021417481702486186
-0.021418905749139665
-0.021420568018532538
-0.02142251539066614
-0.021424409434616078
-0.02142667744106366
-0.02142876638722674
-0.021431413767627788
-0.021434373265493363
-0.021437285922448333
-0.021440678567736113
-0.0214440384841218
-0.02144795179608777
-0.02145191083800898
-0.021455771935856193
-0.021459814446367045
-0.021464186422431874
-0.021469136736916992
-0.02147411457085138
-0.02147954607519327
-0.02148519657016018
-0.02149103585585368
-0.02149682104987387
-0.02150278333042024
-0.021508980757169862
-0.021515268797790893
-0.021521610536925927
-0.02152834846944309
-0.021535127880975218
-0.0215418483525672
-0.021548393082198875
-0.02155520156942152
-0.02156184268575169
-0.0215684163322792
-0.0215749236242885
-0.02158185546432944
-0.021588816141233584
-0.021595697362448978
-0.021602910491500642
-0.02161012980799021
-0.021617589638662893
-0.021625234259690793
-0.021632757028820535
-0.021640539110036466
-0.02164879820576483
-0.021657438024753804
-0.021666080048612014
-0.0216750915772249
-0.021684431205308056
-0.02169401846493905
-0.02170381398616714
-0.021713973035732703
-0.02172433434738725
-0.021735066867900832
-0.021746225343509295
-0.021757703562250746
-0.021769565264393227
-0.021781581558656473
-0.02179417312230263
-0.02180708251065112
-0.021820403456357374
-0.021834107810513134
-0.02184830450611699
-0.02186283204762097
-0.021877689735454522
-0.02189303645055479
-0.02190887587720387
-0.021925107991362214
-0.021941759118630045
-0.021958828858875987
-0.02197641128321695
-0.021994338868770353
-0.022012656307927918
-0.022031225134107418
-0.02205023389000952
-0.02206963775295288
-0.02208947924668546
-0.02210965240394205
-0.02213018065987442
-0.022151210000664116
-0.0221724613345972
-0.022194104434314906
-0.02221609692652319
-0.022238548401527947
-0.022261301972221863
-0.022284211163792676
-0.022307443654617783
-0.0223309576666918
-0.02235455652378615
-0.02237838362286506
-0.02240263515533484
-0.02242724989908174
-0.02245224222079524
-0.02247746802908308
-0.022502977542068453
-0.022528907830216424
-0.022555022087907464
-0.022581553861178966
-0.02260791153917666
-0.022634961445964524
-0.022662186992269188
-0.022689893027497948
-0.022718000182528553
-0.022746357635481662
-0.022774905728710316
-0.022804153586429593
-0.02283369437256395
-0.02286346664548682
-0.022893700515299487
-0.02292410725634491
-0.022954789390506877
-0.02298612366069475
-0.02301760337411923
-0.023049475155466976
-0.023081735317326248
-0.023114184796019833
-0.023146725277947026
-0.023179503604818852
-0.023212546227746194
-0.023246158014460606
-0.02328011052317283
-0.023314318906198037
-0.023348957647539796
-0.023383718665091615
-0.023419049458476456
-0.023454560787682432
-0.02349058863403756
-0.02352694506052265
-0.023563475515032562
-0.023600538597994457
-0.02363792462572877
-0.023675689195087724
-0.023713835647153274
-0.0237522777174148
-0.02379140670541547
-0.023830676886212404
-0.023870429973983868
-0.023910750359710613
-0.023951561114594823
-0.0239928222463749
-0.024034417497436834
-0.024076508549911165
-0.024118735106040474
-0.02416170357583125
-0.024205099567513266
-0.024248779809046033
-0.024292556335077903
-0.024337038659301622
-0.024381971628683427
-0.0244272123629145
-0.02447299851048097
-0.024519329480030806
-0.02456614698200383
-0.02461349139586848
-0.02466137794073992
-0.024709610367144585
-0.02475848501108871
-0.024807820957420224
-0.02485756398602247
-0.024907706523583664
-0.02495851840610702
-0.025009793725120664
-0.02506155852395458
-0.0251138879971767
-0.02516662053951233
-0.025219759881450043
-0.025273433885705472
-0.02532759825576118
-0.02538220490681021
-0.025437244053113497
-0.025492863509823837
-0.025548994754556943
-0.025605605289414156
-0.025662682916230757
-0.02572026486269026
-0.025778350705523517
-0.025836921883887125
-0.025896009208782274
-0.02595558745370919
-0.02601568349271204
-0.026076302486721707
-0.026137455946796364
-0.02619914617644094
-0.026261358827591345
-0.026324083792322966
-0.026387344066335423
-0.026451150782765203
-0.026515501567420673
-0.026580408065876627
-0.026645868234828955
-0.026711894455460523
-0.026778489632562696
-0.026845640479979758
-0.02691336433582313
-0.026981662480443154
-0.027050574427209102
-0.027120070103314162
-0.027190124535978265
-0.027260796683035694
-0.027332075973462065
-0.027404008356683936
-0.027476553722150958
-0.027549671059621698
-0.027623441316877214
-0.027697772676423118
-0.027772663423893156
-0.027848359949656593
-0.02792458324633659
-0.02800159290971723
-0.028079264272806256
-0.028157467293803386
-0.02823648071173762
-0.028316073346819917
-0.028396332635328467
-0.028477278270018887
-0.02855893115294513
-0.02864124785637281
-0.028724277156270926
-0.02880799522612874
-0.028892441448445216
-0.028977612453993433
-0.0290635074404961
-0.029150130548407194
-0.02923748437855076
-0.02932558098297646
-0.029414441024316996
-0.029504026664037803
-0.02959440034277716
-0.029685546321647563
-0.029777468369824717
-0.029870198675181887
-0.029963738255021164
-0.03005802551705521
-0.030153105887408507
-0.03024897625251764
-0.030345648095615265
-0.03044311860182534
-0.030541533820270788
-0.030640624692813447
-0.03074057180855214
-0.03084137667245417
-0.03094304124454493
-0.031045578914315648
-0.031149011286211257
-0.03125329843863877
-0.03135854444151948
-0.03146472231319811
-0.03157167871477603
-0.031679556337330314
-0.03178836555191366
-0.031898118648256486
-0.03200882034297704
-0.03212048093004542
-0.032233105774821906
-0.032346735410229824
-0.032461345564173495
-0.03257693995213798
-0.03269356625485661
-0.03281121027961541
-0.032929885868462475
-0.03304962362945218
-0.03317040045909837
-0.033292230565447216
-0.03341514915934306
-0.03353912360255167
-0.03366418279816127
-0.033790331217731624
-0.033917554840014026
-0.034045871286393345
-0.03417531262248912
-0.034305824613506564
-0.03443745750763911
-0.03457019977992126
-0.034704076687439675
-0.034839086830520276
-0.034975385246077274
-0.035112734756433055
-0.035251352120179234
-0.03539097246996578
-0.03553186868344372
-0.035673969948023306
-0.03581728007022771
-0.03596184946864238
-0.036107774878879846
-0.03625495133936005
-0.03640343764146023
-0.03655307734841799
-0.03670400748443741
-0.03685634974549711
-0.037009998213225065
-0.03716499098804506
-0.03732145716152206
-0.037479016315403464
-0.03763798124855154
-0.03779838681417738
-0.03796035571674415
-0.038123729517377976
-0.03828852221474689
-0.03845471624476598
-0.038622228844894246
-0.03879143919360966
-0.03896206425186859
-0.03913406227674025
-0.039307574667384444
-0.039482409652076306
-0.039658800133879304
-0.03983687604942884
-0.04001622119015128
-0.04019718589394001
-0.04037979466168132
-0.04056411661614315
-0.04074992241213744
-0.04093731927030634
-0.04112632829804061
-0.04131707386020472
-0.04151335207727853
-0.04171240071411631
-0.041913448493723755
-0.042116471672279346
-0.04232140394907203
-0.04252334966521216
-0.0427318793724861
-0.042942391367870814
-0.04315489776100966
-0.043369414060892106
-0.0435860739150431
-0.043804846187663
-0.04402577515715034
-0.044248887108256564
-0.044474210201586144
-0.04470181037256274
-0.04493170887673578
-0.04516394935983278
-0.04539855454269609
-0.045635570530887626
-0.04587502982512243
-0.04611700064175738
-0.04636151985864352
-0.04660865828804587
-0.04685839379720996
-0.047110766375244646
-0.047365898451409
-0.047623733148296744
-0.04788435358526556
-0.04814780322294302
-0.0484141223636483
-0.04868336394568694
-0.048955594352437
-0.049230878470939064
-0.049509220638016646
-0.049790673948857486
-0.05007529865902737
-0.05036317776272593
-0.05065435019137822
-0.05094895099963994
-0.051246988948029135
-0.05154853503903108
-0.05185365510944246
-0.05216239527760364
-0.05247485412543476
-0.05279108479232276
-0.05311115888738879
-0.05343515722750291
-0.05376314958617101
-0.05409518638658076
-0.054431370928386937
-0.05477177957352531
-0.05511650132444124
-0.05546560422050514
-0.05581917314374641
-0.05617730116984963
-0.05654009418536907
-0.05690741232483903
-0.05727944406523834
-0.057656420082457215
-0.0580384303254371
-0.0584256353736317
-0.05881810758240144
-0.05921596966591726
-0.059619353364378805
-0.06002833202746999
-0.060443014850285914
-0.06086356430537293
-0.06129009783190457
-0.061722769603347785
-0.06216171812814728
-0.06260708306384773
-0.0630590050860505
-0.06351763885870487
-0.06398316697615883
-0.0644557224441709
-0.06493545434821388
-0.06542260246014009
-0.06591723361198225
-0.06641959385143655
-0.06692990733868834
-0.06744830734641726
-0.06797501915713504
-0.0685102566478479
-0.06905425313423982
-0.06960723107067039
-0.07016943329974647
-0.07074095976427448
-0.07132204940362247
-0.07191297892308349
-0.07251403843772428
-0.07312552291939246
-0.07374770937803327
-0.07438089708563793
-0.07502538265860778
-0.07568148446653955
-0.0763495367563501
-0.07702987436952557
-0.07772283974812459
-0.07842881894873843
-0.07914816402666665
-0.07988127275714414
-0.08062855109195453
-0.08139043336488602
-0.08216737146513971
-0.08295980912914581
-0.08376821830936397
-0.08459309449195225
-0.08543495302968164
-0.08629431238138632
-0.08717174338795541
-0.08806784310125887
-0.08898320427667486
-0.08991844759824015
-0.09087423823929357
-0.09185127475948374
-0.09285026482216344
-0.09387197984942319
-0.0949171912124033
-0.09598671803801001
-0.09708143027280618
-0.09820221840379124
-0.09935002428136526
-0.10052583905359168
-0.1017306971174435
-0.10296569390998739
-0.10423195959919639
-0.10553067917627247
-0.10686310119888669
-0.10823070425716279
-0.10963477443038981
-0.11107667795952332
-0.11255794875883714
-0.11408020288205128
-0.11564514247779101
-0.11725456627480055
-0.11891036753479887
-0.12061454571074183
-0.1223692102125789
-0.12417659183609266
-0.12603904855549308
-0.12795907336510787
-0.12993930163269662
-0.13198251781171122
-0.13409165413424617
-0.13626980016833481
-0.13852019696663
-0.1408462526950446
-0.14325156214697835
-0.1457399380030347
-0.1483154415284155
-0.15098240986614872
-0.15374547598857308
-0.1566095914991076
-0.1595800228949688
-0.16266238441489
-0.16586265911162093
-0.16918722193309735
-0.1726428732061963
-0.1762368639159428
-0.17997693566145348
-0.18387135504848076
-0.187928954279039
-0.1921591914433672
-0.19657218742712523
-0.20117878153668634
-0.2059905934919031
-0.2110200829785659
-0.21628062647280874
-0.22178659415902433
-0.22755343174222403
-0.23359775480188769
-0.23993744898828598
-0.24659178798538517
-0.25358155158235646
-0.2609291647525574
-0.2686585712254855
-0.27679607789621735
-0.28537005765020307
-0.29441117753293367
-0.3039526106374743
-0.3140304462482812
-0.3246838797083608
-0.3359555238702675
-0.3478917580620844
-0.3605432840390719
-0.37396514797672303
-0.3882175980392317
-0.40336651307903676
-0.4194840322302181
-0.43664925491486567
-0.4549490337427703
-0.474478873769452
-0.49534395628988903
