-0.4961811115540043
-0.3967070884790894
-0.3207622699366926
-0.26266511050957203
-0.21811475921342105
-0.18385416003344573
-0.15741568127322203
-0.13692896550209718
-0.12097572504093648
-0.10847996151430093
-0.09862493836492635
-0.09079036776689482
-0.08450486516730091
-0.07940995607967236
-0.0752328134082282
-0.07176560411339465
-0.06884983773625303
-0.06636450167941384
-0.0642170628719906
-0.062336642922093816
-0.06066883941401215
-0.05917179714536282
-0.057813214101561004
-0.05656808440920591
-0.0554169690239825
-0.05434468718262827
-0.05333931772620751
-0.05239144182536547
-0.05149356573285365
-0.05063967171946821
-0.04982490194390567
-0.049045277445903486
-0.04829751657447294
-0.04757888032698349
-0.046887054234910755
-0.0462200698300468
-0.045576221100633495
-0.044954021546058764
-0.04435216276804549
-0.043769475514804555
-0.04320491528202375
-0.04265753148518106
-0.0421264601905717
-0.04161090830514682
-0.041110145456169346
-0.04062349183213736
-0.040150316031243326
-0.03969002970453655
-0.03924208119562247
-0.03880595461172016
-0.03838116432890642
-0.03796725466601038
-0.03756379680429057
-0.03717038703101505
-0.03678664528317915
-0.036412213899120464
-0.03604675570904116
-0.03568995292203774
-0.03534150597656216
-0.035001132262828694
-0.034668564470892255
-0.03434355008966749
-0.03402584943839138
-0.033715234754454364
-0.033411489647011544
-0.03311440729348928
-0.0328237903559713
-0.03253945017828652
-0.0322612039704628
-0.03198887683346478
-0.03172230003582819
-0.031461310225071225
-0.031205748446671105
-0.030955459996098472
-0.03071029206004039
-0.03047010143090545
-0.0302347383015302
-0.03000404105610292
-0.029777869708674312
-0.029556076325982963
-0.029338514824642423
-0.029125021764580247
-0.028915440848028932
-0.028709609894887043
-0.028507378753600675
-0.028308597653412575
-0.028113086228155313
-0.027920725549227057
-0.027731391467148335
-0.027544957148607628
-0.027361378657645624
-0.027180539383697862
-0.027002384526614
-0.02682688838958765
-0.0266539870576048
-0.026483674764670104
-0.026315927270790414
-0.026150716233046423
-0.025987997444363066
-0.025827698856905255
-0.025669778878558237
-0.025514205492160675
-0.02536090459157231
-0.025209822004839944
-0.02506090157756868
-0.02491409040431304
-0.024769330891605018
-0.024626570759131463
-0.02448576509182331
-0.024346853423667037
-0.024209787999647608
-0.0240745226946629
-0.023941006377640826
-0.023809203256978814
-0.02367906628736817
-0.023550548521254107
-0.02342362823848405
-0.023298255486934313
-0.023174394913948567
-0.02305201657092731
-0.022931092196862107
-0.022811591170675733
-0.022693486380422317
-0.02257675026097401
-0.022461356274808095
-0.022347281317530946
-0.022234501805576713
-0.02212299404102657
-0.022012737940810025
-0.02190371080037161
-0.021795896086264286
-0.021689271948481532
-0.02158381985480001
-0.021479525141324056
-0.02137636866221939
-0.02127432887392809
-0.021173388017975588
-0.021073536926547214
-0.02097475078312722
-0.020877015698270725
-0.020780321743917033
-0.020684651203314086
-0.02058999173010721
-0.020496323800770176
-0.020403636024965807
-0.02031191167459927
-0.02022114187747423
-0.020131315769890246
-0.020042423630835186
-0.019954454193253816
-0.01986739440661333
-0.019781235422997055
-0.0196959711178743
-0.019611587021261243
-0.019528071031830248
-0.019445413029920807
-0.019363591822196075
-0.019282589917618897
-0.019202395333472715
-0.019123000664060513
-0.019044386805838347
-0.018966547772401175
-0.0188894752154972
-0.018813160838643712
-0.018737585714589246
-0.01866271512276015
-0.018588550755481485
-0.018515070820843842
-0.018442269380521258
-0.018370153310764106
-0.01829870105363827
-0.018227910199840668
-0.018157766665595303
-0.01808826775805015
-0.018019407120468945
-0.017951171019139595
-0.01788356264947102
-0.017816571278240507
-0.017750210495087897
-0.017684463729297273
-0.017619310966710662
-0.01755473915613814
-0.01749075009740355
-0.01742733304660757
-0.017364484007210648
-0.01730220687762449
-0.017240477371777214
-0.017179301783910007
-0.01711867106029195
-0.017058578727048645
-0.01699901709323831
-0.016939982751957076
-0.016881464222113108
-0.016823460748932196
-0.01676595759671427
-0.016708959986848747
-0.01665245433171856
-0.016596429638681416
-0.016540887230754104
-0.01648583108911298
-0.01643124500441752
-0.016377126244463372
-0.016323466410552316
-0.01627026599199456
-0.016217515307772098
-0.016165202686752422
-0.016113329359683723
-0.01606188904399428
-0.016010880854666783
-0.015960296301121623
-0.015910127388637063
-0.01586037581431032
-0.015811039274361803
-0.01576210593607495
-0.01571357064946215
-0.01566542683266813
-0.015617673942177872
-0.015570304191038543
-0.015523311858080127
-0.015476698514539262
-0.015430462305723957
-0.015384594008593875
-0.015339081133255958
-0.015293920543223405
-0.015249145477488174
-0.015204705351739485
-0.015160626386628077
-0.015116874961281179
-0.015073482763545785
-0.015030439594572625
-0.014987740148233978
-0.014945368507051129
-0.014903298078924591
-0.014861584140479531
-0.01482020422031738
-0.014779104477428305
-0.014738369795785194
-0.014697929085725524
-0.014657797460590488
-0.01461795711004331
-0.014578442699098106
-0.014539229457690822
-0.014500335643101048
-0.01446173067591374
-0.01442344108437343
-0.014385450860386563
-0.014347753493842135
-0.014310377618038706
-0.014273269119434988
-0.01423646286873808
-0.01419996026010918
-0.014163733868840645
-0.014127800944230976
-0.014092149443452915
-0.014056778129853
-0.014021689302973903
-0.013986879873436409
-0.013952349039842549
-0.013918082396324746
-0.013883307451422052
-0.013849732316587444
-0.013816390143885714
-0.013782505872375945
-0.013749815991062909
-0.01371733638536512
-0.013685099954679874
-0.013653100757520667
-0.013621320030838036
-0.013588951039857217
-0.013556912574545481
-0.013525154924922556
-0.013493640647456893
-0.01346236145639184
-0.013431330797996232
-0.013400598468229061
-0.013370107265880515
-0.0133398172093257
-0.01330975510975996
-0.013279939206087072
-0.013250382622405585
-0.013221079923207571
-0.013192038741223943
-0.01316317896988207
-0.013134498042983478
-0.013106066140437644
-0.013077874436089036
-0.013049900512584237
-0.013022103332924473
-0.012994600845200472
-0.012967260095945659
-0.01294008850143663
-0.012913131923779209
-0.01288635712566867
-0.01285977338883025
-0.012833372013006012
-0.012807158260864886
-0.012781160115262206
-0.012755373577557487
-0.012729862146034821
-0.012704565131541456
-0.012679482388891503
-0.012654608243834093
-0.012629937539710931
-0.012605426489322964
-0.012581120284667643
-0.012557003926269081
-0.012533096297125124
-0.012509389296211582
-0.012485874153264834
-0.012462545609832431
-0.012439418408838856
-0.012416463235149125
-0.012393671990923956
-0.012371078092365128
-0.01234864425270925
-0.012326413414596315
-0.012304315610190953
-0.012282429422118261
-0.012260650540551274
-0.012239092425955856
-0.012217657383992251
-0.012196411293578064
-0.012175394815613022
-0.012154568215374124
-0.012133912140252884
-0.012113787820147352
-0.012093521300051391
-0.01207336470009436
-0.012053319277479043
-0.012033447837717204
-0.0120137305159175
-0.011994195419591465
-0.011974881141401567
-0.011955662204401878
-0.011936609342936378
-0.011917734724399906
-0.01189898718507683
-0.011880344453702866
-0.011861888307305708
-0.011843553568540577
-0.011825359258763275
-0.011807290760599312
-0.01178935223278084
-0.011771534072666186
-0.011753842261950797
-0.011736260708641328
-0.011718784354983146
-0.011701431825362287
-0.011684190400789489
-0.011667047429655826
-0.011650013493860861
-0.011633073081148975
-0.011616242090373378
-0.011599520480969804
-0.01158288637459715
-0.011566342268814478
-0.011549886279699289
-0.011533535707777834
-0.011517273984850678
-0.011501109798126252
-0.011485045793679725
-0.011469091354677193
-0.011453244371715255
-0.011437497787658811
-0.011421868894679691
-0.01140636216125199
-0.011390997231306666
-0.011375767778329876
-0.011360684496645098
-0.011345758238020429
-0.011330993264532721
-0.011316401363980023
-0.011301989768958553
-0.01128776338002031
-0.011273730361112032
-0.011259885712634532
-0.011246245596518309
-0.011232805945773625
-0.01121950934970792
-0.011206472019811032
-0.011193606616579057
-0.011180881286542424
-0.011168372008417627
-0.011156055340066097
-0.011143924303072511
-0.011131949409291594
-0.011120128940035083
-0.011108455411134926
-0.011096909985361619
-0.011085503959329956
-0.01107423075489341
-0.011063113386811397
-0.01105212091603163
-0.011041234212908656
-0.011030469306897973
-0.011019818735203791
-0.011009278957897734
-0.01099885981654829
-0.010988549498578913
-0.01097833628361019
-0.010968227383226066
-0.010958218942752096
-0.01094832080924139
-0.010938533440252434
-0.01092885036715902
-0.01091927925011081
-0.01090981213788845
-0.010900491486594591
-0.010891276003540312
-0.010882148130676663
-0.010873134908439844
-0.010864229514340793
-0.010855401481006666
-0.01084669699057212
-0.010838105727221221
-0.010829611902750006
-0.010821227907574745
-0.010812962203052029
-0.010804817187870297
-0.010796766901713871
-0.010788802523864272
-0.010780974855903638
-0.010773265623691596
-0.01076564221608337
-0.010758129340961676
-0.01075069747976313
-0.010743391603866979
-0.010736196106869935
-0.01072912410064602
-0.010722129930060293
-0.010715284075942086
-0.010708549045326463
-0.010701869925497917
-0.010695279486915435
-0.010688771242467449
-0.010682369398954297
-0.010676000795296948
-0.010669679380485278
-0.010663485584760062
-0.010657374804603867
-0.0106513448457561
-0.010645403496342323
-0.010639569690168542
-0.010633830486635909
-0.010628187942517036
-0.010622687737415187
-0.01061728808412622
-0.010612002607960224
-0.010606834086562234
-0.010601795359400765
-0.010596868049766436
-0.010592079599696588
-0.010587408659400839
-0.010582845039241319
-0.010578360057625032
-0.010573948201899917
-0.010569638583781136
-0.010565456444154832
-0.010561378631683712
-0.010557379358053235
-0.010553450534679116
-0.010549613090055771
-0.010545865143387753
-0.010542200816825439
-0.010538626381586855
-0.010535159708039898
-0.010531761840995878
-0.010528470618405924
-0.010525246635627436
-0.01052210093963465
-0.010519052144635213
-0.010516088608544756
-0.010513207789219001
-0.010510417137701452
-0.010507711953048603
-0.01050509307362244
-0.0105025751352674
-0.010500120500262692
-0.01049776632227925
-0.010495506804902051
-0.010493330323932662
-0.010491249906207504
-0.010489262684503307
-0.010487369919021909
-0.01048557506231432
-0.01048387197382437
-0.01048225995146468
-0.010480747468354135
-0.010479330216657711
-0.010478013135019414
-0.010476790199206306
-0.010475658247055096
-0.010474626143262496
-0.010473694137633266
-0.010472859388236609
-0.010472121501059875
-0.010471467608418288
-0.01047091558805725
-0.01047044127479659
-0.01047007321882387
-0.010469808059518014
-0.010469626040433166
-0.010469556474981332
-0.010469568373395594
-0.01046969091656232
-0.010469900316667453
-0.010470191348210657
-0.010470576639985421
-0.010471063247379547
-0.010471659324279951
-0.010472337522043825
-0.010473120741753912
-0.010473996793474473
-0.010474966872570952
-0.010476008605987673
-0.010477136147449287
-0.01047836523952625
-0.01047968922293613
-0.010481091686757166
-0.010482596335124455
-0.010484187387333335
-0.01048586465121596
-0.010487629146531889
-0.01048947939502502
-0.01049140805698015
-0.010493414802125725
-0.010495502502711345
-0.010497698175369823
-0.010499969550087463
-0.010502329289086378
-0.010504793259082379
-0.010507347038286834
-0.01050999499817764
-0.010512742048843433
-0.010515567338736586
-0.010518502183346521
-0.010521534917271742
-0.010524669106052384
-0.010527885149922494
-0.010531207624061874
-0.010534632534243861
-0.010538147756018006
-0.010541767439015182
-0.010545477620412578
-0.010549290271877669
-0.010553194423308944
-0.010557190474689714
-0.010561287597929547
-0.010565483703289373
-0.010569773600658153
-0.010574178610815905
-0.010578672525343613
-0.010583266909710592
-0.010587969499100184
-0.010592776033674634
-0.010597677552904436
-0.01060267847304985
-0.010607780606244673
-0.010612996836829544
-0.010618303779792204
-0.010623710073206873
-0.01062923229562515
-0.010634864636620764
-0.0106405928904126
-0.010646428913320622
-0.010652353263350685
-0.010658392677022784
-0.010664540869404127
-0.010670792668882212
-0.010677147195202732
-0.010683617337658881
-0.010690198246677173
-0.010696884355578883
-0.010703675048671321
-0.01071057645553804
-0.010717586648113803
-0.010724703330655928
-0.010731918552939671
-0.010739247328923037
-0.010746685426890184
-0.010754218100623294
-0.010761847961768548
-0.010769592115235207
-0.010777434578579546
-0.010785372453993565
-0.01079342392975397
-0.010801576613268327
-0.010809845323477488
-0.010818214680833422
-0.010826703875797464
-0.010835252737006721
-0.0108439303244514
-0.01085272131854441
-0.010861612595049077
-0.010870627859214102
-0.0108797345199972
-0.010888940027358096
-0.010898275469487483
-0.01090772023634319
-0.010917298611870435
-0.01092700424534586
-0.010936820970376406
-0.01094673814514074
-0.010956801279248795
-0.010967004362727231
-0.010977329762431787
-0.010987772772560007
-0.01099830054457121
-0.011008921106468929
-0.011019648244617342
-0.011030486431978136
-0.011041484706740068
-0.01105259435454185
-0.01106382339553408
-0.011075177948041802
-0.011086643780070023
-0.011098239453324587
-0.011109950210237399
-0.01112179020468565
-0.011133750257316636
-0.011145825880042507
-0.011158035938649854
-0.011170374610169688
-0.011182823743263664
-0.011195413086189366
-0.011208090150305128
-0.01122090520708805
-0.011233835188104878
-0.011246900555204695
-0.011260100382146095
-0.01127342325595102
-0.011286895088981631
-0.011300497405995858
-0.01131422500970631
-0.011328099671860341
-0.011342109043897092
-0.011356255022159596
-0.011370537643758684
-0.011384929852670481
-0.01139946250575899
-0.011414134997682804
-0.01142893556976369
-0.011443875563333572
-0.011458950712545499
-0.011474170126341783
-0.011489534455699222
-0.011505016841790729
-0.011520647459139787
-0.0115364211395121
-0.011552328279024303
-0.011568363826928389
-0.0115845325259516
-0.011600854856576047
-0.011617317158571502
-0.011633914319142496
-0.011650650543171751
-0.011667536872321194
-0.011684556693854958
-0.011701726928249293
-0.011719039704774234
-0.011736496031229816
-0.011754106456749968
-0.01177186459494011
-0.011789768845528289
-0.011807824064446882
-0.011826029691902927
-0.011844386619301673
-0.01186289756437014
-0.011881565567034454
-0.011900393479872982
-0.011919370081367371
-0.011938506773924593
-0.0119578035197634
-0.011977258817078246
-0.01199687408087048
-0.012016651488297597
-0.012036589791968564
-0.01205669130635982
-0.01207695888306497
-0.012097390671882811
-0.01211798882571217
-0.01213875396093388
-0.012159688494343025
-0.01218079319716082
-0.012202064718140625
-0.01222350815249561
-0.012245115686915251
-0.012266908118313005
-0.012288872352948607
-0.01231100792202059
-0.01233332353079797
-0.012355822607651975
-0.012378501728093287
-0.012401363191156693
-0.012424406088991334
-0.01244764174912213
-0.012471055083047883
-0.012494641140153202
-0.012518418862441144
-0.012542375706983645
-0.012566533697187993
-0.01259088593730403
-0.012615438631005798
-0.012640184147727896
-0.012665137550925333
-0.012690275623792234
-0.012715595768992229
-0.012741114540647696
-0.012766839758929532
-0.012792769462558558
-0.012818904449921726
-0.012845245720599236
-0.012871794019685258
-0.012898550424921947
-0.012925511642195334
-0.012952690937077026
-0.012980081450665712
-0.013007682764600991
-0.01303550039376798
-0.013063536560743933
-0.013091789797739012
-0.013120266106169152
-0.013148964426548103
-0.013177887103934272
-0.01320703432459085
-0.013236408487862363
-0.0132660114254381
-0.013295844446385718
-0.013325906903028926
-0.013356211759701536
-0.013386738133761915
-0.013417499187085132
-0.013448503102455133
-0.013479752042527665
-0.013511243050467662
-0.013542989923962877
-0.013574989703990542
-0.013607241716206942
-0.013639728913762932
-0.013672468715632683
-0.013705470383191042
-0.013738725506616737
-0.013772243765166276
-0.013806021133337553
-0.013840068572594844
-0.013874387765740502
-0.013908979831349479
-0.01394384377886361
-0.013978983037738327
-0.01401439982056057
-0.014050098177787844
-0.014086079973596575
-0.014122347824775993
-0.014158904440571048
-0.014195752844824105
-0.014232896066445276
-0.014270336966815234
-0.014308081030251637
-0.014346129857713713
-0.014384484093465114
-0.01442314588051521
-0.014462114033325915
-0.014501395250497073
-0.01454099186562474
-0.014580910948134677
-0.014621152828898915
-0.014661726358805086
-0.014702636178916166
-0.01474387099352171
-0.01478544200675905
-0.0148273384002191
-0.014869571246167234
-0.014912155156332641
-0.014955085566364299
-0.014998368738861687
-0.015042006033120149
-0.015086001516281936
-0.015130361060864086
-0.015175074513292893
-0.015220155077808084
-0.015265611891518973
-0.015311454211647016
-0.015357691940851764
-0.015404314668198348
-0.015451319362538395
-0.015498721076008342
-0.015546531925505844
-0.015594753778735284
-0.015643386169774995
-0.015692437103660136
-0.01574190301120297
-0.015791775343053923
-0.01584208140483969
-0.015892813088167104
-0.015943982977890223
-0.015995594369145903
-0.01604765002074779
-0.0161001676211004
-0.01615314587016551
-0.016206562937133302
-0.016260423563480786
-0.016314748595009157
-0.016369534952818465
-0.01642477236723206
-0.01648046484548422
-0.01653661442208621
-0.01659321458329167
-0.016650662448612758
-0.01670861063826258
-0.01676702053465321
-0.016825932885694207
-0.01688536488820989
-0.01694480268103787
-0.01700531567301579
-0.01706627933126333
-0.017127758502868063
-0.017189774085588597
-0.017252334285595108
-0.01731544870812674
-0.01737912797178732
-0.01744338189355653
-0.01750822318846741
-0.017573664383755138
-0.017639713958895357
-0.017706379490146557
-0.01777366106055216
-0.017841572625690087
-0.017910116992177705
-0.017979310358116094
-0.018049166527207068
-0.01811969150913584
-0.018190892985855696
-0.018262781863458345
-0.01833536853881371
-0.018408661956200528
-0.018482674908074006
-0.0185574194155403
-0.01863290521307118
-0.018709143154811824
-0.01878614454491116
-0.018863914542291495
-0.01894246787907988
-0.019021815298667578
-0.019101970322690547
-0.019182947323212088
-0.01926473811259601
-0.019347365012410092
-0.01943084363876638
-0.01951518814602
-0.01960041324538668
-0.01968653216608651
-0.019773561295674577
-0.01986151360064179
-0.019950402014451068
-0.02004024474598335
-0.020131053480889588
-0.020222840883928558
-0.020315622339631936
-0.020409410812478976
-0.0205042231606035
-0.020600073084995306
-0.020696973543842142
-0.020794947906526043
-0.020894007743578785
-0.02099415867758945
-0.02109541488966422
-0.021197806816932178
-0.021301344889195477
-0.021406048080442625
-0.02151193216202648
-0.021619013161208383
-0.021727309911735933
-0.02183683376695488
-0.021947605111987938
-0.022059641973858297
-0.022172960460890012
-0.02228757669991535
-0.022403507519029718
-0.022520771577242877
-0.022639384978036498
-0.022759365523660747
-0.02288073201339773
-0.0230035035853038
-0.023127695704351258
-0.023253329789536863
-0.023380428620391056
-0.023509017076504386
-0.023639124357040478
-0.023770778001701097
-0.02390401175017958
-0.02403886195412547
-0.024175372080372588
-0.024313589898990094
-0.02445356843613617
-0.02459536118279092
-0.024739030269078845
-0.024884655313072535
-0.025032326054055174
-0.02518214094732313
-0.02533420591782695
-0.025488635136634397
-0.025645547186909475
-0.025805064551733595
-0.025967310931404537
-0.02613240833039387
-0.026300472215533836
-0.02647160734882834
-0.026645905910522252
-0.026823448039483923
-0.0270042952925301
-0.02718849407916103
-0.02737607616089973
-0.0275670622799655
-0.027761469706980933
-0.0279593149643595
-0.028160620745605484
-0.028365419111359366
-0.028573758675890244
-0.028785704111761526
-0.02900133762575137
-0.02922075870974218
-0.029444085515816343
-0.02967144962130438
-0.02990299362005121
-0.030138875465130596
-0.030379257711493645
-0.03062431301162703
-0.03087421983874189
-0.031129161153346144
-0.03138932529824995
-0.03165490536205566
-0.03192609887278131
-0.032203109206862666
-0.03248614418389485
-0.03277541738196798
-0.03307114960901304
-0.03337356761447819
-0.03368292783255846
-0.03399942716207131
-0.03432331884042835
-0.034654865060714246
-0.03499433878597969
-0.03534202534837614
-0.035698223101916164
-0.03606324494405939
-0.03643741909575427
-0.0368210906988244
-0.0372146229788565
-0.03761839926731183
-0.038032824226355254
-0.03845832533266216
-0.03889535495731129
-0.03934439342190397
-0.03980595034218771
-0.04028056943552845
-0.040768830658755924
-0.04127135465217583
-0.04178880801112728
-0.04232190728217027
-0.0428714283804665
-0.04343821511681793
-0.04402318356392896
-0.04462734152022651
-0.04525180088138331
-0.04589779697197911
-0.04656672157120041
-0.0472601443962937
-0.04797986340846807
-0.04872794985086113
-0.04950682765384239
-0.05031935413569047
-0.05116893731765355
-0.052059695345528186
-0.052996647993236716
-0.05398597992229843
-0.05503538144477221
-0.05615449118301491
-0.05735547869307332
-0.058653813778205326
-0.06006927431462046
-0.06162727111636969
-0.06336058671902815
-0.06531166857103822
-0.06753562107823614
-0.0701042353959141
-0.07311120089257472
-0.07667898639972139
-0.08096795792833526
-0.08618837350907928
-0.09261623776834713
-0.10061419327276341
-0.11065912399063078
-0.12337863740955361
-0.13959914043094895
-0.16040956740374399
-0.18724550331153317
-0.2220004721727609
-0.26717318816338065
-0.3260624657458452
-0.403025316377728
-0.5038188884459958
