-0.50240347495891
-0.4808511491526536
-0.4606963238310189
-0.44182831363225694
-0.42414676608662283
-0.40756054599626906
-0.39198675620092244
-0.3773498767847186
-0.3635810143052542
-0.3506172133469269
-0.3384008744235576
-0.32687922768366195
-0.31600393676105115
-0.30573054327221305
-0.2960181988701667
-0.2868293086522386
-0.2781292352003228
-0.2698860314375222
-0.2620702044433105
-0.254654502473361
-0.2476137170118407
-0.24092451154079428
-0.23456526555064494
-0.22851592968074677
-0.22275790027376055
-0.21727389139846756
-0.21204783885286646
-0.2070648011764584
-0.2023108681209289
-0.1977730839571055
-0.1934393785848946
-0.18929847727694926
-0.18533986546533512
-0.18155372335482434
-0.17793088258191406
-0.1744628589025264
-0.17114163380364739
-0.16795972048158475
-0.16491009154631447
-0.16198616514587827
-0.1591817553461889
-0.15649107664366652
-0.15390867146748105
-0.15142944027174648
-0.14904858551199135
-0.1467615739889739
-0.14456413296709678
-0.14245228394410636
-0.14042224044034676
-0.13847040694277368
-0.1365934426513153
-0.134788204528087
-0.13305173011444485
-0.13138123352328032
-0.1297740714057215
-0.12822780856680585
-0.12674008868398384
-0.1253085820769004
-0.12393131430828457
-0.12260633237115418
-0.12133178171305073
-0.12010588127226034
-0.11892699744704052
-0.11779354380311514
-0.1167040809402236
-0.11565723240816395
-0.11465149639047598
-0.11368561481350418
-0.11275842678633742
-0.11186881435520718
-0.1110157010859213
-0.11019811311344245
-0.10941499779948052
-0.10866564559520282
-0.10794917142378842
-0.10726481556955914
-0.10661169992220623
-0.10598916144976642
-0.10539650055204856
-0.10483315467238591
-0.10429849193105661
-0.10379192394050403
-0.10331302357616459
-0.10286120202719488
-0.10243606050827198
-0.10203724326991248
-0.10166428916372759
-0.10131687072963352
-0.10099461720894706
-0.10069731117245462
-0.10042460835497753
-0.10017624390046985
-0.09995207072753776
-0.09975183208085532
-0.09957533242823892
-0.09942247842365806
-0.09929316145655467
-0.09918714085015788
-0.09910442233699057
-0.09904495019161165
-0.09900870531345683
-0.09899565779102913
-0.09900580638923272
-0.09903919768446387
-0.09909592294654113
-0.09917603474454646
-0.09927959927501596
-0.09940676392102883
-0.09955770559521679
-0.09973257098379852
-0.09993153372581977
-0.1001548359991514
-0.10040276631288944
-0.10067558571654107
-0.10097352349688818
-0.10129695731458331
-0.10164606185378705
-0.10202140211880911
-0.10242336303008
-0.10285239574322229
-0.10330898235742608
-0.10379362687575824
-0.10430698206257563
-0.10484974539070692
-0.10542233902292474
-0.10602543916754803
-0.10665973879115537
-0.10732601178270837
-0.10802501110752448
-0.10875759624638952
-0.10952465296949054
-0.11032713082445846
-0.11116601734216243
-0.11204236930257994
-0.11295730620204249
-0.11391198029309185
-0.11490763599392827
-0.11594561150890183
-0.11702729890890104
-0.11815417998266077
-0.1193278365015274
-0.12054990997217299
-0.12182209461872893
-0.12314629799832623
-0.12452451865100127
-0.12595877493677954
-0.1274512798826563
-0.1290043210048692
-0.13062031273494995
-0.13230201986398907
-0.13405217167562827
-0.13587367151131194
-0.13776965794042356
-0.13974343445536255
-0.14179850929517515
-0.14393857140719138
-0.14616758564778007
-0.14848976374794107
-0.15090958394093146
-0.15343178221390913
-0.15606143639168615
-0.15880398120125233
-0.16166519915447025
-0.16465124104836817
-0.16776869813821307
-0.17102457660166515
-0.17442639857153328
-0.17798217035379527
-0.18170049015501405
-0.18559055912439631
-0.18966223051771236
-0.1939260681501115
-0.19839339633208236
-0.203076364066616
-0.20798802517998585
-0.2131424128763633
-0.21855459769784594
-0.22424080890330805
-0.23021851872840202
-0.23650655810892496
-0.24312522930548533
-0.2500965186326716
-0.25744404309563196
-0.26519340015958587
-0.27337228992728396
-0.2820107104958073
-0.2911411796117135
-0.3007988854836736
-0.3110221963031299
-0.32185276539755625
-0.33333592912382437
-0.34552108802801634
-0.358462135265317
-0.3722179380736497
-0.3868528792764053
-0.4024374668662854
-0.4190490083876436
-0.4367724246587493
-0.4557011151852272
-0.4759379711185354
-0.49759652504109
