-0.51341667484546
-0.49229524340585984
-0.4725002043668384
-0.45392942955511495
-0.4364898496176407
-0.4200965516520711
-0.40467197283421813
-0.3901451885600245
-0.3764512726596905
-0.36353072755521465
-0.35132897177869776
-0.3397958868643305
-0.3288854038940783
-0.3185551375823469
-0.3087660538277521
-0.29948217200853217
-0.29067029555524915
-0.28229977038550647
-0.27434226574151227
-0.2667715749636475
-0.2595634285847145
-0.2526953558370936
-0.246146512921522
-0.23989755779544397
-0.23393052572783954
-0.2282287201284668
-0.2227766120082671
-0.2175597471717405
-0.21256466086064343
-0.20777880363185913
-0.20319047010256128
-0.19878873319035167
-0.19456338708802082
-0.19050489249140148
-0.18660433095600967
-0.1828533445270565
-0.17924411846049906
-0.17576932832992628
-0.1724221070476451
-0.1691960037483104
-0.16608496488813754
-0.1630833067341977
-0.16018568772512498
-0.1573870855915216
-0.1546827708194514
-0.15206829305080033
-0.14953945297384613
-0.14709229642206204
-0.14472309339559408
-0.14242832533012653
-0.14020466942722076
-0.1380489825867049
-0.1359582941804928
-0.13392981026461598
-0.13196088040104917
-0.1300489766619933
-0.1281917333073987
-0.1263868743021836
-0.12463227974629126
-0.12292591473824444
-0.12126584433027153
-0.11965024314072885
-0.1180773740571487
-0.11654559646568337
-0.11505331009918016
-0.11359900837764915
-0.11218128938828863
-0.11079883630124747
-0.10945033857429831
-0.10813455993590172
-0.10685035886114513
-0.1055966113992683
-0.10437208153097262
-0.10317590674850417
-0.10200713026644809
-0.10086477575455241
-0.09974790204817681
-0.09865572938115816
-0.09758750266808174
-0.096542405336365
-0.0955196140543307
-0.09451849394611939
-0.09353834564032043
-0.09257849628062235
-0.09163835352698806
-0.09071730562726946
-0.08981481736925159
-0.0889302778592125
-0.08806320748528593
-0.0872130218069519
-0.0863793346687893
-0.08556164306760303
-0.08475952967999378
-0.08397255781067345
-0.08320028968024908
-0.08244233332554726
-0.08169837226657266
-0.0809678563422356
-0.08025058439091229
-0.0795462450300977
-0.0788545409989775
-0.07817515197252445
-0.07750784876984003
-0.07685223450425044
-0.07620806297059608
-0.07557515705106932
-0.0749531978150365
-0.074341945355072
-0.07374118295570546
-0.07315068975411976
-0.07257035919078299
-0.0719999068633102
-0.07143787251438077
-0.07088566293510787
-0.07034262481145094
-0.06980885161957226
-0.0692839751621473
-0.06876803094096769
-0.06826043775488784
-0.06776145648811226
-0.06727105942031981
-0.06678889017991861
-0.06631451116933983
-0.06584850773493864
-0.06539098278880767
-0.06493594841252025
-0.06449288591116399
-0.06405139244063655
-0.06361413182641754
-0.0631837893199411
-0.06275984010702017
-0.06234247512519141
-0.06193147805683084
-0.061526783749561526
-0.06112811507242613
-0.06073511218449246
-0.060347999573686285
-0.059966553945620935
-0.05959064647272859
-0.05922009007252231
-0.0588546926163484
-0.058494264608012235
-0.05813871519639174
-0.057787828087169126
-0.057441285120732516
-0.05709887863351494
-0.0567603175522881
-0.0564254246019965
-0.056094127464696115
-0.05576609250147078
-0.05544082990939269
-0.05511817081787425
-0.054798067579531984
-0.05448000151625415
-0.054163988481472525
-0.053849775687668175
-0.0535371485651255
-0.05322627649769825
-0.05291701934806063
-0.05260939027931199
-0.052303799308303665
-0.05200019761667705
-0.05169866830119211
-0.05139911304848224
-0.05110189976862378
-0.05080710461738687
-0.05051472342042679
-0.05022476270399708
-0.04993722799705513
-0.04965219563362399
-0.04936971936037585
-0.04908971320150362
-0.04881235439464053
-0.04853755421682876
-0.048265508606875895
-0.047996041161836124
-0.04772966143611672
-0.047465947166884494
-0.04720511633354361
-0.04694738700391017
-0.04669251338143937
-0.046440527758532295
-0.04619141716781081
-0.04594517376235642
-0.045701873056952155
-0.04546137200440852
-0.04522402676038346
-0.04498969088803288
-0.04475826132205527
-0.044529840118173854
-0.04430437604571049
-0.044081862381954634
-0.043862234583275796
-0.04364550281090708
-0.043431524076671175
-0.04321996729397187
-0.04301141194158847
-0.04280568469459799
-0.042602656833519166
-0.04240154146093069
-0.04220295266887703
-0.0420062270545338
-0.04181258014699629
-0.041621592065769646
-0.04143294036690821
-0.04124626360590628
-0.04106185242255319
-0.04087943170963797
-0.04069905129779658
-0.04052068582346803
-0.04034438236460044
-0.04017029892665231
-0.03999782951023712
-0.03982733131332553
-0.039658728772014706
-0.03949187091312674
-0.03932704836185364
-0.03916083769881326
-0.03899931914167522
-0.038839421632156264
-0.03867954782019415
-0.03852271088131691
-0.0383673602732972
-0.03821408284063991
-0.03806130378227963
-0.03791094448864042
-0.037761689308637984
-0.03761445663937096
-0.03746837393274051
-0.037323038967145956
-0.037180129786841334
-0.03703897797651047
-0.036897380062448665
-0.036754865940059174
-0.03661727238004297
-0.03648042264997863
-0.0363423230262211
-0.036206525546414084
-0.036071022026505965
-0.03593740797439846
-0.035808400284046735
-0.03567733634511033
-0.03554754569251837
-0.035422479017504165
-0.03529713078472611
-0.03517027068237068
-0.035044199553127146
-0.034923050603817715
-0.03479926776531048
-0.03467655863245946
-0.034557410214687174
-0.0344391717059971
-0.03432231413291742
-0.03420700741858872
-0.03409161709033132
-0.03397751043693935
-0.03386442840223409
-0.03375222529009513
-0.0336410760398224
-0.03353023609521893
-0.033419589827634176
-0.03331090254489128
-0.03320331172727173
-0.03309775046996881
-0.03299142364494589
-0.032885828730366294
-0.03278109583180683
-0.03267809704714326
-0.03257605553469068
-0.03247603284117108
-0.03237657917046375
-0.03227781482748918
-0.03217887014273175
-0.03208151565346906
-0.03198486303047446
-0.031890111466096306
-0.03179528693332709
-0.03170301319957404
-0.031611491985403466
-0.03152054108044529
-0.03142936369673447
-0.031339834791713955
-0.031249912616120205
-0.03116126885813512
-0.03107339200534997
-0.03098606575041607
-0.030900201586708448
-0.0308160694819361
-0.03073228333440847
-0.030648587478851148
-0.030565986969459124
-0.030483276122790934
-0.0304019089772287
-0.030321622648256424
-0.030241991523628813
-0.030163621233868506
-0.030085010534323144
-0.030007000640376646
-0.02992979385468349
-0.02985329991402952
-0.029777198759785222
-0.02970225468494517
-0.029628159392335006
-0.029554692712814908
-0.029482320283395497
-0.029410147051893248
-0.029338257494930447
-0.029268138932456132
-0.029199031222190138
-0.029130016761899927
-0.029061484281245744
-0.02899345213181338
-0.02892616454303322
-0.0288593536197309
-0.028793103348856746
-0.028727949389773924
-0.02866321550725142
-0.028599217489686503
-0.02853597296010622
-0.02847313447519298
-0.028411028000285714
-0.028349484165822496
-0.028288507251159833
-0.028228025718825937
-0.028167987772661003
-0.028108644617726154
-0.028050053455683673
-0.027991789042781375
-0.02793433667130195
-0.027877407728009198
-0.027820992326748603
-0.027765427806182776
-0.0277104213769355
-0.02765591478305273
-0.02760191696422373
-0.027548718166227913
-0.027495860171935373
-0.027443559579198203
-0.02739166379477395
-0.027340121996030413
-0.027289355589185035
-0.027238847502138775
-0.02718921356965583
-0.02714021834159902
-0.027091587000631637
-0.027043699969904654
-0.02699638537358963
-0.02694924330821756
-0.02690264308264077
-0.02685692506107502
-0.02681170594083889
-0.026766767054895387
-0.02672248619453434
-0.02667871197287647
-0.02663492618926984
-0.02659203196554157
-0.026549907855066248
-0.02650825927681834
-0.026467130523497515
-0.026426325943513462
-0.02638594794183088
-0.02634607402670586
-0.026306614272755727
-0.026267566810585844
-0.026228906438418746
-0.0261907300468497
-0.026152818056701554
-0.026115317667335377
-0.026078177657100854
-0.026041400253746856
-0.026004855138879502
-0.025968499015224505
-0.02593243282242962
-0.025897158745031054
-0.025862129007228778
-0.025827608925614646
-0.02579327619927004
-0.0257594858264735
-0.025725918256379075
-0.025692972561636333
-0.025660398128362814
-0.025628040961784664
-0.02559589955428053
-0.025564175712691376
-0.02553287878126188
-0.02550205616518553
-0.025471239833636097
-0.02544070757563501
-0.0254105332628139
-0.025380687678733166
-0.025351153435428767
-0.0253219099041792
-0.025292904279507294
-0.025264209140030882
-0.02523573866274119
-0.025207529958012412
-0.025179612656271052
-0.025151963821450248
-0.025124766205207077
-0.025097796705469043
-0.025070942930110002
-0.02504447419589185
-0.025018131501140406
-0.024992059031907505
-0.024966098737625123
-0.02494014847787721
-0.024914422901265883
-0.024888824079877712
-0.024863407654174337
-0.024838358579611072
-0.024813612015736463
-0.024789191310766588
-0.024765004529991006
-0.02474117301604773
-0.024717712230549485
-0.024694436893752236
-0.024671751105299455
-0.024649655218837996
-0.024628259292700176
-0.024607626935005275
-0.024587990033424278
-0.02456937494435393
-0.02455183836345751
-0.02453537253797519
-0.024519863954580324
-0.02450541465784722
-0.02449188702394883
-0.02447927046809316
-0.024467529840577432
-0.024456803239122124
-0.024446815310319663
-0.024437620941103206
-0.024429144625388755
-0.02442131905960436
-0.024413984262958262
-0.02440719787654654
-0.02440083140126623
-0.024394942270109278
-0.0243893342040804
-0.02438432737655046
-0.02437959014438102
-0.024375112082843455
-0.024370999512984753
-0.02436729296732522
-0.02436370923097479
-0.0243605334629958
-0.024357379193110106
-0.024354664317161726
-0.024352181228927256
-0.024349949699613804
-0.024347943225725557
-0.024346163788823736
-0.02434459509041735
-0.024343199579459483
-0.02434207326518574
-0.024341227388919702
-0.024340561180766954
-0.024340211431945695
-0.024340086702830267
-0.02434025715159659
-0.024340800067231032
-0.024341638799817107
-0.024342864468044245
-0.02434405394193542
-0.0243454811027897
-0.024347020703280518
-0.02434905045325661
-0.024351391560814593
-0.024354001054791432
-0.02435677020217414
-0.02435978458245018
-0.024363149283239127
-0.024366792089880716
-0.0243707090608372
-0.02437488718829763
-0.024379373981625957
-0.024384190376882085
-0.024389329455376755
-0.024394749845236638
-0.024400362628946393
-0.024406345552109906
-0.02441264592523306
-0.0244192781093508
-0.024426209877809062
-0.024433441369245888
-0.02444098799494464
-0.02444885573945926
-0.024457061944339355
-0.024465598690943405
-0.02447452380766823
-0.024483812148442946
-0.024493432546976068
-0.024503360525338854
-0.02451361724210571
-0.02452423047659137
-0.024535090304427267
-0.02454633542301596
-0.024557998930647557
-0.024569991362583688
-0.024582366860480022
-0.024595001207760255
-0.024607913852894965
-0.0246211914496385
-0.02463480449510932
-0.024648791570720315
-0.0246631074865597
-0.024677807655525512
-0.02469284627967357
-0.024708221226661758
-0.024723924272423897
-0.0247399403413895
-0.024756323986633286
-0.024773048285635875
-0.024790026864941153
-0.024807452036085958
-0.024825215667677338
-0.024843204333272403
-0.02486174186853989
-0.02488043521793324
-0.024899691268751082
-0.024919222356378702
-0.024939103123778762
-0.024959356885321454
-0.024979916085348615
-0.025000845345111038
-0.025022079309879222
-0.02504351155199852
-0.025065287333986823
-0.02508731410081553
-0.02510964423299968
-0.025132246273801454
-0.02515516172319957
-0.025178373740878217
-0.025201992089048286
-0.025225794218827348
-0.02525004314798262
-0.02527465636127808
-0.025299604054083765
-0.025324867166875643
-0.025350268191184078
-0.025376174364070195
-0.025402312984923847
-0.025428815694607407
-0.02545556301511796
-0.02548257510585138
-0.02551001858718504
-0.025537599812758636
-0.025565503454603962
-0.02559376424576914
-0.025622468555837854
-0.02565158605482987
-0.025681020535611977
-0.025710808179004774
-0.025740877786944356
-0.025771429938435914
-0.025802210719717496
-0.02583327936251275
-0.025864680524476217
-0.02589641916662022
-0.025928456806345947
-0.025960764966525503
-0.02599351013006435
-0.026026622976526803
-0.02606008403831728
-0.026093906290684175
-0.02612800769781099
-0.026162481317897453
-0.026197294918105622
-0.026232544985622545
-0.02626842498263559
-0.026304508554897868
-0.026341061957053692
-0.0263778425188116
-0.026415139734428657
-0.026452578225519652
-0.0264905639722302
-0.026528913399578163
-0.026567656844505384
-0.026606775831365507
-0.026646289473789487
-0.026686189726730467
-0.026726443351106938
-0.026767135498476147
-0.026808282371177557
-0.026849776610672067
-0.02689150170642211
-0.026933697801105206
-0.026976366308835233
-0.02701952883224837
-0.027063095537421734
-0.02710696706537647
-0.027151275170426165
-0.0271963542037386
-0.027240962515363766
-0.027285495627263893
-0.027330337765400954
-0.02737517140461161
-0.027420325405999407
-0.02746582025188774
-0.027511665808318785
-0.02755823787454478
-0.027604947030679578
-0.027652072423383342
-0.027699410396697502
-0.027747050277564606
-0.02779511963507951
-0.027843548181702177
-0.027892306029485267
-0.027941452750349965
-0.027990937196561896
-0.028040849819171414
-0.028091235299519016
-0.028141910218973915
-0.028192956320716937
-0.02824437860018097
-0.028296136523530985
-0.02834839161644545
-0.028400951749272006
-0.02845398599046867
-0.02850739393267188
-0.028561170218089783
-0.028615348544487378
-0.028670232726442455
-0.028725339744998822
-0.02878072449072243
-0.02883647867223666
-0.02889283455738827
-0.028949567086990535
-0.029006624944329776
-0.02906404101031012
-0.029121862123898095
-0.029180214610023517
-0.029238917731070922
-0.029298138506753797
-0.02935772815257272
-0.029417948269160294
-0.02947839067281869
-0.029539315527362275
-0.02960062294121241
-0.02966237039805549
-0.02972450977794751
-0.02978715791616271
-0.029850305363001924
-0.029913750427598966
-0.02997785101725801
-0.03004231745881133
-0.03010729578214909
-0.03017265209287826
-0.030238497738300334
-0.030304752024591944
-0.030371443779913312
-0.030438864501151932
-0.030506570246609466
-0.03057465741349653
-0.0306432736091836
-0.03071229817455261
-0.03078184722361294
-0.030851745517960768
-0.030922054865552648
-0.03099283287741337
-0.031064133044381336
-0.031135879647404836
-0.03120808350232565
-0.03128076078174321
-0.031353931014268324
-0.0314275466557657
-0.03150180657448722
-0.03157642592797841
-0.03165153278666298
-0.031727153154718135
-0.03180329015488113
-0.0318802208223033
-0.03195728490848858
-0.032035018081715466
-0.032113150739840786
-0.032191752415150876
-0.032271017828331035
-0.03235077019165246
-0.032431050201876005
-0.03251187978209017
-0.03259323032209633
-0.032675263149632136
-0.03275745480395382
-0.032840186067945344
-0.03292378761182862
-0.03300779236857448
-0.03309244803557855
-0.033177803585541836
-0.033263637943297314
-0.03334989999197986
-0.033436850620104985
-0.033524419139113124
-0.03361243263118824
-0.03370082466612378
-0.03379011848122791
-0.03387986192089803
-0.03397025203553692
-0.034061215015921714
-0.0341527784696412
-0.034244936866721754
-0.034337729604080595
-0.03443080612334249
-0.034524743416361664
-0.03461908858457097
-0.034714458733402946
-0.03480999392722257
-0.03490601827066431
-0.03500276110316528
-0.03510001235806678
-0.03519789467775911
-0.03529637991691997
-0.03539567648763292
-0.035495584625325205
-0.035596580305827616
-0.035697931416789105
-0.03580027033129185
-0.03590336024738565
-0.03600696205187276
-0.0361113086292674
-0.036216397675995535
-0.03632228334239888
-0.036428802107217655
-0.03653594685389114
-0.0366438321742872
-0.036752252735250214
-0.03686149577622922
-0.03697147588788801
-0.037082201925288695
-0.03719402547238089
-0.03730614514139737
-0.03741924729430161
-0.03753367296291876
-0.03764891242000224
-0.03776437027070044
-0.037880423855288274
-0.03799736245316602
-0.03811551790938634
-0.03823431240017639
-0.038355887638928145
-0.03847617455048774
-0.038599397035249144
-0.038723270015934154
-0.03884648107536295
-0.03897072663823533
-0.03909687139846009
-0.039223033649242615
-0.039350047408330355
-0.03947954984394394
-0.03960847349630949
-0.03973798031027826
-0.03986838113443813
-0.04000020007945633
-0.0401344800924679
-0.040269603748124924
-0.04040534159590289
-0.04054150498878103
-0.040679758615608366
-0.0408188885318047
-0.04095920145666229
-0.041100557475045305
-0.04124228480709487
-0.04138575458873545
-0.041530400988884456
-0.04167610531130911
-0.04182254032776171
-0.04197038346094506
-0.0421194478498746
-0.04226963498526927
-0.04242099827712366
-0.04257358909208927
-0.04272732350217308
-0.04288232913094947
-0.0430385732270465
-0.04319600596783594
-0.04335460674949492
-0.04351449338805671
-0.04367571485115454
-0.043838348197412655
-0.04400226546321198
-0.04416762776247195
-0.044334341759169824
-0.044502313105416975
-0.044671759279790266
-0.04484257993566835
-0.045014853496209345
-0.045188554017193044
-0.045363726147697625
-0.045540367318652526
-0.04571851914513505
-0.04589817213940818
-0.04607932547495672
-0.04626204366428838
-0.04644629078310561
-0.046632112658526924
-0.04681959833010324
-0.0470087259841787
-0.04719948546789293
-0.04739198044280981
-0.04758616138586413
-0.04778205382281743
-0.04797968308131031
-0.0481791222286583
-0.04838034116485889
-0.048583388174323394
-0.048788247745048724
-0.048994906860472746
-0.04920346498507098
-0.04941390347890572
-0.04962625299936384
-0.04984056491720504
-0.05005683578187447
-0.05027513250475133
-0.05049546591613633
-0.05071789406811961
-0.050942363018585325
-0.051168937209595595
-0.05139759049102658
-0.05162836112637888
-0.051861339590554445
-0.052096512065496876
-0.05233389594722388
-0.05257352763528535
-0.05281543339583144
-0.05305962116715512
-0.05330617955217669
-0.053555218064963744
-0.05380665078214926
-0.05406052509959454
-0.05431685821548478
-0.05457567675772286
-0.05483698350752465
-0.05510082552361328
-0.05536724883128306
-0.05563622550701447
-0.055907811141233894
-0.05618200733458039
-0.05645881989620346
-0.05673833467683083
-0.05702054408326875
-0.05730549890850766
-0.05759318140640476
-0.05788361830342609
-0.05817688134270236
-0.058472986129428625
-0.05877193786723152
-0.059073784232795155
-0.059378460748597324
-0.05968620576695115
-0.05999685283510485
-0.060310574151434905
-0.060627398853707055
-0.0609474138530255
-0.0612706587771449
-0.061597207963418076
-0.061927168064319936
-0.06226057981484616
-0.06259751571331126
-0.06293804991008849
-0.0632823207416911
-0.06363047989669822
-0.06398262258427309
-0.06433891123123858
-0.06469943810583655
-0.06506433191613445
-0.06543370266625358
-0.0658076820958092
-0.06618640629403429
-0.0665699541301745
-0.06695847976675601
-0.06735208753825607
-0.06775088135623855
-0.06815499791604503
-0.06856441191889573
-0.0689793455071506
-0.06940000327608963
-0.06982651501864769
-0.07025902435645062
-0.07069770847421274
-0.07114270232967553
-0.07159414430737349
-0.07205224257510279
-0.07251714527903774
-0.07298900959751696
-0.07346801596820153
-0.07395427218552063
-0.07444807708684506
-0.0749494179207535
-0.07545874127221439
-0.07597604186822239
-0.07650161007697544
-0.0770356650089478
-0.07757839768622729
-0.07812997574283759
-0.0786906040186314
-0.0792605501204835
-0.07984013590811775
-0.08042956024220116
-0.08102904295698085
-0.08163884848958707
-0.08225926421791013
-0.08289048816151286
-0.08353278270811469
-0.0841864910049788
-0.08485180005344706
-0.08552904642518422
-0.08621853888913988
-0.08692061844239976
-0.0876355828552616
-0.08836386175523575
-0.08910575906230041
-0.0898617244227979
-0.09063209047732189
-0.0914172739865175
-0.09221779861102963
-0.09303404841411937
-0.09386787652732922
-0.09471816679659568
-0.09558569305387977
-0.09647099813903164
-0.09737462549295531
-0.09829718229238965
-0.09923931101002033
-0.10020165847841815
-0.10118494315473762
-0.10218989169782018
-0.10321724469563547
-0.10426780221806271
-0.10534239019334615
-0.10644176284107724
-0.10756686555564846
-0.10871860123482649
-0.10989791450791239
-0.11110581057726257
-0.1123433234921684
-0.11361158358180384
-0.11491174891404471
-0.11624501454567648
-0.11761265483737221
-0.11901598955825107
-0.12045638565057148
-0.12193530122070934
-0.12345428541516848
-0.1250149615185075
-0.12661906081758356
-0.12826837790903176
-0.12996483918907273
-0.1317104825852185
-0.13350743629171363
-0.13535797500578642
-0.13726451825759128
-0.13922959945710692
-0.14125592189705266
-0.14334635035512827
-0.1455039517451526
-0.1477318565609182
-0.1500335913626542
-0.1524127900737738
-0.15487332540855453
-0.1574193091635065
-0.160055384249328
-0.1627859307677593
-0.1656159175707906
-0.16855063301405385
-0.17159572042886126
-0.17475720205133052
-0.17804149143943404
-0.18145545673056473
-0.18500643525260374
-0.18870227570386086
-0.19255138474200217
-0.19656277303428768
-0.20074610257586556
-0.2051117398429973
-0.20967082199848483
-0.2144353163099781
-0.21941809464436582
-0.22463301230513957
-0.23009499566033415
-0.23582014801513512
-0.24182582342457165
-0.24813078093714247
-0.25475529975208394
-0.26172131794884135
-0.2690526063386528
-0.2767749353083794
-0.28491628665445906
-0.2935070641921411
-0.30258032803077745
-0.3121737024774456
-0.3223250681247121
-0.3330772162045392
-0.34447694528603906
-0.35657546593635653
-0.36942888681250036
-0.38309876116589703
-0.3976527028072465
-0.4131650872324038
-0.4297207149410525
-0.4474072680008318
-0.4663246086792286
-0.48658332515453995
