-0.513416674845404
-0.49229524340586966
-0.4725002043669009
-0.45392942955521914
-0.4364898496177776
-0.4200965516522317
-0.40467197283439665
-0.390145188560216
-0.3764512726598899
-0.3635307275554184
-0.3513289717789025
-0.3397958868645334
-0.32888540389427706
-0.31855513758254
-0.3087660538279386
-0.2994821720087116
-0.2906702955554203
-0.28229977038566956
-0.2743422657416671
-0.26677157496379367
-0.2595634285848515
-0.25269535583722247
-0.24614651292164152
-0.23989755779555552
-0.2339305257279501
-0.22822872012857098
-0.22277661200835763
-0.2175597471718256
-0.21256466086072304
-0.20777880363193355
-0.20319047010263047
-0.19878873319041798
-0.19456338708808368
-0.19050489249146071
-0.18660433095606496
-0.18285334452710805
-0.1792441184605467
-0.17576932832997005
-0.172422107047685
-0.16919600374834698
-0.16608496488817098
-0.16308330673422783
-0.16018568772515154
-0.1573870855915448
-0.15468277081947127
-0.15206829305081665
-0.149539452973856
-0.14709229642206978
-0.1447230933956002
-0.14242832533013164
-0.1402046694272241
-0.1380489825867069
-0.13595829418049266
-0.13392981026461373
-0.1319608804010454
-0.13004897666198711
-0.1281917333073901
-0.12638687430217385
-0.12463227974627725
-0.12292591473822723
-0.1212658443302525
-0.11965024314070624
-0.11807737405712489
-0.11654559646565976
-0.11505331009915647
-0.11359900837762493
-0.11218128938826344
-0.11079883630122138
-0.10945033857427186
-0.10813455993587445
-0.10685035886111754
-0.10559661139924029
-0.10437208153094404
-0.10317590674847521
-0.10200713026641844
-0.10086477575452188
-0.0997479020481454
-0.09865572938112567
-0.0975875026680484
-0.0965424053363307
-0.09551961405429554
-0.09451849394608361
-0.09353834564028407
-0.09257849628058581
-0.09163835352695125
-0.09071730562723276
-0.08981481736921453
-0.08893027785917532
-0.08806320748524861
-0.08721302180691427
-0.08637933466875138
-0.08556164306756492
-0.08475952967995543
-0.0839725578106349
-0.08320028968021034
-0.08244233332550835
-0.08169837226653312
-0.08096785634219518
-0.08025058439087146
-0.07954624503005576
-0.07885454099893471
-0.07817515197248216
-0.07750784876979692
-0.07685223450420875
-0.0762080629705548
-0.07557515705102855
-0.07495319781499533
-0.07434194535503064
-0.07374118295566352
-0.07315068975407835
-0.07257035919074163
-0.07199990686326892
-0.07143787251434026
-0.0708856629350679
-0.07034262481141092
-0.06980885161953217
-0.06928397516210734
-0.06876803094092887
-0.06826043775484884
-0.06776145648807268
-0.06727105942028036
-0.06678889017987946
-0.06631451116930123
-0.06584850773490047
-0.06539098278876931
-0.06493594841248138
-0.0644928859111252
-0.06405139244059783
-0.0636141318263791
-0.06318378931990307
-0.06275984010698324
-0.062342475125155165
-0.06193147805679507
-0.06152678374952621
-0.06112811507239158
-0.06073511218445748
-0.06034799957365174
-0.059966553945586955
-0.05959064647269515
-0.059220090072489504
-0.058854692616315686
-0.05849426460797927
-0.05813871519635942
-0.05778782808713735
-0.05744128512070178
-0.05709887863348747
-0.05676031755225609
-0.05642542460196568
-0.056094127464665425
-0.05576609250143544
-0.055440829909358766
-0.055118170817837174
-0.054798067579494986
-0.05448000151622293
-0.05416398848144421
-0.05384977568764162
-0.053537148565104394
-0.053226276497679144
-0.05291701934804342
-0.05260939027929363
-0.05230379930829204
-0.052000197616663996
-0.051698668301174006
-0.05139911304846681
-0.051101899768611
-0.05080710461737629
-0.05051472342041565
-0.050224762703985924
-0.04993722799704406
-0.049652195633616995
-0.04936971936037098
-0.04908971320150061
-0.04881235439463986
-0.048537554216829946
-0.04826550860687704
-0.047996041161838074
-0.04772966143611651
-0.04746594716688551
-0.04720511633354536
-0.046947387003918664
-0.04669251338144786
-0.046440527758541315
-0.04619141716782121
-0.045945173762366676
-0.04570187305696218
-0.045461372004418577
-0.04522402676039446
-0.04498969088804669
-0.04475826132206893
-0.044529840118187815
-0.044304376045727824
-0.04408186238197385
-0.04386223458329676
-0.04364550281093028
-0.043431524076695635
-0.04321996729399622
-0.043011411941613426
-0.042805684694623314
-0.04260265683354598
-0.0424015414609571
-0.04220295266890319
-0.04200622705456041
-0.041812580147022306
-0.04162159206579756
-0.04143294036693786
-0.041246263605938666
-0.041061852422588356
-0.04087943170967333
-0.04069905129783153
-0.0405206858235058
-0.04034438236463964
-0.040170298926692695
-0.039997829510278055
-0.03982733131336644
-0.03965872877205771
-0.039491870913171495
-0.03932704836189894
-0.0391608376988588
-0.0389993191417213
-0.03883942163220246
-0.03867954782024265
-0.03852271088136394
-0.03836736027334046
-0.03821408284068449
-0.03806130378232466
-0.03791094448868126
-0.03776168930868011
-0.037614456639417454
-0.03746837393278526
-0.037323038967189755
-0.03718012978688591
-0.03703897797655377
-0.03689738006249267
-0.036754865940102584
-0.03661727238008562
-0.03648042265002126
-0.03634232302626197
-0.036206525546453365
-0.03607102202654629
-0.03593740797443554
-0.03580840028408232
-0.03567733634514545
-0.035547545692551925
-0.03542247901753764
-0.035297130784758275
-0.03517027068240145
-0.03504419955315647
-0.034923050603847115
-0.03479926776534144
-0.03467655863249064
-0.03455741021471765
-0.034439171706025
-0.034322314132945154
-0.03420700741861177
-0.03409161709034976
-0.03397751043696582
-0.03386442840226467
-0.03375222529012324
-0.03364107603985016
-0.03353023609524268
-0.03341958982765777
-0.03331090254490997
-0.033203311727291414
-0.03309775046998567
-0.03299142364496565
-0.032885828730378326
-0.03278109583181649
-0.032678097047158655
-0.03257605553470542
-0.03247603284118534
-0.032376579170477655
-0.0322778148275022
-0.03217887014274462
-0.032081515653482086
-0.03198486303048812
-0.03189011146611022
-0.03179528693334112
-0.03170301319958899
-0.03161149198541887
-0.03152054108046205
-0.031429363696752484
-0.03133983479173374
-0.03124991261613652
-0.031161268858154
-0.031073392005369963
-0.030986065750434756
-0.03090020158673312
-0.030816069481958478
-0.030732283334424654
-0.03064858747886982
-0.030565986969484194
-0.03048327612280897
-0.030401908977246154
-0.030321622648274905
-0.030241991523647985
-0.030163621233882696
-0.03008501053433828
-0.030007000640392956
-0.029929793854700654
-0.02985329991404729
-0.029777198759803523
-0.029702254684964124
-0.029628159392355875
-0.02955469271283621
-0.02948232028341691
-0.02941014705191556
-0.02933825749495327
-0.02926813893247953
-0.029199031222214202
-0.02913001676192509
-0.02906148428127205
-0.028993452131832385
-0.028926164543054064
-0.028859353619752066
-0.028793103348878246
-0.02872794938979595
-0.02866321550727378
-0.028599217489709346
-0.02853597296012949
-0.028473134475216228
-0.02841102800030933
-0.028349484165846393
-0.028288507251183724
-0.028228025718849775
-0.028167987772684682
-0.02810864461774969
-0.02805005345570733
-0.027991789042804974
-0.02793433667132544
-0.02787740772803263
-0.02782099232677158
-0.02776542780620536
-0.027710421376958064
-0.027655914783074984
-0.027601916964245563
-0.027548718166249358
-0.027495860171956876
-0.027443559579219606
-0.027391663794795126
-0.02734012199605092
-0.02728935558920507
-0.027238847502158443
-0.027189213569675172
-0.027140218341618158
-0.0270915870006504
-0.02704369996992319
-0.026996385373608257
-0.026949243308236184
-0.026902643082659796
-0.026856925061093447
-0.02681170594085708
-0.026766767054912863
-0.026722486194551424
-0.026678711972893194
-0.026634926189285982
-0.02659203196555764
-0.026549907855082027
-0.026508259276834107
-0.02646713052351299
-0.026426325943529113
-0.026385947941846396
-0.02634607402672158
-0.026306614272771284
-0.02626756681060107
-0.02622890643843364
-0.026190730046864417
-0.026152818056716282
-0.026115317667350042
-0.02607817765711499
-0.026041400253761064
-0.026004855138893446
-0.02596849901523828
-0.025932432822442956
-0.025897158745044294
-0.025862129007241712
-0.025827608925627823
-0.025793276199283063
-0.025759485826486378
-0.025725918256391322
-0.025692972561648517
-0.025660398128375072
-0.025628040961796897
-0.025595899554292863
-0.025564175712703252
-0.02553287878127373
-0.02550205616519712
-0.02547123983364735
-0.02544070757564645
-0.025410533262824934
-0.025380687678744268
-0.02535115343543973
-0.025321909904190486
-0.025292904279518753
-0.025264209140042352
-0.02523573866275278
-0.025207529958024135
-0.02517961265628291
-0.02515196382146235
-0.02512476620522029
-0.0250977967054821
-0.02507094293012192
-0.025044474195904984
-0.02501813150115101
-0.024992059031920352
-0.024966098737637034
-0.024940148477889362
-0.024914422901278863
-0.02488882407988856
-0.02486340765418803
-0.024838358579628555
-0.024813612015750434
-0.024789191310780993
-0.024765004530005418
-0.024741173016054566
-0.024717712230556854
-0.02469443689376058
-0.024671751105312122
-0.024649655218849882
-0.024628259292714397
-0.024607626935023354
-0.024587990033440917
-0.024569374944378643
-0.024551838363487698
-0.024535372538005022
-0.024519863954603833
-0.02450541465786643
-0.02449188702396852
-0.02447927046811409
-0.024467529840596122
-0.024456803239143402
-0.024446815310337607
-0.0244376209411198
-0.02442914462540727
-0.02442131905962482
-0.02441398426297586
-0.024407197876568466
-0.024400831401278897
-0.02439494227012885
-0.02438933420410541
-0.024384327376576375
-0.02437959014440761
-0.0243751120828665
-0.02437099951300543
-0.024367292967346122
-0.024363709230984545
-0.02436053346301344
-0.024357379193122197
-0.024354664317174674
-0.02435218122894918
-0.024349949699636466
-0.024347943225744018
-0.02434616378883601
-0.024344595090435742
-0.024343199579479762
-0.024342073265204996
-0.024341227388930235
-0.024340561180783597
-0.024340211431963833
-0.024340086702850396
-0.024340257151610558
-0.024340800067232042
-0.02434163879981696
-0.024342864468043582
-0.024344053941924654
-0.024345481102780904
-0.024347020703278696
-0.024349050453267195
-0.02435139156081813
-0.024354001054793132
-0.02435677020217331
-0.024359784582448293
-0.02436314928323573
-0.024366792089874884
-0.024370709060836344
-0.02437488718829587
-0.024379373981625468
-0.024384190376877755
-0.02438932945537793
-0.024394749845237946
-0.024400362628943732
-0.024406345552118933
-0.02441264592523594
-0.024419278109352953
-0.02442620987780459
-0.024433441369248007
-0.024440987994945335
-0.024448855739462174
-0.0244570619443428
-0.02446559869094673
-0.02447452380766578
-0.024483812148443716
-0.024493432546959414
-0.02450336052532983
-0.02451361724208538
-0.024524230476575874
-0.024535090304418024
-0.024546335423011368
-0.02455799893064343
-0.024569991362583456
-0.024582366860479692
-0.024595001207751533
-0.02460791385288189
-0.024621191449624893
-0.024634804495096207
-0.024648791570700317
-0.024663107486548177
-0.02467780765551762
-0.024692846279669358
-0.024708221226659683
-0.024723924272422256
-0.02473994034138881
-0.02475632398663282
-0.02477304828563324
-0.02479002686493362
-0.024807452036082575
-0.02482521566767262
-0.024843204333268667
-0.024861741868537287
-0.02488043521793404
-0.02489969126874986
-0.024919222356378744
-0.024939103123776722
-0.024959356885319903
-0.024979916085349576
-0.025000845345111697
-0.025022079309870666
-0.025043511551992324
-0.025065287333985803
-0.02508731410081648
-0.025109644232999023
-0.025132246273802516
-0.025155161723202195
-0.025178373740880396
-0.02520199208905008
-0.02522579421882325
-0.02525004314798882
-0.02527465636128683
-0.025299604054081663
-0.025324867166871348
-0.02535026819118064
-0.02537617436406221
-0.02540231298492303
-0.025428815694610363
-0.025455563015122876
-0.025482575105855117
-0.025510018587189192
-0.025537599812767275
-0.025565503454611758
-0.02559376424577166
-0.02562246855583902
-0.025651586054825593
-0.02568102053561344
-0.025710808179021553
-0.02574087778696118
-0.02577142993845433
-0.02580221071973042
-0.025833279362519612
-0.025864680524471398
-0.02589641916661498
-0.025928456806350385
-0.02596076496653959
-0.025993510130078827
-0.026026622976538915
-0.026060084038336914
-0.026093906290672028
-0.026128007697802907
-0.026162481317887374
-0.026197294918094433
-0.026232544985623496
-0.026268424982638382
-0.026304508554893247
-0.0263410619570487
-0.026377842518794468
-0.026415139734410533
-0.026452578225510122
-0.026490563972217846
-0.026528913399581504
-0.026567656844499105
-0.02660677583135852
-0.026646289473768403
-0.026686189726717525
-0.026726443351099884
-0.026767135498462928
-0.02680828237115586
-0.026849776610659758
-0.026891501706417513
-0.02693369780110103
-0.026976366308825984
-0.027019528832244427
-0.027063095537418272
-0.0271069670653839
-0.027151275170429843
-0.027196354203734407
-0.02724096251536052
-0.027285495627265503
-0.027330337765401745
-0.02737517140460532
-0.02742032540599604
-0.02746582025188277
-0.027511665808312255
-0.027558237874540332
-0.027604947030666283
-0.027652072423370786
-0.02769941039668581
-0.027747050277553528
-0.027795119635069247
-0.027843548181692337
-0.02789230602947589
-0.027941452750340955
-0.02799093719655336
-0.028040849819163435
-0.028091235299511397
-0.028141910218966348
-0.028192956320709603
-0.02824437860017362
-0.02829613652352407
-0.02834839161643889
-0.028400951749265636
-0.028453985990462418
-0.028507393932665676
-0.028561170218083663
-0.02861534854448101
-0.028670232726436335
-0.028725339744992518
-0.02878072449071598
-0.028836478672230405
-0.02889283455738177
-0.02894956708698398
-0.029006624944322962
-0.02906404101030328
-0.02912186212389133
-0.029180214610016818
-0.02923891773106406
-0.029298138506746802
-0.029357728152565567
-0.029417948269153376
-0.02947839067281168
-0.02953931552735537
-0.029600622941205367
-0.029662370398048487
-0.029724509777940687
-0.029787157916155944
-0.0298503053629954
-0.029913750427593883
-0.02997785101725294
-0.030042317458806162
-0.030107295782143818
-0.030172652092873155
-0.030238497738294498
-0.03030475202458617
-0.030371443779907605
-0.03043886450114625
-0.03050657024660366
-0.03057465741349069
-0.030643273609177808
-0.030712298174546515
-0.03078184722360674
-0.030851745517954568
-0.03092205486554643
-0.03099283287740843
-0.03106413304437657
-0.03113587964739988
-0.031208083502320644
-0.03128076078173773
-0.03135393101426272
-0.03142754665575997
-0.03150180657448106
-0.03157642592797198
-0.03165153278665735
-0.03172715315471236
-0.03180329015487579
-0.031880220822297904
-0.03195728490848329
-0.03203501808171026
-0.032113150739835304
-0.032191752415145505
-0.03227101782832578
-0.032350770191647525
-0.032431050201871196
-0.03251187978208561
-0.032593230322092145
-0.032675263149628056
-0.03275745480395016
-0.03284018606794207
-0.03292378761182542
-0.0330077923685713
-0.03309244803557596
-0.033177803585539824
-0.03326363794329557
-0.03334989999197846
-0.03343685062010386
-0.03352441913911234
-0.03361243263118797
-0.033700824666123855
-0.0337901184812291
-0.03387986192089863
-0.033970252035537836
-0.034061215015922866
-0.03415277846964274
-0.034244936866723225
-0.03433772960408195
-0.03443080612334395
-0.0345247434163616
-0.03461908858457145
-0.03471445873340452
-0.034809993927224295
-0.03490601827066464
-0.03500276110316957
-0.03510001235806943
-0.03519789467776111
-0.03529637991692145
-0.0353956764876331
-0.03549558462532992
-0.03559658030583167
-0.035697931416792276
-0.03580027033129493
-0.035903360247386655
-0.036006962051873134
-0.03611130862926689
-0.036216397675995174
-0.03632228334239804
-0.0364288021072178
-0.0365359468538931
-0.03664383217429103
-0.03675225273525504
-0.03686149577623112
-0.0369714758878886
-0.03708220192529036
-0.037194025472382874
-0.03730614514139846
-0.03741924729430144
-0.03753367296291857
-0.03764891242000093
-0.03776437027069941
-0.037880423855287414
-0.03799736245316529
-0.03811551790938664
-0.038234312400178626
-0.038355887638931045
-0.038476174550491724
-0.03859939703525336
-0.03872327001593787
-0.03884648107536694
-0.03897072663824064
-0.03909687139846548
-0.03922303364924788
-0.039350047408337786
-0.039479549843951446
-0.039608473496319026
-0.03973798031028757
-0.03986838113444715
-0.04000020007946544
-0.0401344800924771
-0.040269603748134195
-0.04040534159591214
-0.040541504988789875
-0.04067975861561741
-0.040818888531813625
-0.040959201456671326
-0.041100557475054166
-0.041242284807103825
-0.04138575458874459
-0.0415304009888936
-0.0416761053113181
-0.041822540327770545
-0.0419703834609539
-0.04211944784988346
-0.04226963498527808
-0.04242099827713268
-0.042573589092098116
-0.04272732350218169
-0.04288232913095797
-0.043038573227054844
-0.043196005967844266
-0.04335460674950325
-0.04351449338806501
-0.043675714851162714
-0.04383834819742087
-0.04400226546322048
-0.044167627762480545
-0.04433434175917864
-0.044502313105425816
-0.04467175927979927
-0.04484257993567758
-0.04501485349621876
-0.04518855401720288
-0.04536372614770747
-0.04554036731866253
-0.04571851914514518
-0.04589817213941881
-0.04607932547496748
-0.046262043664299646
-0.046446290783116864
-0.046632112658538324
-0.046819598330114814
-0.04700872598419032
-0.047199485467904756
-0.04739198044282156
-0.04758616138587597
-0.047782053822829344
-0.04797968308132231
-0.04817912222867042
-0.04838034116487121
-0.04858338817433575
-0.04878824774506118
-0.04899490686048539
-0.049203464985083656
-0.04941390347891872
-0.04962625299937695
-0.04984056491721817
-0.05005683578188768
-0.05027513250476435
-0.050495465916149375
-0.05071789406813247
-0.050942363018598065
-0.0511689372096081
-0.051397590491038245
-0.05162836112639038
-0.051861339590565325
-0.05209651206550703
-0.0523338959472336
-0.05257352763529449
-0.052815433395840085
-0.05305962116716322
-0.05330617955218427
-0.05355521806497076
-0.05380665078215584
-0.054060525099600826
-0.054316858215490565
-0.05457567675772796
-0.05483698350752906
-0.05510082552361692
-0.05536724883126993
-0.05563622550700291
-0.05590781114122431
-0.05618200733457298
-0.05645881989619836
-0.05673833467682542
-0.05702054408326577
-0.057305498908506905
-0.057593181406406985
-0.05788361830343137
-0.05817688134271102
-0.05847298612944128
-0.058771937867246965
-0.059073784232815285
-0.059378460748622415
-0.05968620576698164
-0.05999685283514141
-0.06031057415147791
-0.06062739885368326
-0.06094741385300996
-0.06127065877713645
-0.06159720796341584
-0.061927168064322864
-0.06226057981485315
-0.06259751571332171
-0.06293804991010077
-0.06328232074170462
-0.0636304798967117
-0.06398262258428516
-0.06433891123124802
-0.06469943810588545
-0.06506433191617418
-0.06543370266629067
-0.06580768209584399
-0.0661864062940512
-0.06656995413020256
-0.06695847976678189
-0.06735208753827986
-0.06775088135626013
-0.06815499791606477
-0.06856441191891384
-0.06897934550716717
-0.06940000327610507
-0.0698265150186463
-0.0702590243564491
-0.07069770847421099
-0.0711427023296862
-0.0715941443073831
-0.07205224257511134
-0.07251714527904536
-0.07298900959752398
-0.07346801596820775
-0.0739542721855265
-0.07444807708685033
-0.07494941792075846
-0.07545874127221891
-0.0759760418682267
-0.07650161007697934
-0.0770356650089511
-0.07757839768623047
-0.07812997574284032
-0.07869060401863373
-0.0792605501204856
-0.07984013590811948
-0.08042956024220288
-0.08102904295698224
-0.08163884848958833
-0.0822592642179109
-0.0828904881615138
-0.08353278270811562
-0.08418649100497959
-0.08485180005344754
-0.08552904642518451
-0.08621853888913972
-0.08692061844239754
-0.08763558285525903
-0.08836386175523094
-0.0891057590622977
-0.08986172442279737
-0.09063209047732314
-0.09141727398651818
-0.09221779861102998
-0.09303404841411904
-0.09386787652732888
-0.09471816679659517
-0.09558569305387862
-0.09647099813903028
-0.09737462549295359
-0.09829718229238771
-0.09923931101001793
-0.10020165847841543
-0.10118494315473443
-0.10218989169781657
-0.10321724469563151
-0.1042678022180586
-0.10534239019334186
-0.10644176284107298
-0.10756686555564442
-0.10871860123482267
-0.10989791450790527
-0.11110581057725513
-0.11234332349216057
-0.11361158358179552
-0.11491174891403626
-0.11624501454566741
-0.11761265483736286
-0.11901598955824293
-0.12045638565056296
-0.12193530122070048
-0.12345428541515935
-0.12501496151849828
-0.12661906081757385
-0.1282683779090222
-0.12996483918906296
-0.13171048258520854
-0.1335074362917032
-0.13535797500577554
-0.13726451825758043
-0.13922959945709631
-0.14125592189704222
-0.14334635035511803
-0.1455039517451422
-0.14773185656090743
-0.15003359136264313
-0.1524127900737627
-0.15487332540854395
-0.1574193091634954
-0.1600553842493169
-0.16278593076774842
-0.16561591757077992
-0.1685506330140432
-0.17159572042885082
-0.17475720205132
-0.1780414914394239
-0.18145545673055505
-0.18500643525259405
-0.18870227570385192
-0.19255138474199368
-0.19656277303427974
-0.20074610257585832
-0.2051117398429909
-0.20967082199847953
-0.21443531630997373
-0.2194180946443625
-0.2246330123051373
-0.23009499566033295
-0.23582014801513487
-0.24182582342457196
-0.24813078093714389
-0.2547552997520859
-0.26172131794884473
-0.26905260633865763
-0.27677493530838493
-0.28491628665446633
-0.2935070641921498
-0.3025803280307878
-0.3121737024774577
-0.322325068124725
-0.333077216204553
-0.3444769452860538
-0.35657546593637307
-0.3694288868125172
-0.3830987611659152
-0.39765270280726495
-0.41316508723242223
-0.4297207149410695
-0.447407268000848
-0.4663246086792438
-0.486583325154596
