-0.49871112761285347
-0.3942086925762932
-0.31448943378161454
-0.2535800420309181
-0.20695495302908162
-0.1711841017809434
-0.143666710031054
-0.12243000861765037
-0.10597698031951829
-0.09317114731725105
-0.08314935994790623
-0.07525573609738556
-0.06899163197059618
-0.06397772140506432
-0.05992525096363081
-0.056614250832565174
-0.053877000674243114
-0.05158548870653534
-0.04964189121551354
-0.04797135050479516
-0.046516485616467124
-0.045233223937394165
-0.04408763519391375
-0.04305352418386223
-0.04211060058125717
-0.041243086165537686
-0.04043865529058799
-0.03968762943875315
-0.03898236046052174
-0.038316763599817644
-0.03768596014784126
-0.037086003164196094
-0.03651367138838202
-0.035966305618668384
-0.03544169016850309
-0.03493795608040176
-0.034453510188934576
-0.03398697918033412
-0.03353716798676351
-0.033103023028736515
-0.032683608253132136
-0.032278086056376276
-0.031885700695306524
-0.031505758762713526
-0.03113763160033858
-0.03078073894686
-0.03043454348198691
-0.030098546955915257
-0.029772285845205717
-0.029455325842190863
-0.02914725509265791
-0.02884769390252459
-0.02855628308159331
-0.028272681547672353
-0.027996568726684098
-0.027727641282047466
-0.027465612367459664
-0.027210210719155026
-0.026961173024632436
-0.026718258946619014
-0.026481231013350526
-0.026249865863714895
-0.026023951657066977
-0.025803285009877833
-0.02558766859731618
-0.025376919140766157
-0.025170856735116164
-0.024969312890741814
-0.024772124380808846
-0.0245791382206935
-0.024390213332403207
-0.024205221131325814
-0.024024049317419534
-0.023846621400512538
-0.023672964107507553
-0.02350303161415606
-0.023336387956631763
-0.02317296641809604
-0.02301270308100918
-0.0228555060176988
-0.02270127889072714
-0.022549936808702074
-0.0224013932969917
-0.02225555948591997
-0.02211236134852555
-0.021971723307375117
-0.021833576025326297
-0.02169784797398781
-0.02156447746747667
-0.02143339511182566
-0.02130454561839832
-0.02117786655074925
-0.021053301187397684
-0.020930796195544835
-0.02081029696223755
-0.020691750875469123
-0.020575121960539695
-0.020460345051844638
-0.020347385985267235
-0.020236199150262552
-0.020126742899417245
-0.020018977968092277
-0.019912866026160683
-0.01980836609208129
-0.01970544028136116
-0.019604056075222413
-0.019504174903732244
-0.019405764934057677
-0.019308786200033096
-0.01921321316773753
-0.01911902099728807
-0.019026171125880755
-0.01893459342982756
-0.01884433048503654
-0.0187553069457329
-0.018667506099440175
-0.018580893359014413
-0.018495448690678134
-0.018411128678456092
-0.01832792579461904
-0.018245820785816456
-0.01816478372255246
-0.018084775326643744
-0.018005800081327825
-0.017927858717449032
-0.017850631702898218
-0.01777467624139466
-0.017699378833131975
-0.01762489467631931
-0.01755140415067549
-0.0174788450609347
-0.01740721134983123
-0.017336483599736444
-0.01726663128181965
-0.017197630710343192
-0.017129457151607547
-0.01706210347679125
-0.016995552007587646
-0.016929789148122
-0.01686479848921405
-0.016800568386913423
-0.016737087025423387
-0.016674337522522533
-0.016612299029840287
-0.0165509553002175
-0.01649029521884258
-0.016430289322160903
-0.01637092863413295
-0.016312225144663513
-0.016254155478021715
-0.016196685876994812
-0.01613986654388652
-0.016083640066953314
-0.01602798194269346
-0.01597287420057647
-0.01591830982426685
-0.015864255065245376
-0.015810711936248195
-0.015757658528275775
-0.015705081118111898
-0.01565298721969499
-0.015601374269842504
-0.015550234432605854
-0.015499553172217682
-0.015449346449145362
-0.015399586406412598
-0.015350291744549794
-0.015301438263311018
-0.015253027082579347
-0.01520505401893476
-0.015157503789322485
-0.015110374036631263
-0.015063667303358824
-0.015017365717470107
-0.01497147775267928
-0.014925993396516707
-0.014880939255907921
-0.014836272049724738
-0.014792006956392375
-0.014748146196118167
-0.014704672766152633
-0.014661621174343423
-0.01461899451435092
-0.014576778316515533
-0.014535009769521684
-0.014493721741806706
-0.014452966583120576
-0.014412789591574063
-0.01437324197733183
-0.014334426145907781
-0.014296439953927268
-0.01425939293939597
-0.01422234755224975
-0.014183198196299485
-0.01414482809433077
-0.014106833327700448
-0.014069246261828039
-0.01403203485285324
-0.013995181889213898
-0.013958612428278944
-0.013922377561884433
-0.013886421163050014
-0.013850799954202927
-0.013815486187439524
-0.013780453977411773
-0.013745677340358966
-0.013711184882379737
-0.013676926583585058
-0.01364292797444945
-0.0136091969048529
-0.013575726221048324
-0.013542524287526983
-0.013509538913499979
-0.01347680694179596
-0.013444330862506312
-0.013412098871173709
-0.013380120752216463
-0.013348231421660101
-0.013316731344859502
-0.013285475109762808
-0.013254394423501393
-0.013223625338741255
-0.013193080259260973
-0.013162797840655629
-0.013132690822973882
-0.013102862861994418
-0.013073251961020792
-0.01304390405206885
-0.01301477314149045
-0.012985825423257635
-0.012957153138800784
-0.012928720034373344
-0.012900419505363232
-0.012872235098908148
-0.012844438256344735
-0.012816830464414019
-0.01278934090003221
-0.012762085209681093
-0.012734977236687733
-0.012708108923213116
-0.01268158174713674
-0.01265512599466991
-0.012628875502648294
-0.012603002825883634
-0.012577275964354748
-0.012551629426293821
-0.012526132576528145
-0.012500982471049218
-0.012475880294613413
-0.01245095919633191
-0.012426325539060305
-0.012401822189140285
-0.012377516783773218
-0.01235338398667652
-0.012329381938137806
-0.012305576902060394
-0.01228194486458616
-0.012258505565638959
-0.012235256201960957
-0.012212233918961785
-0.012189384200114863
-0.012166742331655144
-0.012144312764371508
-0.012122113801178816
-0.012100035045226332
-0.01207814483640847
-0.012056428912208374
-0.012034915329559576
-0.012013519791392977
-0.01199238361272335
-0.011971424797535565
-0.01195064613354289
-0.011930069852464592
-0.011909701461124085
-0.011889553532208028
-0.01186962371881615
-0.011849878685704439
-0.011830364415332357
-0.01181103506157458
-0.011791888511564413
-0.011772796813776697
-0.011753937395446242
-0.011735235440083392
-0.011716765823363739
-0.01169847243050801
-0.011680290593368135
-0.011662295654217468
-0.011644493906086226
-0.011626824564779224
-0.011609265789480365
-0.011591865797714313
-0.011574560154819506
-0.011557444242486064
-0.011540487610635374
-0.011523673258524188
-0.011506971039952131
-0.011490396066949625
-0.011473945164961218
-0.011457653234616588
-0.011441508960708334
-0.011425446485721
-0.011409521168295253
-0.01139371091328272
-0.011377988147797127
-0.011362430280209286
-0.011346955537704801
-0.01133156737187132
-0.011316347183385936
-0.011301260737502705
-0.011286217315141702
-0.011271237133305342
-0.011256363167527195
-0.011241677681664687
-0.011227064129243345
-0.011212552179712102
-0.011198196935322258
-0.011183934935974697
-0.011169759117609866
-0.011155693222517745
-0.011141720220788718
-0.011127864923907278
-0.011114112971883467
-0.01110044405855849
-0.011086881180647552
-0.011073402962276236
-0.011060058385968215
-0.011046807021292626
-0.011033651931606476
-0.011020641079455606
-0.011007721474780931
-0.010994907975342619
-0.0109822299043814
-0.01096964785922441
-0.010957162551570953
-0.01094476492959864
-0.010932509375008297
-0.010920336314360821
-0.010908274509993326
-0.010896294021271465
-0.010884376332916617
-0.010872616404822429
-0.01086095458206311
-0.010849402373375793
-0.010837958195121076
-0.010826590486221827
-0.010815308199884511
-0.010804130378142493
-0.010793020782185893
-0.010782008171671853
-0.01077109954979438
-0.010760285080347662
-0.010749553034082435
-0.010738934964396757
-0.010728431797954435
-0.010717989996988685
-0.010707684073274694
-0.010697480717876845
-0.010687342045145749
-0.010677299487259323
-0.010667327970022743
-0.010657439840503444
-0.01064764365434091
-0.01063791037523628
-0.010628266836979861
-0.010618696492463478
-0.010609229757814658
-0.01059983639970304
-0.010590529098445652
-0.010581318177858007
-0.01057220737924804
-0.010563161208866096
-0.010554142571127693
-0.01054519400601812
-0.01053632746230257
-0.010527535129191407
-0.010518827118508326
-0.010510173230277503
-0.010501622215980328
-0.010493156893527122
-0.010484771550030476
-0.010476470388582784
-0.010468242265365522
-0.010460104244048264
-0.010452056920641314
-0.010444081858797437
-0.010436190968647749
-0.010428379779471834
-0.01042064095523914
-0.010412979784346665
-0.010405390703438655
-0.010397869172043077
-0.01039041223678786
-0.010383020578943586
-0.010375692632700788
-0.010368430636803653
-0.010361233684857678
-0.010354103610150135
-0.010347042106120868
-0.010340049859635988
-0.010333122452189829
-0.010326260693512305
-0.010319454430137069
-0.010312708428149759
-0.010306030802373124
-0.010299420733539795
-0.010292862788108577
-0.010286373174639955
-0.01027994274709348
-0.010273586033509951
-0.010267315306663197
-0.010261120534458488
-0.010255007968571655
-0.01024895483812065
-0.010242982036566128
-0.010237077267215101
-0.010231240442783644
-0.010225485898497196
-0.010219806244095088
-0.010214195840483735
-0.010208662959130107
-0.01020321346044665
-0.010197857283372663
-0.010192587541287774
-0.010187406438289135
-0.010182311111034952
-0.010177298454627238
-0.010172369796549742
-0.01016752774670032
-0.010162776419247987
-0.010158099013066463
-0.010153513185116043
-0.010149019128618224
-0.01014459572878078
-0.010140258148091004
-0.0101359895797828
-0.010131796291494723
-0.010127670882264444
-0.010123613822089591
-0.010119626999139451
-0.010115708182530436
-0.010111838174472067
-0.010108047220156294
-0.010104305500609189
-0.010100623385924068
-0.010096985329601212
-0.010093411548776524
-0.010089870327699485
-0.010086404493493219
-0.010082983017896244
-0.010079612746180381
-0.01007628624945896
-0.010073005134134554
-0.010069760599332499
-0.010066556462631911
-0.010063392976698289
-0.010060267530417244
-0.01005718346220364
-0.010054130413920337
-0.010051106104065422
-0.01004812375457708
-0.01004518640922902
-0.01004226721385728
-0.010039377221143
-0.010036492779877983
-0.010033643785128459
-0.010030811589149913
-0.010028016368880385
-0.010025241327681522
-0.010022488877825753
-0.010019757182432715
-0.010017044926279636
-0.010014365321589603
-0.01001171499880922
-0.010009101010939835
-0.010006533751342618
-0.010004015944211653
-0.010001573140228147
-0.00999921580871982
-0.009996950580533083
-0.009994799289566035
-0.00999276796614875
-0.009990820320523596
-0.009988890686741077
-0.009986981487591041
-0.009985098974604256
-0.009983255943579197
-0.009981469611492757
-0.009979754641236875
-0.00997812240920695
-0.0099765860143784
-0.009975156639492307
-0.009973848160580974
-0.009972637678986502
-0.009971550261453658
-0.00997060154975151
-0.009969779436035293
-0.00996910329259999
-0.009968563712396239
-0.009968167106424192
-0.009967913881611284
-0.009967819076192364
-0.009967870400647881
-0.009968077479770703
-0.009968452643136522
-0.009968998221687347
-0.009969703463554342
-0.009970579854632107
-0.00997163897052583
-0.009972870115205932
-0.009974273361684593
-0.009975843801113393
-0.009977573336835988
-0.00997946391102918
-0.009981480698332398
-0.009983619950754474
-0.00998584568126219
-0.009988099980085697
-0.00999030974045073
-0.00999240551236232
-0.009994268425974931
-0.00999575620648487
-0.009996664187832972
-0.009996760217754962
-0.009995776669509623
-0.009993412372564014
-0.009989559922190706
-0.00998467111082496
-0.009980678546612968
-0.009980808375757912
-0.00998665422196195
-0.009996984126215448
-0.010009527818349526
-0.010022553051755034
-0.010035023187243315
-0.010046416074371964
-0.010056506553033962
-0.010065266714504193
-0.010072768659667785
-0.01007913577697166
-0.01008451640690786
-0.01008907036497853
-0.010092935586123529
-0.010096244394709759
-0.010099131299820072
-0.010101691656055744
-0.010104021566060788
-0.010106193372810867
-0.010108270446479729
-0.010110332636814358
-0.010112406235332709
-0.010114525265104235
-0.010116732116062592
-0.010119040391483649
-0.01012149002819087
-0.010124082006585601
-0.010126846392473101
-0.010129768604317241
-0.010132874781282813
-0.010136185395549986
-0.010139678086313511
-0.010143364081682205
-0.010147250196402242
-0.010151358295989087
-0.010155657000387714
-0.010160151937997856
-0.010164856170323124
-0.01016977771117668
-0.010174877681863995
-0.010180175692171351
-0.010185679790748293
-0.010191367781064551
-0.010197236635131056
-0.010203283445049274
-0.010209494275944885
-0.010215858840627605
-0.01022236993004757
-0.010229019406428569
-0.010235789947098445
-0.01024266281311948
-0.010249621169868729
-0.010256642752750901
-0.010263707682112504
-0.010270789387043944
-0.010277850611730774
-0.010284853900543161
-0.010291748798147649
-0.010298494794117432
-0.01030505380128705
-0.010311395990197142
-0.010317440098571745
-0.01032314494779102
-0.010328487734811825
-0.010333446609934854
-0.01033790150285598
-0.010341810911025724
-0.010345188245694638
-0.010348066242972576
-0.010350548168416004
-0.010352752333876902
-0.010354914544069841
-0.010357323136682708
-0.010360292835040806
-0.010364130496092028
-0.010369037708410658
-0.010375013091033196
-0.01038189658888651
-0.010389323660453049
-0.010396982429500311
-0.010404607344198773
-0.010412121087497405
-0.010419503863802613
-0.010426775169803528
-0.010434012358783261
-0.010441268895688818
-0.01044858836468853
-0.01045599965468811
-0.010463544464975936
-0.010471252602332186
-0.010479130018579901
-0.010487163626371412
-0.010495346854092667
-0.01050370519843099
-0.010512242893874464
-0.010520938655929138
-0.01052978167821765
-0.010538775019115943
-0.010547944466954307
-0.010557244558921252
-0.010566694767942518
-0.010576276969369348
-0.010585993826677702
-0.010595842135989627
-0.010605817760240967
-0.010615920828164168
-0.010626146839905176
-0.010636511824759538
-0.010646968938348034
-0.010657544589854647
-0.010668233070502508
-0.010679025285441965
-0.01068993949665894
-0.01070095452843859
-0.010712088148264692
-0.010723304516637012
-0.010734640557505325
-0.010746065435804787
-0.010757603058353752
-0.010769232068508468
-0.010780968915978928
-0.01079280276586231
-0.010804733362089793
-0.01081680345325541
-0.010828969045889158
-0.010841237104834861
-0.010853623878334013
-0.010866079830991315
-0.010878657637947686
-0.010891339661400469
-0.010904127695942043
-0.01091703034545268
-0.010930050199777358
-0.010943176984919527
-0.010956412652766456
-0.010969756934104588
-0.010983211205387776
-0.01099674888476594
-0.011010389879989707
-0.01102409981797922
-0.011037875695527145
-0.0110516918369914
-0.011065528333724442
-0.011079344083082775
-0.011093428005199904
-0.01110729913059375
-0.011121724950628275
-0.011136383800673038
-0.01115120700496888
-0.01116614591614509
-0.011181161772891447
-0.011196237659521576
-0.01121136385852801
-0.0112265297951091
-0.01124172471949547
-0.011256957745674308
-0.011272246898256795
-0.01128757901156356
-0.01130297090498307
-0.011318424138394633
-0.011333938020999933
-0.0113495248790522
-0.011365188693792338
-0.011380942169501548
-0.011396722855791611
-0.011412566257779146
-0.01142857067904554
-0.011444636088471382
-0.011460799818264701
-0.011477063626412999
-0.011493426757304356
-0.011509892184047469
-0.011526463624827765
-0.011543110994324408
-0.011559873265135766
-0.011576727177311692
-0.011593763603546843
-0.011610852625486136
-0.011628057931625232
-0.011645362508979448
-0.011662766412675753
-0.011680287139006009
-0.011697893189857651
-0.011715628380985641
-0.01173345080774814
-0.01175145545559609
-0.011769516117329511
-0.011787760275966988
-0.011806130722965049
-0.011824623384871818
-0.01184324372482959
-0.011861998479845514
-0.011880888708692621
-0.011899904284476926
-0.011919046540807866
-0.01193831936144906
-0.011957707425486977
-0.011977233027277174
-0.011996899648330133
-0.012016697942056802
-0.012036652921269375
-0.012056736703827408
-0.012076952947752415
-0.0120973367562404
-0.012117867047920101
-0.012138521676854312
-0.012159320528990495
-0.012180249486182066
-0.012201340989008344
-0.012222564985051894
-0.012244031927196619
-0.012265554402319372
-0.012287319497706213
-0.012309241607630176
-0.012331250494243221
-0.012353423402475134
-0.012375799565573716
-0.012398300811678954
-0.012420960551426972
-0.012443867562919082
-0.01246686985729118
-0.012490034205203431
-0.01251335349867146
-0.012536833791791546
-0.012560564272255085
-0.012584465507091865
-0.012608533636124367
-0.012632736137101414
-0.012657175678794158
-0.012681792480170116
-0.012706607909410611
-0.012731620995360682
-0.01275677746899855
-0.01278215106567492
-0.012807717866281976
-0.012833457374000401
-0.012859385881809859
-0.012885526946364623
-0.01291187558837376
-0.012938426831938814
-0.012965188456775878
-0.012992162474375886
-0.013019348073541274
-0.01304675471467306
-0.013074389082957917
-0.013102240425886952
-0.013130307464549781
-0.013158594439733164
-0.013187103031855461
-0.013215862391430485
-0.01324485156968278
-0.013274081322370684
-0.013303543279820121
-0.013333237699254511
-0.013363180161188681
-0.013393367174391676
-0.01342380299318998
-0.01345448990426088
-0.013485429635757612
-0.013516626979785616
-0.013548085390780496
-0.013579809096061744
-0.013611782135347372
-0.013644019749419261
-0.013676526455819552
-0.013709307279911525
-0.013742367406078728
-0.013775709983101712
-0.013809339233668602
-0.013843260853825033
-0.01387747760717007
-0.01391198912430115
-0.013946799603788028
-0.013981921112004601
-0.014017348294931524
-0.014053091511811994
-0.014089150523687716
-0.014125526858437045
-0.014162228984182035
-0.014199257905552074
-0.014236621663210264
-0.014274319955512836
-0.014312357183972925
-0.014350738623044468
-0.01438946772412967
-0.014428549919430043
-0.014467986246953748
-0.014507781326392216
-0.014547945085392007
-0.01458847206046741
-0.014629375058231078
-0.014670656178993316
-0.014712320700092709
-0.01475437382167453
-0.014796839371409076
-0.014839708809794181
-0.014882988723280005
-0.014926691258025511
-0.014970814797996865
-0.015015369505363524
-0.01506036044306331
-0.015105792509113541
-0.01515166459949792
-0.015197988596175967
-0.015244772732490586
-0.015292021236591739
-0.0153397381266678
-0.015387931263298496
-0.015436606117022056
-0.015485773486082429
-0.015535434934864619
-0.015585600934633364
-0.015636276623815996
-0.01568747060522697
-0.015739193241970737
-0.015791451881003688
-0.015844255999405785
-0.015897613037803873
-0.01595152249066634
-0.016006011753602452
-0.016061073508538717
-0.01611673822974919
-0.016173000868498263
-0.016229872119195264
-0.016287360243268767
-0.01634547921110849
-0.01640424017506935
-0.016463657232824766
-0.016523742452779662
-0.01658448748792044
-0.016645923161770746
-0.01670806272688389
-0.016770916937280472
-0.016834503242313465
-0.016898834633738154
-0.016963925571541964
-0.017029792282231917
-0.01709644899845645
-0.017163913213106046
-0.017232199026527208
-0.017301331972314038
-0.017371319471090035
-0.01744217771099369
-0.01751394114881261
-0.017586608093798077
-0.017660192917878872
-0.01773471923227915
-0.017810202868625825
-0.017886667778487318
-0.01796413185240872
-0.01804261826188636
-0.018122146998982867
-0.01820274203344752
-0.018284427356541656
-0.018367223816219167
-0.018451156791413095
-0.018536248141375694
-0.018622524687837507
-0.018710010630695977
-0.01879873977673116
-0.018888733344402053
-0.01898002470827699
-0.019072647696614778
-0.019166634369520732
-0.019262042639357546
-0.019358859290882213
-0.019457122505775692
-0.01955686474125226
-0.019658119353959228
-0.019760928702050467
-0.019865325943488554
-0.019971353420293696
-0.020079049481072204
-0.020188457800118714
-0.02029963260103969
-0.020412603093883395
-0.020527422375353235
-0.020644139001159103
-0.02076280421798445
-0.02088346666127239
-0.02100618111201504
-0.021131000892496643
-0.021257987232417477
-0.02138719699211085
-0.02151869410514492
-0.02165254373237566
-0.021788810540545288
-0.021927717611825173
-0.02206915434364822
-0.02221322055790693
-0.022359991500703953
-0.022509547425101407
-0.022661972370260377
-0.02281736148821631
-0.022975804594859112
-0.02313739865064517
-0.02330224617202584
-0.023470452566102317
-0.023642130035778728
-0.023817392450137594
-0.0239963542067893
-0.024179143340599413
-0.02436588860215529
-0.02455672476884892
-0.02475179079219978
-0.024951229350558823
-0.025155191925770135
-0.02536383577755033
-0.02557732479587987
-0.025795951747708885
-0.02601983211260376
-0.02624916083372442
-0.02648414443814246
-0.026725000503524037
-0.026971956494837624
-0.02722525280279364
-0.02748514127211873
-0.027751888771804133
-0.028025780608048164
-0.028307113114925564
-0.028596201700641723
-0.028893382968932468
-0.029199009908773006
-0.029513460930122984
-0.029837137379422257
-0.030170471014519414
-0.030513908677705377
-0.030867949721031022
-0.0312331187076221
-0.03160998076852801
-0.031999146407445805
-0.03240130169218276
-0.03281709840144987
-0.03324734407143717
-0.03369292394435556
-0.0341548213374651
-0.03463413802150531
-0.03513211807212754
-0.03565018493068935
-0.03618998371268074
-0.03675343705536457
-0.03734282153314561
-0.03796085562700504
-0.03861082908724318
-0.039296759320125364
-0.040023600110002305
-0.0407975150394239
-0.04162623532614222
-0.042519525010529996
-0.04348979987153162
-0.04455293346728189
-0.04572931670235446
-0.047045253727250234
-0.04853479605635272
-0.05024215012105398
-0.05222483992762784
-0.05455788712174152
-0.05733930629961986
-0.0606973483410384
-0.06480003673713626
-0.06986798492528543
-0.07619031835426056
-0.08414711212141948
-0.09423805489370515
-0.10712048953397608
-0.12365963058579642
-0.14499486503875977
-0.17262732810715684
-0.20853560889110856
-0.2553286429870876
-0.3164482340551707
-0.39643624711461706
-0.5012888723871465
