-0.5047264269121517
-0.48339482079798535
-0.4634250005482815
-0.4447091509490976
-0.42714949328449275
-0.4106572120101279
-0.39515150629579193
-0.3805587626535393
-0.366811818825945
-0.35384931492010857
-0.3416151173787483
-0.33005780867499157
-0.31913023305186095
-0.30878909283474
-0.29899458626269854
-0.28971008539789095
-0.28090184467031076
-0.2725387440156812
-0.26459205529937474
-0.25703523154867725
-0.24984371872051497
-0.2429947850846012
-0.2364673639889763
-0.23024191853684534
-0.22430031517756957
-0.21862570680146198
-0.2132024295054532
-0.20801590607117737
-0.2030525653408053
-0.1982997601592015
-0.1937456951693121
-0.18937936196228053
-0.18519047919490028
-0.18116943853109618
-0.17730725377924267
-0.1735955145390694
-0.17002634497654734
-0.16659236403388006
-0.16328665138081241
-0.16010271361571426
-0.15703445347298428
-0.15407614380313284
-0.1512224000080775
-0.1484681595704951
-0.14580868918701803
-0.14323946947333735
-0.14075627026531862
-0.13835510572107956
-0.1360322153566403
-0.13378404947470932
-0.13160725477295646
-0.1294986669355858
-0.12745529095942112
-0.12547429313555183
-0.12355299729122986
-0.12168886496000947
-0.11987949095717902
-0.1181225955421995
-0.1164160159969472
-0.11475770708059833
-0.11314571782377382
-0.11157820446215283
-0.11005340637036228
-0.10856965003466766
-0.10712535201989255
-0.10571899998419393
-0.10434915942839916
-0.10301446216987103
-0.10171359095356046
-0.10044531206325528
-0.09920843955818184
-0.098001836579449
-0.09682441831820851
-0.09567515499385468
-0.09455306075548954
-0.09345727402645167
-0.09238682248059324
-0.09134076917283893
-0.09031834356889569
-0.08931880075877774
-0.08834140240934435
-0.08738540268457122
-0.08645010304692653
-0.0855348622758141
-0.08463904651725698
-0.08376204096665969
-0.08290305210584532
-0.08206171355614364
-0.08123747976283201
-0.08042987189662909
-0.07963845511894634
-0.07886268491727476
-0.0781021055687429
-0.07735628115421142
-0.07662473589897124
-0.07590709572352916
-0.07520295257137077
-0.07451193424430974
-0.07383366151414213
-0.07316779302888664
-0.07251399605337713
-0.07187194187628305
-0.0712412837043328
-0.07062174454215114
-0.07001302038069301
-0.06941483114123674
-0.06882689874267132
-0.06824894106816294
-0.06768072394367873
-0.06712197424989218
-0.06657245512544488
-0.06603195181948616
-0.06550023184935541
-0.06497705972709379
-0.06446224870487444
-0.0639555541735546
-0.0634569061372696
-0.06296596322957364
-0.0624825759295315
-0.062006589138749006
-0.06153784491668383
-0.061076162225528925
-0.06062138338224447
-0.06017333535160571
-0.059731876487627386
-0.05929683776877859
-0.05886809560981173
-0.058445510859854916
-0.05802897149918531
-0.057618297684605704
-0.0572134002884519
-0.05681417331198219
-0.0564204528894084
-0.05603223090854255
-0.055649377868419586
-0.05527173849517055
-0.05489916258485977
-0.054531644386936494
-0.05416894736048015
-0.053811021797956264
-0.053457758913487516
-0.0531091079939831
-0.052764951486432836
-0.05242524659339425
-0.052089854561436714
-0.051758692431606086
-0.05143165205083691
-0.051108666154260386
-0.05078964167677335
-0.050474522222693385
-0.05016321241847063
-0.049855684812345
-0.049551918636732764
-0.049251799118113296
-0.04895529026269068
-0.048662347767777496
-0.048372729866844384
-0.048086243444983565
-0.047802832933021594
-0.04752258188758793
-0.04724523938898464
-0.04697108561693839
-0.046700189890009326
-0.046432880217143514
-0.04616906653641086
-0.04590835065038482
-0.045650773874451524
-0.045396004047719825
-0.045144057309311814
-0.04489509289282512
-0.04464884875223027
-0.04440535735080464
-0.044164539218502434
-0.04392642054445506
-0.043691016857834816
-0.0434581002894537
-0.04322772309198873
-0.0429998460736594
-0.04277440073359414
-0.042551501303283765
-0.04233090140873918
-0.04211257631610379
-0.04189666622985173
-0.041683019819038866
-0.04147173616474233
-0.0412627598411784
-0.041055921140972014
-0.04085130730725618
-0.040648755931413434
-0.04044843771959677
-0.04025025200279895
-0.0400541242413326
-0.03986001277151953
-0.03966812422190899
-0.03947809139007808
-0.039290011192197945
-0.03910386165067553
-0.03891958219800922
-0.03873722906659228
-0.038556636037101306
-0.03837788375980921
-0.038200906902690006
-0.03802564675696393
-0.03785222441345574
-0.03768030464889212
-0.03751019222355595
-0.037341737076993634
-0.037174854533471004
-0.0370098072838817
-0.03684624760182184
-0.036684231508928966
-0.036523775845478675
-0.036364979940894146
-0.03620771092087163
-0.03605203190434265
-0.035897729945658416
-0.03574509018421315
-0.035593516936186356
-0.03544366889805375
-0.035295268629982085
-0.03514830364550032
-0.035002703946731384
-0.03485843777924037
-0.03471492052156826
-0.03457317280499977
-0.03443288004500493
-0.03429415936770023
-0.03415602357436394
-0.034019392022028645
-0.033884089178897
-0.033750060303949024
-0.03361773874656613
-0.03348608091534716
-0.03335572025713211
-0.03322679227798762
-0.03309905561621974
-0.0329726687565642
-0.03284756291185286
-0.03272367908954191
-0.032600586242721614
-0.03247884583245582
-0.032358492116100576
-0.0322394730521454
-0.032121738368329496
-0.0320048942003471
-0.0318893134646225
-0.03177495742553637
-0.03166219870823464
-0.03155049861165611
-0.031439917240659615
-0.031330762219313794
-0.03122278849419584
-0.03111620161170414
-0.031010883129892516
-0.030906985287332708
-0.030804456204725526
-0.03070332785509102
-0.030603508450303223
-0.030504740597605925
-0.030397061393990687
-0.030300879700062358
-0.030205951513707755
-0.03010142897122014
-0.030009073601310977
-0.029918266668353125
-0.02982896446106866
-0.029741151786058507
-0.0296544448587098
-0.029557931273049967
-0.029462471604074933
-0.029367889010693173
-0.02927425606381694
-0.029181397799147166
-0.029089497647691618
-0.02899868025314358
-0.02890901950936516
-0.028819641507506672
-0.028730998720749298
-0.028643277339282205
-0.02855629639966562
-0.028470170183435502
-0.028384794978800303
-0.028300303180309915
-0.028216727608562156
-0.028133635041418904
-0.02805124328916967
-0.02796970622141674
-0.027888746464228332
-0.027808750005735388
-0.02772934983167423
-0.02765052833384257
-0.027572306594455507
-0.027494627445460964
-0.027417474727350077
-0.027340885607195334
-0.02726488462427705
-0.02718945411645551
-0.027114510016570736
-0.027040492274213006
-0.02696710022817422
-0.026894325407872774
-0.026822192024044733
-0.026750526228045895
-0.02667915158155391
-0.026608314009604443
-0.02653808898119669
-0.026468549322992724
-0.02640017674223691
-0.026332611942269865
-0.026265893287339505
-0.02619970396696266
-0.026134065949273796
-0.026068994352153152
-0.0260045485513738
-0.025940366742177638
-0.02587675015786069
-0.025813535194821307
-0.025750693027054013
-0.0256884474679002
-0.02562681425358956
-0.025565358041111416
-0.02550435144360174
-0.025444118712521814
-0.02538409151402941
-0.025324620335417693
-0.02527153914991182
-0.025215237466220192
-0.025158669745471544
-0.025101969961289675
-0.025045884772619577
-0.024990147703672326
-0.024935277654128157
-0.0248811450030699
-0.024827615868343648
-0.02477476956707523
-0.024722370449654838
-0.024670262516255797
-0.02461829427547144
-0.024566969875647805
-0.024516084546759877
-0.024465792084668803
-0.024415896335974116
-0.02436655480217097
-0.02431761010868565
-0.02426922001540029
-0.024221142687628486
-0.024173339183537097
-0.024126250803091217
-0.024079563896159846
-0.024033220920438744
-0.02398739855146478
-0.02394182564454208
-0.023896694670855145
-0.023852202725742958
-0.02380810145931301
-0.02376431190654567
-0.02372089737943453
-0.02367810765648861
-0.023635531068200655
-0.023593390634219277
-0.023551544654590254
-0.02351040534246317
-0.023469553685856164
-0.02342899073754685
-0.023388870331483225
-0.023349102404913554
-0.02330988273681127
-0.0232710659783712
-0.02323260485276363
-0.023194778653478677
-0.023157172955957494
-0.023120052297611264
-0.023083289812239956
-0.02304697009661774
-0.02301100057577093
-0.022975420643907823
-0.022940305290750976
-0.02290554803817834
-0.022871092379058006
-0.02283725978909071
-0.022803792238356123
-0.022770638576186653
-0.022738104780163176
-0.02270609948001233
-0.022674630071749646
-0.022643215744841322
-0.022612291502974863
-0.022581598894203785
-0.022551252773028895
-0.022521416576981316
-0.02249191204915811
-0.022462906626263938
-0.0224342914824284
-0.02240584445327504
-0.02237786813736636
-0.022350155593563615
-0.022322856708773115
-0.022296196273703318
-0.022269869672225735
-0.02224373117347866
-0.02221789184932607
-0.022192171609563868
-0.022166919459277262
-0.022141974520962754
-0.022117315430999887
-0.022093051995737287
-0.022068828515133948
-0.022044888887313364
-0.02202084626161454
-0.02199688862015266
-0.021973276420188686
-0.02194996017441486
-0.021926848827376062
-0.021904100670719236
-0.021881557999820223
-0.02185925574750048
-0.02183734604951613
-0.021815821782886893
-0.021794811406058136
-0.021773838919029856
-0.021752849866308818
-0.021732688391154498
-0.021712965349436546
-0.02169335722954921
-0.02167409349509173
-0.02165463147452579
-0.02163589748937804
-0.021617655353601786
-0.021599804949036325
-0.021581907586353477
-0.021564774545680006
-0.0215482083730218
-0.021531703359164687
-0.02151553550235535
-0.02149966981913311
-0.021484689016108765
-0.0214694531691587
-0.021454351345142914
-0.021439851877276716
-0.021425635538430195
-0.021411667515660312
-0.02139804711315208
-0.02138489934307842
-0.021372062001835935
-0.021359651799494363
-0.02134768660574822
-0.02133601057240711
-0.021324605250095025
-0.021313392657368677
-0.021302655926677252
-0.021292178384578114
-0.02128221675662555
-0.021272668069576832
-0.021263348060497924
-0.02125407226684616
-0.02124484072581265
-0.021236022382183
-0.021227692493783236
-0.021219745897453693
-0.021212068607435672
-0.021204715841842872
-0.02119749216060678
-0.02119077915192723
-0.021184354566194722
-0.02117818970448135
-0.021172505931889837
-0.021166942443102844
-0.021162039793461894
-0.021157177944698183
-0.02115256401637038
-0.02114828448455774
-0.021144393295158544
-0.021140649586440737
-0.02113718377709583
-0.02113398687075483
-0.021131026839267132
-0.021128422516599937
-0.021125873481165666
-0.021123641571615517
-0.021121869352903735
-0.02112014576412958
-0.02111877144092659
-0.021117619236346828
-0.021116632899138087
-0.021115997699921653
-0.021115377045863127
-0.02111514905540162
-0.021115168706260717
-0.021115446952776427
-0.021116026765588963
-0.021116728547416797
-0.021117494558862693
-0.02111870988284052
-0.021120135233147742
-0.021121795551910627
-0.021123737462151418
-0.021125625171982854
-0.021127882936265087
-0.021129961694018574
-0.02113259294253356
-0.02113553259758376
-0.02113842512456635
-0.021141792877249474
-0.021145126809433135
-0.02114900850853287
-0.0211529343605515
-0.02115676203838118
-0.021160768486184735
-0.021165100936368766
-0.021170005789180605
-0.021174936801411116
-0.021180316784696993
-0.02118591252586987
-0.021191694958103312
-0.021197422410164056
-0.021203324115642384
-0.02120945756831561
-0.021215679391018684
-0.021221953684676786
-0.021228618907194095
-0.021235323864793158
-0.021241968472571673
-0.021248438173927017
-0.021255166382471307
-0.021261726867455106
-0.021268218492349875
-0.021274642875408922
-0.021281486534886273
-0.021288356871673103
-0.021295147195399794
-0.021302265435808973
-0.021309388585396126
-0.021316749101028973
-0.021324291458693218
-0.021331711770639552
-0.021339388435438856
-0.021347537092784623
-0.021356061959427117
-0.0213645876376677
-0.021373478901951775
-0.021382694650160825
-0.021392154680390643
-0.02140182013608983
-0.021411844932739777
-0.02142206948822721
-0.021432661015062245
-0.02144367387792978
-0.021455002447379672
-0.021466710519710577
-0.021478571019192667
-0.02149100104662247
-0.021503744962570577
-0.021516896407767515
-0.02153042707821177
-0.021544445055788796
-0.021558790081027665
-0.02157346155277338
-0.021588616939491042
-0.02160426031060026
-0.02162029156243236
-0.021636737256319618
-0.02165359713885414
-0.021670964541539484
-0.021688673173543054
-0.021706767420383192
-0.021725109413870507
-0.02174388690016755
-0.0217630555123798
-0.021782656750837962
-0.021802585695863144
-0.02182286563869981
-0.021843641264931223
-0.021864636117325652
-0.021886017838640137
-0.021907744835952214
-0.021929925251921504
-0.021952404341653298
-0.021975036285680583
-0.021997987325264347
-0.022021215617456145
-0.02204452666630631
-0.02206806282079525
-0.022092017885997565
-0.022116331670391204
-0.022141018496315612
-0.02216593553667161
-0.02219113255518032
-0.022216745381237583
-0.022242539168922642
-0.022268745763048558
-0.022294776603403087
-0.02232149404817905
-0.022348384311267372
-0.02237574926996816
-0.0224035111495819
-0.02243151973991461
-0.022459716147061787
-0.02248860526973738
-0.022517783548238454
-0.022547190379323886
-0.022577053571763154
-0.022607086205309903
-0.02263739019602988
-0.02266833976227795
-0.022699433102841837
-0.022730913917148494
-0.0227627785824935
-0.022794828245572833
-0.02282696633766513
-0.022859338784622603
-0.022891971856130063
-0.022925169255523396
-0.022958702848166444
-0.022992488454155673
-0.023026699487336405
-0.023061030016865318
-0.02309592450357126
-0.023130996399403587
-0.023166579075408998
-0.02320248598002905
-0.023238564449269097
-0.023275169605223044
-0.023312093568191597
-0.023349391424491394
-0.023387066518541208
-0.02342503231796605
-0.02346367695737349
-0.023502460672935994
-0.023541721497232482
-0.023581543575627893
-0.023621849481481223
-0.023662601013395478
-0.023703682455452513
-0.023745253367816396
-0.023786958384675195
-0.02382939699603068
-0.023872257844819618
-0.02391539913701752
-0.023958635098052468
-0.02400256908108771
-0.024046948719852614
-0.02409163189527077
-0.024136854489534194
-0.02418261528626171
-0.024228856472428777
-0.02427561864760385
-0.024322916185078848
-0.02437055545615035
-0.024418829823169733
-0.024467560084989484
-0.024516692687275448
-0.024566218919631837
-0.02461640753366831
-0.02466705366133633
-0.024718183544163767
-0.024769871499784442
-0.024821957747203065
-0.0248744457538451
-0.02492746224784849
-0.02498096272744569
-0.025034900354867627
-0.02508926537169033
-0.0251442036873077
-0.02519964759060799
-0.025255564903123844
-0.025311943527678925
-0.025368820209316585
-0.02542619473301424
-0.025484048697240146
-0.025542412373999762
-0.025601260719390524
-0.025660620592006324
-0.025720497068754934
-0.025780901557300336
-0.02584183634685322
-0.025903287172600212
-0.02596524390854677
-0.02602772951671381
-0.026090754897390454
-0.026154317665514064
-0.026218429215963544
-0.02628308773500343
-0.026348305363129737
-0.026414084988123455
-0.02648041333013221
-0.026547307696467883
-0.026614768879389742
-0.026682836812554712
-0.026751481112281466
-0.02682067709841492
-0.026890483323633304
-0.026960889401699578
-0.027031940627789155
-0.027103597258548065
-0.027175818764533382
-0.02724868537874316
-0.027322106103451104
-0.027396078825060337
-0.02747084809511468
-0.02754613691542287
-0.027622202932231523
-0.027698922462191793
-0.027776167404200754
-0.02785421302807475
-0.027932830945182594
-0.02801210716525093
-0.028092060580743018
-0.02817271262431774
-0.02825402051866882
-0.02833603227072173
-0.028418724300062106
-0.028502135594665703
-0.02858626277334108
-0.028671104991680237
-0.028756666124327167
-0.028842949265393804
-0.028929965955763966
-0.02901773668550673
-0.029106223941997564
-0.02919548961327265
-0.029285518029539992
-0.029376312916281698
-0.02946790621907732
-0.029560298390347184
-0.029653429137349866
-0.029747343107744427
-0.0298420371421106
-0.029937522589394874
-0.030033796483052835
-0.0301310034592336
-0.030228877205718385
-0.030327596518355756
-0.030427162809609408
-0.03052757803103135
-0.030628854954468446
-0.030731015219438034
-0.03083401970088364
-0.030937970785310624
-0.03104284182792363
-0.031148482072084125
-0.031255032263855
-0.03136250211974391
-0.03147090390214112
-0.031580242647745546
-0.03169052839407668
-0.031801766489910344
-0.031913997064911784
-0.03202719590594501
-0.0321413666963498
-0.03225655664834612
-0.03237275170666344
-0.03248996553249881
-0.032608228366751466
-0.03272751731994419
-0.032847846466334166
-0.032969250587758826
-0.03309169737182541
-0.033215215427690736
-0.033339809149797665
-0.033465464540919795
-0.03359219905370642
-0.03372004424844818
-0.03384894664370262
-0.03397895586082215
-0.03411006053476098
-0.03424228546175644
-0.03437562915752033
-0.034510244792262536
-0.03464589794595133
-0.03478280291616269
-0.034920697389301515
-0.0350598516027131
-0.03520019544839082
-0.03534173238534623
-0.03548451239769733
-0.03562863129520671
-0.035773984878364494
-0.03592063166997252
-0.03606841644083806
-0.036217475125513834
-0.03636792814131324
-0.03651967071277987
-0.036672740380902964
-0.03682726449270182
-0.03698286643895831
-0.03713985629303266
-0.037298268405727406
-0.03745822392143635
-0.03761956613270936
-0.03778230865153636
-0.037946433931122375
-0.03811185985651578
-0.03827896210979041
-0.03844746010928219
-0.03861731314140263
-0.03878866044215401
-0.03896131236986634
-0.039135499704128635
-0.03931135054406475
-0.03948845241416765
-0.039667152724517214
-0.03984747558537382
-0.04002948959724985
-0.040212967246836415
-0.04039801492150792
-0.040584653343049906
-0.04077300550936613
-0.04096682880148335
-0.04116338926261796
-0.04136192420110963
-0.0415624099110267
-0.04176478036009402
-0.0419641901082267
-0.04217011044222072
-0.04237798693856891
-0.04258783191785853
-0.04279966057540318
-0.04301360497314859
-0.04322963411768135
-0.04344779186099242
-0.04366810395109393
-0.04389059790691391
-0.04411533930325376
-0.04434234867066626
-0.0445716692978739
-0.04480332326914766
-0.04503735623252488
-0.04527380008510831
-0.045512722530715526
-0.04575415982713779
-0.045998182104693204
-0.04624476711902912
-0.04649395442502429
-0.046745865141416175
-0.04700044290604195
-0.04725776960559463
-0.04751788825480078
-0.04778083839568712
-0.04804667243400081
-0.0483154560279913
-0.048587253061890066
-0.04886206787023626
-0.04913995255054747
-0.04942096662452683
-0.04970519244963679
-0.0499926683629625
-0.050283528156463066
-0.050577780159367834
-0.05087549439628741
-0.051176735943879004
-0.05148155006523899
-0.05179003448774173
-0.05210224142645041
-0.05241824168036715
-0.052738115133606364
-0.05306193059421082
-0.05338973768474679
-0.05372163869150236
-0.05405770910281027
-0.05439803663607188
-0.054742688722950024
-0.055091748965515094
-0.05544530965223644
-0.055803475311785596
-0.05616610601817636
-0.05653338858764787
-0.05690555175536714
-0.057282684348430174
-0.05766494537817551
-0.05805240613190753
-0.058445188007016174
-0.05884342127423119
-0.059247177940688574
-0.0596565658529222
-0.06007174593773027
-0.06049283395799735
-0.060919982654395126
-0.06135332883034373
-0.06179301035407089
-0.062239166338040566
-0.0626919497999449
-0.06315154143802527
-0.06361807247552129
-0.0640916905995487
-0.064572632922337
-0.06506096518189976
-0.06555693102388783
-0.06606075247754825
-0.06657256075112995
-0.06709257912742028
-0.06762101920279259
-0.06815811201320147
-0.06870407762597437
-0.06925915624228432
-0.06982344655383019
-0.07039718487341605
-0.0709806455279499
-0.0715741158202983
-0.07217788799131496
-0.0727922364616636
-0.07341745753903779
-0.0740538451279255
-0.07470171470929035
-0.07536139746666529
-0.07603322524948393
-0.0767175376053414
-0.07741471712747074
-0.07812511302952634
-0.07884911981874243
-0.0795871401757722
-0.08033960496507951
-0.08110696247886869
-0.08188965314501859
-0.08268814547024834
-0.08350293137155938
-0.08433452258687502
-0.08518343411031525
-0.0860502328837327
-0.08693551202103238
-0.08783986060880276
-0.08876389549619644
-0.08970827788265358
-0.09067370227414705
-0.09166087225077323
-0.09267055504938572
-0.09370351775590356
-0.09476057518282416
-0.09584259273564925
-0.09695045631608092
-0.09808510300449748
-0.09924751891304844
-0.10043873318343852
-0.10165983555324347
-0.10291195032292888
-0.10419625610110975
-0.10551399460508658
-0.10686663462681488
-0.10825545524437802
-0.10968181346014853
-0.11114723220811017
-0.11265331492600784
-0.11420174921318432
-0.11579431690622659
-0.11743289164683453
-0.11911945005245511
-0.1208560750656601
-0.12264496698808051
-0.12448844928210276
-0.12638897728790915
-0.1283491473080287
-0.13037170725236338
-0.13245956233609738
-0.1346157938577748
-0.13684366251599187
-0.13914662719074306
-0.14152835711480447
-0.14399274720295352
-0.14654393259859516
-0.14918630797979104
-0.15192454650110584
-0.15476362812705616
-0.1577088420213975
-0.16076582460780822
-0.16394058469205336
-0.16723952943534592
-0.1706694998915064
-0.1742377980208359
-0.17795222798160595
-0.18182113205920178
-0.18585343269443516
-0.19005869435387254
-0.19444716246371985
-0.1990298212579792
-0.20381845834095
-0.20882572765961738
-0.2140652287590692
-0.2195515887475587
-0.2253005484239438
-0.2313290620397989
-0.23765540364526233
-0.2442992924132228
-0.25128201876446593
-0.2586265930685553
-0.26635763182108096
-0.2745022109922438
-0.2830895859598975
-0.29215143701786755
-0.3017221009698487
-0.3118390028899034
-0.3225428751160479
-0.3338780971529184
-0.3458930817349278
-0.3586408724014483
-0.3721792172468572
-0.386571481841898
-0.40188714669211384
-0.41820251604309755
-0.43560151105586414
-0.4541765721868113
-0.4740296885937342
-0.49527357308784825
