-0.5134166748485648
-0.4922952433905036
-0.47250020433613893
-0.45392942951172705
-0.4364898495638225
-0.42009655158973924
-0.40467197276500017
-0.3901451884852994
-0.37645127258062494
-0.3635307274727951
-0.3513289716937517
-0.3397958867775588
-0.32888540380606646
-0.3185551374935874
-0.3087660537386558
-0.29948217191944443
-0.29067029546645606
-0.2822997702972445
-0.2743422656539779
-0.2667715748769993
-0.2595634284991706
-0.25269535575276714
-0.2461465128385034
-0.2398975577138048
-0.23393052564763292
-0.22822872004973155
-0.22277661193102655
-0.21755974709601258
-0.21256466078643338
-0.20777880355916734
-0.2031904700313831
-0.19878873312067608
-0.19456338701982717
-0.19050489242466517
-0.18660433089070538
-0.18285334446316318
-0.17924411839799273
-0.1757693282687807
-0.17242210698783286
-0.16919600368980234
-0.16608496483090443
-0.1630833066782089
-0.16018568767034938
-0.15738708553792718
-0.1546827707670085
-0.15206829299947833
-0.14953945292360663
-0.14709229637287943
-0.14472309334743672
-0.1424283252829779
-0.14020466938104462
-0.1380489825414743
-0.13595829413618096
-0.13392981022119546
-0.13196088035849488
-0.1300489766202776
-0.12819173326649105
-0.12638687426206094
-0.12463227970692949
-0.12292591469961552
-0.12126584429235446
-0.119650243103499
-0.11807737402059161
-0.1165455964297812
-0.11505331006391636
-0.11359900834301012
-0.11218128935425906
-0.11079883626780858
-0.10945033854143225
-0.1081345599035917
-0.10685035882937459
-0.10559661136802238
-0.1043720815002356
-0.1031759067182626
-0.10200713023668675
-0.10086477572525716
-0.09974790201933366
-0.09865572935275366
-0.09758750264010271
-0.09654240530879843
-0.0955196140271642
-0.0945184939193424
-0.09353834561392296
-0.09257849625459474
-0.09163835350132062
-0.0907173056019537
-0.08981481734427889
-0.08893027783457606
-0.08806320746097823
-0.08721302178296624
-0.08637933464512093
-0.085561643044248
-0.08475952965696551
-0.0839725577879449
-0.08320028965780471
-0.08244233330337902
-0.08169837224467563
-0.08096785632060167
-0.08025058436953378
-0.07954624500897113
-0.07885454097809541
-0.07817515195188264
-0.07750784874943246
-0.07685223448407755
-0.07620806295064447
-0.07557515703132203
-0.07495319779547822
-0.07434194533569058
-0.07374118293648937
-0.07315068973506257
-0.07257035917191489
-0.07199990684459283
-0.07143787249580529
-0.07088566291666024
-0.07034262479312038
-0.0698088516013525
-0.06928397514403463
-0.06876803092295909
-0.06826043773696798
-0.0677614564702812
-0.06727105940255801
-0.06678889016222242
-0.06631451115169815
-0.0658485077173579
-0.06539098277128536
-0.06493594839505754
-0.06449288589373439
-0.06405139242324545
-0.063614131809041
-0.06318378930258207
-0.0627598400896851
-0.062342475107877486
-0.061931478039539044
-0.061526783732291576
-0.06112811505518671
-0.06073511216728576
-0.06034799955651557
-0.05996655392848212
-0.059590646455620705
-0.0592200900554416
-0.058854692599316145
-0.05849426459104022
-0.058138715179496626
-0.05778782807035532
-0.05744128510400814
-0.05709887861688575
-0.05676031753576104
-0.05642542458557587
-0.056094127448386696
-0.055766092485275
-0.05544082989331593
-0.055118170801918456
-0.05479806756370359
-0.05448000150056088
-0.054163988465914525
-0.05384977567225569
-0.05353714854986244
-0.05322627648259025
-0.05291701933312132
-0.05260939026455066
-0.052303799293728234
-0.05200019760228749
-0.05169866828699308
-0.05139911303447504
-0.05110189975480291
-0.05080710460372667
-0.050514723406922625
-0.05022476269064139
-0.04993722798383984
-0.04965219562053471
-0.04936971934738292
-0.04908971318856848
-0.04881235438171294
-0.04853755420384408
-0.0482655085939567
-0.04799604114897981
-0.0477296614233354
-0.04746594715419329
-0.04720511632095794
-0.04694738699145861
-0.0466925133691389
-0.04644052774638184
-0.046191417155783975
-0.045945173750399956
-0.04570187304500347
-0.04546137199241833
-0.0452240267483147
-0.04498969087584771
-0.044758261309761446
-0.04452984010584409
-0.044304376033376607
-0.04408186236961616
-0.043862234570938026
-0.043645502798566334
-0.04343152406428058
-0.04321996728146643
-0.04301141192894298
-0.04280568468182937
-0.04260265682065278
-0.0424015414480099
-0.042202952655932956
-0.042006227041593805
-0.041812580134090255
-0.04162159205293602
-0.04143294035416977
-0.041246263593277196
-0.041061852410051225
-0.040879431697276446
-0.040699051285589344
-0.04052068581140566
-0.040344382352683415
-0.04017029891487578
-0.039997829498593276
-0.039827331301860204
-0.03965872876076171
-0.03949187090208523
-0.03932704835102079
-0.03916083768818693
-0.038999319131258384
-0.03883942162195005
-0.03867954781020398
-0.03852271087155584
-0.038367360263763875
-0.038214082831351234
-0.03806130377324773
-0.03791094447989315
-0.037761689300194516
-0.03761445663125343
-0.03746837392495872
-0.037323038959711674
-0.037180129779755516
-0.03703897796977454
-0.0368973800560841
-0.03675486593432943
-0.03661727237488539
-0.03648042264541873
-0.036342323022263125
-0.03620652554306951
-0.036071022023808005
-0.035937407972355256
-0.035808400282705384
-0.035677336344486575
-0.03554754569265297
-0.035422479018496274
-0.03529713078657968
-0.035170270685175524
-0.035044199556980404
-0.03492305060884772
-0.03479926777165835
-0.03467655864029463
-0.03455741022090425
-0.03443917171072761
-0.03432231413644534
-0.03420700742108135
-0.03409161709197365
-0.03397751043805527
-0.03386442840309316
-0.03375222529081711
-0.03364107604052733
-0.03353023609599488
-0.03341958982849364
-0.033310902545979425
-0.0332033117286584
-0.03309775047175747
-0.0329914236472314
-0.03288582873318573
-0.03278109583518289
-0.03267809705084693
-0.03257605553900285
-0.03247603284602562
-0.03237657917582896
-0.03227781483334713
-0.03217887014899026
-0.03208151566002259
-0.031984863037202785
-0.031890111472860125
-0.03179528693992576
-0.031703013205746595
-0.031611491990812625
-0.0315205410846434
-0.031429363699110945
-0.03133983479164266
-0.031249912612420716
-0.031161268867392906
-0.031073392031933544
-0.03098606577541767
-0.030900201610010863
-0.030816069503326802
-0.030732283353784858
-0.03064858749612657
-0.030565986984552602
-0.030483276135672126
-0.0304019089878721
-0.030321622656691555
-0.03024199152991415
-0.030163621238253994
-0.030085010536828178
-0.03000700064101479
-0.029929793853485077
-0.029853299911057743
-0.029777198755116384
-0.02970225467863369
-0.029628159384447274
-0.02955469270343523
-0.02948232027260435
-0.029410147039761716
-0.02933825748155067
-0.029268138917926383
-0.02919903120660248
-0.029130016745335892
-0.029061484263787598
-0.028993452113526927
-0.028926164524001246
-0.02885935360002809
-0.028793103328562917
-0.028727949368969122
-0.028663215486005394
-0.028599217468068434
-0.028535972938182247
-0.02847313445303323
-0.02841102797795253
-0.028349484143371052
-0.028288507228640344
-0.028228025696289974
-0.028167987750151648
-0.028108644595290326
-0.02805005343335671
-0.02799178902059158
-0.02793433664927641
-0.02787740770617658
-0.027820992305133827
-0.027765427784812925
-0.0277104213558363
-0.027655914762244597
-0.027601916943716276
-0.02754871814603514
-0.027495860152069652
-0.02744355955966411
-0.027391663775574594
-0.02734012197716514
-0.0272893555706541
-0.02723884748393832
-0.027189213551785454
-0.027140218324059658
-0.027091586983421893
-0.02704369995302265
-0.026996385357029175
-0.026949243291971573
-0.026902643066701308
-0.026856925045432616
-0.02681170592548192
-0.026766767039814277
-0.026722486179721665
-0.02667871195833067
-0.02663492617497895
-0.026592031951498563
-0.026549907841257592
-0.026508259263228088
-0.026467130510110442
-0.026426325930312557
-0.026385947928797854
-0.02634607401382222
-0.026306614260001943
-0.026267566797939988
-0.026228906425860614
-0.026190730034358244
-0.026152818044255288
-0.02611531765491252
-0.026078177644681892
-0.02604140024131621
-0.026004855126419556
-0.02596849900271686
-0.025932432809867005
-0.02589715873240767
-0.025862128994548594
-0.025827608912881606
-0.02579327618648996
-0.025759485813658497
-0.025725918243543113
-0.025692972548800767
-0.025660398115553845
-0.025628040949031705
-0.025595899541618942
-0.02556417570016077
-0.025532878768905563
-0.025502056153046467
-0.025471239821753738
-0.02544070756404312
-0.02541053325152957
-0.025380687667750756
-0.025351153424705175
-0.025321909893619966
-0.02529290426894268
-0.02526420912918762
-0.02523573865120276
-0.025207529945168533
-0.025179612641252704
-0.02515196382066155
-0.02512476618460885
-0.025097796684612674
-0.025070942909007226
-0.025044474174569505
-0.025018131479654253
-0.024992059010342148
-0.024966098716062205
-0.024940148456405395
-0.024914422879971174
-0.02488882405883627
-0.02486340763345571
-0.0248383585592776
-0.024813611995836836
-0.024789191291340575
-0.024765004511069257
-0.02474117299764623
-0.024717712212683922
-0.024694436876430585
-0.02467175108850866
-0.02464965520256247
-0.02462825927693768
-0.024607626919746627
-0.024587990018641093
-0.02456937493002735
-0.024551838349557292
-0.02453537252446692
-0.02451986394143226
-0.024505414645028912
-0.024491887011426586
-0.024479270455831682
-0.02446752982854881
-0.024456803227301864
-0.02444681529866891
-0.0244376209296202
-0.02442914461405172
-0.024421319048412285
-0.02441398425191075
-0.024407197865637175
-0.024400831390482946
-0.024394942259452084
-0.02438933419353474
-0.024384327366118175
-0.02437959013404457
-0.02437511207258343
-0.02437099950278288
-0.024367292957160207
-0.024363709220822163
-0.024360533452850625
-0.024357379182942195
-0.02435466430695072
-0.02435218121866382
-0.024349949689290065
-0.024347943215330157
-0.024346163778352123
-0.024344595079882275
-0.024343199568850938
-0.02434207325450319
-0.02434122737816951
-0.024340561169961288
-0.024340211421080744
-0.024340086691912493
-0.02434025714061448
-0.02434080005619028
-0.024341638788717455
-0.024342864456886947
-0.024344053930723034
-0.024345481091523
-0.024347020691962908
-0.02434905044188317
-0.02435139154938803
-0.024354001043302806
-0.024356770190621733
-0.024359784570840055
-0.02436314927157213
-0.02436679207815603
-0.02437070904905602
-0.024374887176459414
-0.02437937396972813
-0.024384190364924774
-0.02438932944336626
-0.024394749833175553
-0.02440036261683783
-0.024406345539971102
-0.024412645913044727
-0.024419278097118458
-0.02442620986554331
-0.024433441356942
-0.024440987982607545
-0.02444885572709126
-0.024457061931942636
-0.02446559867851843
-0.024474523795217498
-0.024483812135974597
-0.024493432534489584
-0.02450336051283124
-0.024513617229579447
-0.02452423046404386
-0.02453509029185671
-0.024546335410426043
-0.024557998918042577
-0.024569991349961778
-0.024582366847841996
-0.024595001195111495
-0.024607913840231147
-0.024621191436962522
-0.024634804482416277
-0.02464879155800413
-0.02466310747383056
-0.024677807642788853
-0.024692846266928324
-0.024708221213904893
-0.024723924259660034
-0.024739940328622183
-0.024756323973858907
-0.024773048272860518
-0.024790026852142575
-0.02480745202328078
-0.02482521565486091
-0.024843204320443825
-0.02486174185570252
-0.024880435205104367
-0.024899691255905985
-0.02491922234353342
-0.024939103110923403
-0.02495935687245869
-0.02497991607247911
-0.0250008453322338
-0.025022079296994144
-0.02504351153909928
-0.025065287321074967
-0.025087314087890708
-0.025109644220057036
-0.02513224626084109
-0.02515516171021746
-0.0251783737278712
-0.025201992076014045
-0.02522579420576227
-0.025250043134895317
-0.025274656348152773
-0.025299604040922147
-0.025324867153671767
-0.025350268177941702
-0.025376174350779056
-0.02540231297158422
-0.025428815681225243
-0.02545556300169407
-0.025482575092379806
-0.02551001857366264
-0.025537599799185007
-0.025565503440973532
-0.02559376423208781
-0.025622468542100322
-0.025651586041036786
-0.025681020521767624
-0.02571080816510628
-0.02574087777299911
-0.02577142992444225
-0.025802210705677266
-0.025833279348421653
-0.025864680510335022
-0.025896419152430454
-0.025928456792110286
-0.025960764952241193
-0.025993510115731918
-0.026026622962132852
-0.02606008402387549
-0.026093906276187875
-0.026128007683274904
-0.026162481303336114
-0.026197294903509617
-0.026232544970994583
-0.026268424967975264
-0.026304508540207182
-0.026341061942333183
-0.026377842504073542
-0.026415139719663316
-0.026452578210731506
-0.026490563957410885
-0.02652891338473282
-0.026567656829642513
-0.02660677581647728
-0.026646289458871045
-0.02668618971179079
-0.026726443336141374
-0.026767135483475833
-0.026808282356147742
-0.026849776595620725
-0.026891501691344286
-0.026933697786000202
-0.026976366293701384
-0.0270195288170849
-0.027063095522235105
-0.02710696705017311
-0.02715127515521558
-0.027196354188517704
-0.027240962500125043
-0.02728549561200937
-0.02733033775012932
-0.0273751713893245
-0.027420325390697234
-0.02746582023657154
-0.027511665792990168
-0.027558237859204825
-0.027604947015318345
-0.027652072408007395
-0.027699410381306654
-0.027747050262158093
-0.027795119619658314
-0.027843548166265466
-0.027892306014032482
-0.027941452734881377
-0.027990937181076595
-0.028040849803670023
-0.028091235284002206
-0.02814191020344209
-0.02819295630517202
-0.028244378584624003
-0.028296136507963792
-0.02834839160086998
-0.028400951733690127
-0.028453985974881756
-0.028507393917080428
-0.028561170202494945
-0.028615348528889594
-0.028670232710841122
-0.028725339729394297
-0.028780724475114407
-0.028836478656624996
-0.028892834541773438
-0.02894956707137397
-0.029006624928713087
-0.02906404099469143
-0.02912186210827724
-0.029180214594400067
-0.029238917715445283
-0.029298138491123896
-0.029357728136938124
-0.02941794825352208
-0.029478390657176372
-0.02953931551171547
-0.02960062292555964
-0.02966237038239575
-0.029724509762281887
-0.02978715790049019
-0.029850305347322362
-0.029913750411909273
-0.029977851001557684
-0.030042317443099473
-0.030107295766426487
-0.030172652077143782
-0.03023849772255401
-0.030304752008832044
-0.030371443764138275
-0.030438864485362052
-0.0305065702308015
-0.030574657397667977
-0.03064327359333148
-0.030712298158674694
-0.030781847207707623
-0.030851745502030178
-0.030922054849596925
-0.03099283286143152
-0.031064133028372354
-0.031135879631366416
-0.031208083486255922
-0.0312807607656409
-0.031353930998131746
-0.03142754663959219
-0.03150180655827749
-0.031576425911731994
-0.031651532770380075
-0.03172715313839815
-0.03180329013852504
-0.03188022080591225
-0.031957284892061524
-0.03203501806525353
-0.03211315072334279
-0.032191752398615846
-0.03227101781175861
-0.03235077017504249
-0.03243105018522722
-0.03251187976540241
-0.03259323030536987
-0.03267526313286711
-0.03275745478715093
-0.03284018605110535
-0.03292378759495119
-0.03300779235165858
-0.03309244801862659
-0.03317780356854981
-0.033263637926265625
-0.03334989997490799
-0.0334368506029907
-0.033524419121957874
-0.0336124326139878
-0.033700824648875805
-0.03379011846393541
-0.03387986190355423
-0.03397025201814345
-0.03406121499847362
-0.034152778452135185
-0.03424493684915554
-0.03433772958645743
-0.03443080610566863
-0.03452474339861268
-0.03461908856674472
-0.034714458715497776
-0.034809993909237134
-0.03490601825259665
-0.035002761085025806
-0.03510001233984258
-0.035197894659447365
-0.035296379898522044
-0.03539567646915138
-0.03549558460676427
-0.03559658028718828
-0.03569793139809644
-0.03580027031254593
-0.0359033602286099
-0.036006962033082714
-0.03611130861048269
-0.036216397657219984
-0.0363222833236372
-0.03642880208848152
-0.03653594683518174
-0.03664383215560747
-0.036752252716596
-0.03686149575759058
-0.036971475869263526
-0.03708220190667334
-0.03719402545378608
-0.0373061451228218
-0.037419247275742695
-0.037533672944381875
-0.037648912401491326
-0.037764370252214415
-0.03788042383682992
-0.037997362434733
-0.038115517890964866
-0.03823431238175805
-0.03835588762050523
-0.03847617453206654
-0.0385993970168231
-0.038723269997506714
-0.03884648105694088
-0.03897072661981079
-0.039096871380039165
-0.039223033630843146
-0.03935004738995049
-0.03947954982558632
-0.039608473477983616
-0.03973798029197295
-0.039868381116151715
-0.04000020006120022
-0.04013448007426092
-0.040269603729970994
-0.04040534157778919
-0.040541504970681895
-0.04067975859752867
-0.04081888851375888
-0.0409592014386642
-0.04110055745711499
-0.04124228478922501
-0.04138575457093065
-0.04153040097115664
-0.041676105293658346
-0.0418225403101846
-0.04197038344343059
-0.042119447832410804
-0.04226963496784503
-0.04242099825972453
-0.0425735890746973
-0.04272732348477186
-0.04288232911352047
-0.0430385732095679
-0.043196005950295206
-0.043354606731896866
-0.043514493370368286
-0.04367571483345888
-0.04383834817972968
-0.04400226544556015
-0.04416762774487161
-0.044334341741637626
-0.04450231308796227
-0.04467175926241037
-0.04484257991835011
-0.04501485347893768
-0.045188553999954695
-0.04536372613047647
-0.04554036730143525
-0.04571851912790852
-0.045898172122163024
-0.04607932545768202
-0.04626204364697429
-0.046446290765741444
-0.0466321126410996
-0.04681959831260703
-0.04700872596660657
-0.04719948545024272
-0.047391980425073
-0.04758616136803472
-0.04778205380489156
-0.047979683063283
-0.048179122210524505
-0.048380341146611765
-0.04858338815595906
-0.04878824772656427
-0.04899490684186508
-0.04920346496633677
-0.04941390346004261
-0.04962625298036896
-0.049840564898075104
-0.050056835762607804
-0.050275132485344314
-0.05049546589658859
-0.050717894048428656
-0.05094236299875012
-0.05116893718961637
-0.05139759047090482
-0.05162836110611992
-0.05186133957015889
-0.05209651204496866
-0.05233389592656768
-0.05257352761450322
-0.052815433374926994
-0.05305962114613109
-0.0533061795310358
-0.053555218043709565
-0.05380665076078721
-0.05406052507812394
-0.054316858193903424
-0.0545756767360263
-0.054836983485708056
-0.05510082550167034
-0.05536724880920042
-0.055636225484803244
-0.0559078111188964
-0.05618200731212097
-0.0564588198736274
-0.05673833465413719
-0.05702054406046809
-0.05730549888560479
-0.05759318138340523
-0.05788361828033407
-0.058176881319521645
-0.05847298610616318
-0.058771937843882155
-0.05907378420936675
-0.059378460725092425
-0.059686205743372515
-0.05999685281145397
-0.06031057412774236
-0.06062739882987011
-0.0609474138291181
-0.061270658753162704
-0.06159720793935631
-0.06192716804021754
-0.06226057979069649
-0.06259751568910753
-0.06293804988582459
-0.06328232071736171
-0.06363047987229695
-0.06398262255979247
-0.06433891120667369
-0.06469943808120945
-0.06506433189141439
-0.06543370264143741
-0.0658076820708928
-0.06618640626899734
-0.066569954105041
-0.0669584797415083
-0.0673520875128909
-0.06775088133075136
-0.06815499789043894
-0.0685644118931674
-0.06897934548129663
-0.06940000325010862
-0.06982651499252346
-0.070259024330203
-0.07069770844783148
-0.07114270230319254
-0.07159414428077936
-0.07205224254840108
-0.07251714525222788
-0.07298900957061275
-0.07346801594120406
-0.07395427215843356
-0.0744480770596685
-0.07494941789349067
-0.0754587412448692
-0.07597604184080266
-0.07650161004948261
-0.0770356649813864
-0.07757839765860378
-0.07812997571515688
-0.07869060399089597
-0.07926055009269958
-0.07984013588028512
-0.08042956021431881
-0.08102904292905229
-0.08163884846160668
-0.08225926418988631
-0.08289048813345247
-0.08353278268002598
-0.08418649097686956
-0.08485180002532385
-0.08552904639705385
-0.08621853886100861
-0.08692061841427398
-0.08763558282714799
-0.08836386172714104
-0.08910575903423375
-0.08986172439476568
-0.0906320904493296
-0.09141727395856959
-0.09221779858313388
-0.09303404838628299
-0.09386787649955848
-0.0947181667688986
-0.09558569302626346
-0.09647099811150513
-0.09737462546552816
-0.09829718226507264
-0.09923931098282426
-0.1002016584513546
-0.10118494312781974
-0.10218989167106164
-0.10321724466905059
-0.10426780219166609
-0.10534239016715481
-0.10644176281510798
-0.10756686552991963
-0.10871860120935734
-0.10989791448271874
-0.111105810552406
-0.11234332346766958
-0.11361158355768383
-0.1149117488903246
-0.11624501452237752
-0.11761265481451762
-0.1190159895358635
-0.12045638562872528
-0.12193530119940715
-0.12345428539444048
-0.12501496149838498
-0.12661906079809843
-0.12826837789021844
-0.12996483917096538
-0.13171048256785403
-0.1335074362751373
-0.13535797499003677
-0.13726451824270886
-0.13922959944313293
-0.14125592188403083
-0.14334635034310247
-0.14550395173416858
-0.1477318565510242
-0.15003359135389985
-0.15241279006621072
-0.15487332540223453
-0.15741930915848204
-0.16005538424565202
-0.16278593076551343
-0.16561591757000804
-0.1685506330147889
-0.17159572043117038
-0.1747572020552685
-0.17804149144505388
-0.18145545673791771
-0.18500643526173868
-0.18870227571482373
-0.19255138475483416
-0.19656277304902492
-0.20074610259253742
-0.20511173986163064
-0.2096708220190941
-0.214435316332571
-0.21941809466893533
-0.22463301233167418
-0.23009499568879993
-0.2358201480454823
-0.24182582345673198
-0.24813078097102578
-0.25475529978757705
-0.26172131798580656
-0.2690526063769222
-0.2767749353477532
-0.2849162866947081
-0.29350706423299255
-0.30258032807193685
-0.312173702518551
-0.3223250681653581
-0.33307721624426234
-0.3444769453243403
-0.3565754659726837
-0.369428886846257
-0.38309876119645325
-0.39765270283393056
-0.41316508725451545
-0.4297207149578778
-0.44740726801166714
-0.4663246086834087
-0.4865833251514352
