-0.5024034845780965
-0.48085059061642127
-0.46069528832983603
-0.44182688291847827
-0.4241450128297169
-0.40755853422070204
-0.39198454182749615
-0.3773475082394632
-0.36357853318379063
-0.35061465461084673
-0.33839826850242793
-0.3268766001086253
-0.3160013089784625
-0.30572793319251274
-0.2960156213104137
-0.2868267759566651
-0.27812675708299445
-0.2698836158800333
-0.26206785774807123
-0.25465222950252064
-0.2476115213763995
-0.2409223957221794
-0.23456323119547245
-0.2285139776240029
-0.2227560306372283
-0.2172721037466497
-0.21204613260236693
-0.20706317503733082
-0.20230932050768674
-0.19777161323411002
-0.19343798306997012
-0.18929715517786802
-0.18533861473187477
-0.1815525419383532
-0.17792976778242514
-0.17446180852934617
-0.17114064548780245
-0.16795879196031402
-0.1649092205853512
-0.16198534955259195
-0.1591809929868074
-0.15649036544268885
-0.15390800681051103
-0.15142882294877855
-0.14904801376541355
-0.1467610461672445
-0.14456364753057022
-0.1424518394686363
-0.14042183561491942
-0.1384700405665024
-0.1365931136328417
-0.13478791188342595
-0.1330514729721412
-0.13138101111053574
-0.12977388304269216
-0.12822765365405375
-0.12673996668943996
-0.12530849255658558
-0.12393125689012957
-0.12260630672514759
-0.12133178755222732
-0.12010591832707443
-0.11892706544694973
-0.11779364246179676
-0.11670420993063654
-0.1156573913390902
-0.11465164273254777
-0.11368574760468668
-0.11275854893633441
-0.1118689283919831
-0.11101580922137315
-0.11019821722035587
-0.10941509956449923
-0.10866574643219262
-0.10794927256599073
-0.10726491808984438
-0.10661180476460459
-0.1059892694552845
-0.10539661230770253
-0.1048332707316531
-0.10429861277009367
-0.10379204996128283
-0.10331315510888375
-0.10286133934174256
-0.10243620381575042
-0.10203739272964124
-0.10166444488845647
-0.10131703278314286
-0.10099478561368601
-0.1006974858996798
-0.1004247893940073
-0.10017643120591219
-0.09995226428488053
-0.09975203183568207
-0.09957553829173264
-0.09942269028107852
-0.0992933791765959
-0.09918736429138354
-0.09910465134295533
-0.09904518459366254
-0.09900894493133525
-0.09899590243665661
-0.09900605586616128
-0.09903945178645727
-0.09909618145874541
-0.09917629744308164
-0.09927986593096988
-0.09940703429301596
-0.09955797943255103
-0.09973284809278046
-0.0999318138573541
-0.10015511889022446
-0.10040305169093103
-0.10067587329836368
-0.1009738129886418
-0.10129724840895672
-0.1016463542312875
-0.10202169544571409
-0.10242365696078455
-0.10285268991774318
-0.10330927640103435
-0.10379392039794808
-0.10430727465552297
-0.10485003662893783
-0.10542262844195842
-0.10602572628043726
-0.10666002308897254
-0.1073262927298024
-0.10802528813972322
-0.10875786876899479
-0.10952492035216778
-0.11032739239909374
-0.11116627239699386
-0.11204261710067438
-0.11295754595795514
-0.11391221118554144
-0.11490785716081725
-0.11594582205714826
-0.11702749789258496
-0.1181543664148287
-0.11932800934703136
-0.1205500681274546
-0.12182223691369327
-0.12314642316938235
-0.12452462538639252
-0.1259588618624972
-0.12745134555647375
-0.12900436389836373
-0.13062033128033548
-0.1323020123550801
-0.1340521363791355
-0.13587360659897119
-0.13776956149507166
-0.13974330446751215
-0.14179834365958496
-0.1439383679271178
-0.14616734205794263
-0.14848947771110646
-0.15090925303658614
-0.15343140397302005
-0.15606100831187378
-0.1588035007406526
-0.16166466374684652
-0.16465064811781677
-0.16776804511907414
-0.17102386095131805
-0.1744256178072499
-0.1779813220266534
-0.1816995719366829
-0.18558954857206286
-0.18966112489955841
-0.19392486531863232
-0.19839209418064807
-0.20307496121006613
-0.20798652060313128
-0.2131408050782729
-0.21855288594730138
-0.22423899277368667
-0.23021659781054993
-0.2365045332439859
-0.24312310206153326
-0.25009429152504553
-0.2574417193133073
-0.26519098461363305
-0.273369789173356
-0.2820081329728864
-0.29113853591255634
-0.3007961886982726
-0.3110194621515948
-0.3218500125968884
-0.3333331799327804
-0.3455183688564383
-0.3584594776912903
-0.3722153786278909
-0.38685046211421753
-0.4024352444788825
-0.41904704339454596
-0.4367707921877627
-0.4556999058212984
-0.47593729469743107
-0.49759651542190353
