-0.5045691998781465
-0.48397737646902633
-0.4646402652523032
-0.44646446977664384
-0.42936463589543183
-0.4132626675644819
-0.39808702281763275
-0.3837720943812676
-0.3702576503979379
-0.35748833617994397
-0.3454132273823529
-0.33398542845216256
-0.323161712334539
-0.31290219816690384
-0.3031700578508767
-0.2939312522466125
-0.2851542920769906
-0.2768100242158838
-0.2688714362086234
-0.2613134782198523
-0.25411290315163115
-0.24724812026381549
-0.24069905952540957
-0.23444705438441762
-0.2284747314428975
-0.22276590741246768
-0.21730549796787973
-0.21207943172233604
-0.20707457883067093
-0.2022786769102063
-0.19768026557961252
-0.193268628371372
-0.18903373751753094
-0.1849662047966679
-0.1810572347623351
-0.17729858205766952
-0.17368251313434116
-0.1702017694047445
-0.16684953557762686
-0.16361940798356525
-0.16050536565080975
-0.1575017459205002
-0.1546032183083096
-0.15180476543441843
-0.14910169158376985
-0.14648950722273077
-0.1439640062791703
-0.14152122171403772
-0.13915740719457423
-0.13686902311148932
-0.13465272271728665
-0.1325053452200783
-0.1304238964985078
-0.12840554138771906
-0.12644760045668557
-0.12454753008489068
-0.12270291842236858
-0.12091147797108752
-0.11917103717809989
-0.1174795412373856
-0.11583502873616897
-0.11423564502991435
-0.1126796180267765
-0.11116526230395868
-0.10969098244712944
-0.10825525381913616
-0.10685662954511138
-0.10549372894227484
-0.10416522209256164
-0.10286986288976192
-0.10160645296041027
-0.10037384305763024
-0.09917093598988423
-0.09799669012328421
-0.09685010753610163
-0.09573031501543579
-0.09463632786633396
-0.09356719901181934
-0.09252214605156622
-0.09150041336801541
-0.09050125106861455
-0.08952390362240616
-0.08856766251985136
-0.08763187735182495
-0.0867159037670047
-0.08581911579209882
-0.08494071274509005
-0.08408031795953223
-0.08323737684278901
-0.08241140419044035
-0.08160195010696357
-0.08080846699812012
-0.08003049149490238
-0.07926757878651224
-0.07851924944937108
-0.07778511988615674
-0.07706477353596683
-0.07635783001302535
-0.0756639025903749
-0.07498264664254076
-0.07431372282511908
-0.0736567934880287
-0.0730115071644418
-0.07237758133330285
-0.07175470618295227
-0.07114259602813848
-0.07054096754756005
-0.06994953321971516
-0.06936805325940666
-0.06879624967076038
-0.06823388078008402
-0.06768072736662405
-0.06713655277703126
-0.06660111578088622
-0.06607422605824047
-0.06555563498723053
-0.06504526903233834
-0.06454278082722655
-0.06404801775643225
-0.06356082141163168
-0.06308103020920224
-0.06260845956919668
-0.06214294838862153
-0.061684320039802926
-0.061232429932791814
-0.06078710553665482
-0.06034822023456648
-0.059915632040247774
-0.05948922617611508
-0.05906881944239957
-0.05865432034672694
-0.058245620422553046
-0.057842552542732524
-0.05744510749579645
-0.05705315356001466
-0.0566665320247075
-0.05628509034038218
-0.055908820638649916
-0.05553748338797114
-0.055171026552783345
-0.05480933888930447
-0.05445236915616023
-0.054099996667179434
-0.05375217796668544
-0.05340877111242787
-0.05306969160359309
-0.052734829519505116
-0.05240411527952255
-0.05207745459727566
-0.051754789472912816
-0.051436022478377516
-0.05112112492606097
-0.05081007566698609
-0.0505027581616209
-0.05019913568470412
-0.049899163532654604
-0.0496025953455305
-0.04930923545855303
-0.04901902688525055
-0.04873205361946817
-0.048448060395624826
-0.04816733094008686
-0.047889933824002966
-0.047616202086777304
-0.04734604405252295
-0.04707905596374028
-0.046815278360909145
-0.04655437555816847
-0.04629636192629079
-0.04604139928599675
-0.04578922198177533
-0.045539861946952684
-0.04529323853392142
-0.0450493777320124
-0.04480829481796381
-0.044569758816079434
-0.04433382228064056
-0.044100445428897066
-0.043869559046747685
-0.04364127783246704
-0.043415352396390806
-0.04319175706189656
-0.042970633580273566
-0.04275182812774989
-0.042535440384485645
-0.04232141405841075
-0.04210957768584111
-0.041900018626894624
-0.04169257294509617
-0.041487412409003194
-0.041284434573672514
-0.04108356423631526
-0.04088475830913342
-0.04068822556446245
-0.04049359444324318
-0.04030096267810694
-0.040110308308504726
-0.03992156912828936
-0.03973480109869172
-0.03954983614416955
-0.03936675614451259
-0.039185494114816
-0.03900599021710555
-0.03882836669261354
-0.03865228275404377
-0.03847804850497145
-0.03830551097062824
-0.03813458437587553
-0.03796553620263379
-0.0377980128689025
-0.03763206930616082
-0.03746772338833179
-0.037305075619871446
-0.037143991154003735
-0.0369845333780554
-0.03682648636208187
-0.03667013992896276
-0.036514887881847716
-0.03636140073912426
-0.03620939594782945
-0.03605886035585211
-0.03590972222174319
-0.03576194927036288
-0.03561494712147068
-0.03546975386215939
-0.03532604950542079
-0.035183952965265206
-0.03504245980058978
-0.03490250505301628
-0.034763911112499137
-0.0346266214528614
-0.03449107704070539
-0.034356215835259336
-0.03422268189188219
-0.03409061321956711
-0.03395976562732376
-0.033830297469360074
-0.03370213958900772
-0.03357523255364959
-0.03344913811583733
-0.03332442660839934
-0.03320113302828157
-0.033079204019883665
-0.032958588398596375
-0.03283888623077954
-0.0327204761713782
-0.032603319072569296
-0.03248779330736018
-0.03237335115097976
-0.0322600534456104
-0.0321482125453446
-0.03203758006525551
-0.031928364045431486
-0.03182044496807933
-0.031713976661572406
-0.0316089061722252
-0.03150526618060448
-0.03140296321723728
-0.03130173701015657
-0.0311914762331152
-0.031092890577356373
-0.03099558669480469
-0.030888552515817805
-0.030793875648725075
-0.030700779531862826
-0.03060921965924619
-0.030519180139868242
-0.03043027196857117
-0.030331417520522257
-0.030233639760046168
-0.030136758713491328
-0.03004084943333593
-0.029945734208900662
-0.029851599606236852
-0.029758569009184627
-0.029666720094774775
-0.029575166436974335
-0.029484366711879456
-0.029394510518474293
-0.02930541282894672
-0.02921718980565687
-0.02912973455392335
-0.02904318323441774
-0.02895757022436074
-0.028872453728611445
-0.02878805537248881
-0.02870453110756572
-0.0286215998664156
-0.028539651186299694
-0.028458314326231107
-0.028377571402755344
-0.028297443601549573
-0.028217872498318024
-0.028138842196372218
-0.028060390729715057
-0.027982541824215567
-0.027905277104380545
-0.02782851163347853
-0.027752692059038207
-0.027677513916568305
-0.02760296820990194
-0.027529079768266875
-0.027455671960852565
-0.02738256614883688
-0.02731001063221271
-0.027238082752116203
-0.02716685599986402
-0.027096821258624806
-0.027027613491270308
-0.026959271255069726
-0.02689147024265519
-0.026824234556064613
-0.02675757965018616
-0.026691563625873584
-0.026625820577008286
-0.026560655156031024
-0.026495902990567928
-0.0264315327483685
-0.026367775318542255
-0.02630464221981568
-0.026241695232957298
-0.026179208891337794
-0.026117513355023606
-0.02605603019858253
-0.025995116340593316
-0.025940692524526188
-0.025883003665870964
-0.025825049405130144
-0.025766967256473938
-0.025709513679100172
-0.025652418315303537
-0.02559620805268678
-0.025540749928326265
-0.02548591127684498
-0.025431770098605894
-0.025378086361691938
-0.025324702670023586
-0.025271465792710654
-0.025218885426074245
-0.025166755420842464
-0.025115230786983085
-0.025064113354267937
-0.02501356218313391
-0.024963417940748897
-0.024913840957793885
-0.02486458513808074
-0.02481561203039833
-0.024767368920464536
-0.024719537288626484
-0.02467205879341561
-0.024625112655931522
-0.024578423629195423
-0.02453218737805875
-0.024486603114908356
-0.024441420463606138
-0.02439655814332553
-0.02435208053495173
-0.024308240686668814
-0.02426462103416887
-0.024221447765692062
-0.024178577189290233
-0.024136428453342726
-0.024094575286002968
-0.024053018907748882
-0.02401191611430766
-0.023971174424210328
-0.02393099269957746
-0.023891223384391282
-0.023851819113781553
-0.023813062967822405
-0.023774533823898308
-0.02373650094200239
-0.02369883530812503
-0.02366162267092872
-0.023624768714957185
-0.023588314119161815
-0.023552334205182397
-0.023516721030999364
-0.0234814214064006
-0.023446755540354868
-0.02341246387713642
-0.023378496161264008
-0.023345159470261317
-0.02331236144139951
-0.023280109770682716
-0.023247916516177122
-0.023216224282285786
-0.02318477059571199
-0.02315367483156993
-0.02312309855461404
-0.02309286196888513
-0.023063134755524666
-0.02303380651550682
-0.023004651862457138
-0.022975977517605245
-0.022947573906944328
-0.022919593477074122
-0.022892263386430453
-0.022865275134450837
-0.022838481691709142
-0.022811995016542186
-0.02278563193865782
-0.022759746958053315
-0.02273417606326276
-0.022708898595029777
-0.02268402624860306
-0.022659198679978145
-0.022634662912240866
-0.02261002728441244
-0.0225854805114403
-0.02256128814874789
-0.022537399954327374
-0.022513725171099765
-0.02249042142320441
-0.022467328317994025
-0.022444483005628044
-0.02242203887280765
-0.022399987934401525
-0.022378461129295375
-0.022356976436342203
-0.022335477537994756
-0.022314820625440233
-0.022294611035909788
-0.022274521426264075
-0.022254783889328063
-0.022234847549794014
-0.022215653173896444
-0.022196960258634213
-0.022178666802867526
-0.022160329269109477
-0.02214276855280752
-0.022125785383440223
-0.022108868356384415
-0.02209229591414961
-0.02207603364599164
-0.02206067378381115
-0.022045060002033334
-0.02202958696439385
-0.02201472180671112
-0.02200014654130468
-0.021985825879259062
-0.02197186064670198
-0.021958377394950823
-0.021945212951974456
-0.02193248433948084
-0.021920207413691502
-0.021908226579123287
-0.021896522696302375
-0.021885017442651145
-0.02187399456208198
-0.021863238091855322
-0.021853006147467158
-0.02184319565288006
-0.02183362075132031
-0.02182409633581066
-0.0218146213080513
-0.02180556823649124
-0.021797010683664915
-0.02178884223809269
-0.021780950157246813
-0.021773391452302112
-0.02176596339247567
-0.021759056687212928
-0.02175244520812936
-0.021746099191707117
-0.021740242722151373
-0.02173451048284892
-0.021729450974256003
-0.021724435424727153
-0.02171967423382778
-0.021715254093464486
-0.021711230361406892
-0.021707358473917738
-0.02170377085512867
-0.02170045884930848
-0.02169738947540153
-0.02169468370576651
-0.0216920381464449
-0.021689715901993065
-0.02168786257787303
-0.021686061255624882
-0.021684616734603968
-0.02168340038651755
-0.021682354361150423
-0.02168166713107067
-0.021680997536788378
-0.021680728995463295
-0.021680714525827444
-0.021680964331648598
-0.02168152244076892
-0.021682206548891143
-0.021682958151321215
-0.0216841679111809
-0.02168559291552685
-0.021687259236525928
-0.021689213951805644
-0.02169111627139135
-0.021693396223811112
-0.021695497176840977
-0.021698162030992264
-0.021701142504140552
-0.021704076497210692
-0.021707494888036055
-0.021710881710200077
-0.021714827057555963
-0.021718819660126662
-0.0217227146587646
-0.021726793545247338
-0.02173120516300126
-0.0217362006004472
-0.021741224850923068
-0.02174670713075818
-0.02175241142913649
-0.021758306565156392
-0.021764148473234136
-0.021770170205130186
-0.021776430219717615
-0.021782783007732336
-0.021789190726884504
-0.02179599951234145
-0.02180285150438806
-0.02180964599454223
-0.021816264092532702
-0.021823150892717694
-0.021829870800406777
-0.021836524692533867
-0.021843113178192288
-0.02185013119108683
-0.021857180173649158
-0.021864150429612445
-0.02187145637069042
-0.021878769869917523
-0.021886326953885885
-0.02189407167434706
-0.02190169493188495
-0.02190958039862083
-0.021917947630711653
-0.02192669993295584
-0.021935455918091974
-0.021944585189798967
-0.02195404603114807
-0.021963757769043076
-0.021973680564421682
-0.02198397089457805
-0.021994465997083035
-0.022005336357940625
-0.022016637114113887
-0.022028261450462938
-0.022040273096269214
-0.022052441491024966
-0.02206519055422805
-0.022078261235800298
-0.022091747303146662
-0.022105620742617977
-0.022119991249125764
-0.022134696208113636
-0.02214973481931577
-0.02216526722839509
-0.02218129677570171
-0.022197723507406626
-0.022214573514772476
-0.022231846254286543
-0.022249636451511765
-0.022267775515008338
-0.022286308377403842
-0.022305096002794872
-0.02232432767898284
-0.022343958138603594
-0.022364030849463132
-0.022384438859997014
-0.02240520575642515
-0.022426478777109887
-0.022447976353975645
-0.0224698701879911
-0.022492117195154638
-0.02251482829796456
-0.02253784465531545
-0.022561019164786637
-0.022584520849858007
-0.02260830797883785
-0.02263218191541608
-0.022656286986194894
-0.022680821518250363
-0.02270572337309615
-0.022731006963037526
-0.022756527038465892
-0.022782334267946153
-0.022808566852165903
-0.022834986161687623
-0.022861827355686704
-0.022888496046829892
-0.02291586212930904
-0.022943406471130044
-0.02297143665573269
-0.022999871840777734
-0.02302856068581435
-0.02305744276516563
-0.02308703118898878
-0.023116916111870386
-0.023147035326239712
-0.02317762105094309
-0.02320838282767362
-0.023239423631026542
-0.02327112271872026
-0.023302968805321584
-0.02333521121813073
-0.02336784619734929
-0.02340067434600238
-0.023433595888192275
-0.023466758525882165
-0.023500188922069874
-0.023534193065071478
-0.02356854217090882
-0.02360315080196424
-0.02363819437993731
-0.023673362912328584
-0.023709106627784613
-0.023745033874426967
-0.02378148296308868
-0.023818264698671363
-0.02385522285461643
-0.023892719188625195
-0.023930542328756632
-0.023968748368539433
-0.024007340644658568
-0.02404623303313232
-0.02408581981408213
-0.024125549776919067
-0.02416576804955152
-0.024206559220933507
-0.02424784684085955
-0.02428958923158036
-0.024331669686416705
-0.02437425178651993
-0.024416970735853197
-0.02446043930975543
-0.024504340337836907
-0.024548529174311228
-0.02459281600832997
-0.024637815914336465
-0.024683271131560814
-0.0247290381323536
-0.024775356155081033
-0.02482222524041021
-0.024869586692633467
-0.024917480657816203
-0.024965923061541558
-0.02501471523979674
-0.02506415626240525
-0.02511406366130743
-0.025164382550376754
-0.025215106448664728
-0.02526650620420029
-0.025318374839712755
-0.025370738325596043
-0.025423672624979094
-0.025477014496485106
-0.025530767895006343
-0.02558506172509986
-0.025639851877903953
-0.02569508907266775
-0.025750763596776766
-0.025807024984995618
-0.025863803947531256
-0.02592106770402094
-0.025978803952592167
-0.02603705037008149
-0.0260958063441859
-0.026155053164311375
-0.02621482218449881
-0.026275087951756527
-0.026335877390962343
-0.026397195737450207
-0.026459054590186142
-0.026521456261555772
-0.026584386326732563
-0.026647834691755787
-0.026711824368457007
-0.026776366711240743
-0.026841459346614378
-0.02690711415857174
-0.026973328885972602
-0.02704011612143907
-0.027107478787213906
-0.027175403598108615
-0.027243907915558443
-0.027312993462298457
-0.027382699341203905
-0.02745299580875284
-0.02752385759193336
-0.027595343994174324
-0.027667444297693924
-0.02774020505801783
-0.027813585801208726
-0.02788754505819378
-0.02796216448560869
-0.02803735148661176
-0.028113104764309598
-0.02818967233359624
-0.02826677335002231
-0.02834466917146431
-0.028423234212674803
-0.028502336668375195
-0.028582258541800788
-0.028662766010981937
-0.02874394789193528
-0.0288258245763393
-0.028908416434410462
-0.02899167942682114
-0.029075663042831483
-0.02916034321701421
-0.02924575969484551
-0.029331909094774136
-0.029418790657402542
-0.02950640875096277
-0.029594765526543717
-0.029683873498329245
-0.029773753487042455
-0.029864367354085933
-0.02995577803048873
-0.0300479697156955
-0.030140946222086115
-0.03023473995250025
-0.030329352417551542
-0.03042472084674464
-0.030520891378686223
-0.03061786092616618
-0.03071564110148531
-0.030814229212164774
-0.030913772499584432
-0.031013999614249225
-0.03111509261791445
-0.031217053101976762
-0.03131988304278715
-0.0314235963725289
-0.031528214650876026
-0.031633697228062356
-0.031740149741491246
-0.03184754489771975
-0.03195572692687846
-0.032064840325234996
-0.03217489604551409
-0.032285906402299905
-0.032397875824104964
-0.03251081480602752
-0.0326247287293615
-0.032739658483067535
-0.03285557974392064
-0.03297249623225477
-0.03309045604719457
-0.033209444860021274
-0.033329476673338854
-0.033450582411142016
-0.03357273876499229
-0.033695960049152665
-0.03382028184940791
-0.033945671219971836
-0.034072157312817486
-0.0341997446621267
-0.03432841921314182
-0.03445819873685545
-0.03458911574026347
-0.034721115272798767
-0.03485424815491822
-0.034988502683482275
-0.035123904517350174
-0.035260452344497636
-0.035398302855269737
-0.03553721645612092
-0.03567741209975456
-0.03581862252005708
-0.03596112297831858
-0.03610484193714859
-0.0362497835367304
-0.03639599854901189
-0.036543584539708324
-0.0366924358309283
-0.03684261142907204
-0.03699395377241532
-0.03714660082554403
-0.03730067541861456
-0.03745607051650083
-0.037612824720807396
-0.03777106873780725
-0.03793041862992443
-0.03809118962475015
-0.03825341699379606
-0.03841722488429073
-0.0385824532134234
-0.038749116294007555
-0.03891719655738168
-0.039086610620160285
-0.03925774081562462
-0.03943030184904809
-0.03960425093783039
-0.039779731537321714
-0.03995654981444804
-0.040134940548928376
-0.040315035405441714
-0.04049641472887769
-0.040679431486891356
-0.04086411047859727
-0.04105052130162273
-0.04123843289054629
-0.041427953129680645
-0.04161910338379865
-0.041812009207848534
-0.04201050162276318
-0.042211793968921815
-0.04241510739348986
-0.042620417888437886
-0.04282765865640903
-0.043031888246644064
-0.04324276550649224
-0.04345564742169008
-0.04367054568556494
-0.043887475959646385
-0.04410657327094972
-0.04432780611951732
-0.044551219076954196
-0.044776838859118255
-0.045004694112870225
-0.04523485096464697
-0.04546733125989906
-0.0457021788944081
-0.0459394170954436
-0.04617909233273722
-0.046421237579694276
-0.046665921448563054
-0.046913181323207966
-0.04716308854724362
-0.04741562103936579
-0.04767081912871309
-0.04792880638139208
-0.048189525412541116
-0.04845306040423518
-0.048719455142221486
-0.04898875056019986
-0.04926099998104167
-0.04953627037417591
-0.0498146274495992
-0.05009607549222514
-0.0503806684259736
-0.05066846709025429
-0.050959554927704036
-0.051253971365413584
-0.05155185253011905
-0.05185320748429272
-0.05215810805702285
-0.05246662067823119
-0.0527787921737901
-0.05309472178447472
-0.05341446343301663
-0.05373808938640853
-0.054065681217658944
-0.05439730950021409
-0.054733025303730365
-0.05507293276748984
-0.05541710898604306
-0.05576564405843487
-0.05611860651211554
-0.056476082345887205
-0.056838165275760195
-0.05720496242417225
-0.057576333941817964
-0.05795246979469312
-0.058333602343866635
-0.058719822502462576
-0.059111292179859755
-0.05950808464956863
-0.0599103237515017
-0.06031814249608256
-0.06073161545534265
-0.06115085302970358
-0.06157601905581744
-0.062007232487741884
-0.06244464875510129
-0.06288840792314081
-0.06333865130313199
-0.06379552097967059
-0.06425917313509533
-0.06472979211489023
-0.06520751262157175
-0.06569248511626656
-0.06618495181270313
-0.06668498067476515
-0.06719282004850907
-0.06770869615989955
-0.06823274432639304
-0.0687651918354515
-0.06930625485541758
-0.06985616901036514
-0.07041515920673815
-0.07098347100262398
-0.0715612058521262
-0.07214860544909898
-0.07274594903332579
-0.07335352970255259
-0.07397164539153188
-0.07460057599856101
-0.07524062408295386
-0.07589208936784224
-0.07655529355183396
-0.07723057443690631
-0.07791827041824648
-0.07861872747354193
-0.07933233579538418
-0.08005945108927186
-0.08080047527404156
-0.08155581853055266
-0.08232591971446218
-0.08311123545273376
-0.08391221406983462
-0.0847293323498918
-0.08556309085077546
-0.086414010169933
-0.08728261401374687
-0.08816947900452785
-0.08907520814906965
-0.09000040005090014
-0.09094568153330708
-0.0919117241876694
-0.09289923315848449
-0.09390892284158281
-0.0949415716409549
-0.09599795802972866
-0.09707890831290664
-0.09818529983868493
-0.09931803048989143
-0.10047804957473715
-0.10166635574092502
-0.10288399079000443
-0.10413205753425256
-0.10541169309721027
-0.10672408909713924
-0.10807050010797076
-0.10945241212115042
-0.11087111447143884
-0.1123279764592571
-0.11382453395490015
-0.11536240323442401
-0.11694328447092715
-0.11856897175298266
-0.12024135046336205
-0.12196240838990757
-0.12373423889523859
-0.12555905191051456
-0.12743917952397468
-0.1293770843123173
-0.13137536836024102
-0.13343678371319137
-0.1355642375684795
-0.13776081088773562
-0.140029761204476
-0.14237454104084274
-0.14479880954711205
-0.1473064472575563
-0.14990156997913584
-0.15258854737608746
-0.15537202108488085
-0.15825693222004966
-0.16124852235663253
-0.16435237061883728
-0.1675744173626173
-0.17092098853489235
-0.1743988294777075
-0.17801512969021976
-0.1817775619287152
-0.1856943152888163
-0.18977413416290798
-0.19402637684496277
-0.19846105025605923
-0.2030888632357708
-0.2079212859151134
-0.21297060625180045
-0.2182500035177198
-0.22377362138317175
-0.2295566453528782
-0.23561539216483174
-0.24196740428741007
-0.24863156139011416
-0.25562819088165517
-0.2629791983988102
-0.27070793000136034
-0.2788400085281566
-0.28740302102500614
-0.2964267313773909
-0.305943274355958
-0.315987546561026
-0.3265973710226165
-0.3378137818014206
-0.34968134020627106
-0.3622486542843825
-0.37556835406559186
-0.3896979003997384
-0.4046999527485981
-0.4206429284453752
-0.43760162017416565
-0.45565789175153276
-0.47490146337068806
-0.4954308001218535
