-0.5134166748454841
-0.4922952434058867
-0.4725002043668674
-0.4539294295551453
-0.4364898496176731
-0.4200965516521051
-0.4046719728342533
-0.39014518856006214
-0.3764512726597296
-0.3635307275552555
-0.35132897177874106
-0.33979588686437573
-0.32888540389412557
-0.3185551375823964
-0.3087660538278038
-0.29948217200858573
-0.29067029555530505
-0.2822997703855633
-0.27434226574157033
-0.26677157496370707
-0.2595634285847751
-0.25269535583715613
-0.24614651292158482
-0.23989755779550784
-0.23393052572790368
-0.22822872012853257
-0.2227766120083325
-0.21755974717180615
-0.21256466086070927
-0.20777880363192558
-0.20319047010262783
-0.19878873319041862
-0.1945633870880881
-0.19050489249146907
-0.18660433095607767
-0.18285334452712507
-0.17924411846056829
-0.17576932832999623
-0.1724221070477157
-0.1691960037483815
-0.16608496488820912
-0.1630833067342701
-0.16018568772519706
-0.15738708559159395
-0.15468277081952392
-0.15206829305087277
-0.1495394529739159
-0.14709229642213717
-0.14472309339566877
-0.14242832533019836
-0.14020466942729207
-0.13804898258677575
-0.13595829418056282
-0.13392981026468473
-0.13196088040111775
-0.13004897666206136
-0.12819173330746397
-0.12638687430224785
-0.12463227974635455
-0.12292591473830519
-0.12126584433033093
-0.11965024314078493
-0.11807737405720568
-0.11654559646574078
-0.11505331009923773
-0.11359900837770637
-0.11218128938834564
-0.11079883630130395
-0.10945033857435489
-0.10813455993595852
-0.106850358861202
-0.10559661139932518
-0.10437208153102956
-0.10317590674856135
-0.10200713026650518
-0.10086477575460948
-0.09974790204823349
-0.09865572938121446
-0.09758750266813762
-0.09654240533642035
-0.09551961405438572
-0.09451849394617384
-0.09353834564037493
-0.09257849628067649
-0.09163835352704187
-0.09071730562732347
-0.0898148173693053
-0.08893027785926619
-0.08806320748533929
-0.08721302180700516
-0.08637933466884247
-0.08556164306765617
-0.08475952968004687
-0.08397255781072653
-0.08320028968030223
-0.08244233332560041
-0.08169837226662537
-0.08096785634228777
-0.08025058439096469
-0.07954624503014895
-0.07885454099902632
-0.0781751519725754
-0.07750784876989177
-0.07685223450430301
-0.07620806297064882
-0.07557515705112146
-0.07495319781508844
-0.07434194535512333
-0.07374118295575682
-0.07315068975417127
-0.07257035919083445
-0.0719999068633619
-0.07143787251443255
-0.07088566293515922
-0.0703426248115023
-0.06980885161962418
-0.06928397516219863
-0.06876803094101883
-0.06826043775493885
-0.06776145648816227
-0.06727105942036976
-0.06678889017996852
-0.0663145111693899
-0.065848507734989
-0.06539098278885776
-0.0649359484125688
-0.0644928859112135
-0.06405139244068664
-0.0636141318264674
-0.06318378931999134
-0.06275984010707082
-0.06234247512524219
-0.0619314780568816
-0.06152678374961243
-0.061128115072477195
-0.060735112184543284
-0.06034799957373841
-0.059966553945673066
-0.059590646472780555
-0.0592200900725739
-0.05885469261639861
-0.05849426460806163
-0.05813871519644164
-0.05778782808721845
-0.057441285120781255
-0.05709887863356384
-0.05676031755233669
-0.056425424602045374
-0.05609412746474462
-0.05576609250151823
-0.055440829909439666
-0.055118170817920545
-0.05479806757957777
-0.0544800015162999
-0.05416398848151697
-0.05384977568771228
-0.0535371485651694
-0.05322627649774237
-0.05291701934810408
-0.05260939027935418
-0.052303799308345035
-0.05200019761671776
-0.05169866830123244
-0.051399113048523654
-0.05110189976866514
-0.05080710461742838
-0.0505147234204664
-0.05022476270403762
-0.049937227997096184
-0.04965219563365981
-0.04936971936041136
-0.049089713201538196
-0.048812354394677286
-0.04853755421686623
-0.048265508606911686
-0.04799604116187113
-0.04772966143615093
-0.04746594716691871
-0.04720511633357668
-0.04694738700394138
-0.046692513381470464
-0.046440527758562715
-0.04619141716784049
-0.04594517376238414
-0.04570187305697748
-0.04546137200443111
-0.04522402676040769
-0.04498969088805745
-0.04475826132207878
-0.04452984011819742
-0.0443043760457334
-0.04408186238197638
-0.04386223458329597
-0.04364550281092756
-0.04343152407669427
-0.043219967293993744
-0.04301141194160916
-0.04280568469461731
-0.04260265683353819
-0.04240154146094972
-0.042202952668894976
-0.04200622705455237
-0.041812580147016054
-0.04162159206578698
-0.041432940366925804
-0.041246263605923865
-0.04106185242257148
-0.040879431709654135
-0.04069905129781303
-0.04052068582348493
-0.040344382364618674
-0.040170298926670726
-0.03999782951025688
-0.03982733131334467
-0.0396587287720336
-0.03949187091314846
-0.039327048361872466
-0.03916083769883189
-0.038999319141692676
-0.03883942163217289
-0.03867954782021115
-0.03852271088133384
-0.038367360273312105
-0.03821408284065526
-0.03806130378229428
-0.03791094448865318
-0.03776168930865037
-0.03761445663938163
-0.03746837393275123
-0.037323038967156705
-0.037180129786852735
-0.037038977976519935
-0.03689738006245814
-0.036754865940068646
-0.03661727238005175
-0.036480422649988097
-0.03634232302622974
-0.036206525546422216
-0.036071022026515055
-0.035937407974406595
-0.035808400284053604
-0.035677336345118174
-0.035547545692525835
-0.03542247901751155
-0.03529713078473176
-0.03517027068237567
-0.03504419955313038
-0.03492305060381904
-0.03479926776531171
-0.0346765586324593
-0.034557410214684704
-0.034439171705993296
-0.034322314132914485
-0.03420700741858805
-0.034091617090334175
-0.03397751043694262
-0.033864428402241645
-0.03375222529010074
-0.033641076039828
-0.0335302360952172
-0.03341958982764133
-0.033310902544886625
-0.033203311727271076
-0.033097750469964715
-0.03299142364494147
-0.032885828730369056
-0.032781095831802665
-0.03267809704713122
-0.03257605553467883
-0.03247603284115978
-0.03237657917045299
-0.03227781482747885
-0.03217887014272202
-0.032081515653461054
-0.03198486303046746
-0.03189011146609017
-0.03179528693332191
-0.03170301319957008
-0.031611491985400655
-0.03152054108044457
-0.03142936369673586
-0.03133983479171752
-0.03124991261611288
-0.031161268858128588
-0.031073392005344414
-0.030986065750409797
-0.030900201586706415
-0.030816069481929744
-0.030732283334403258
-0.03064858747884769
-0.030565986969459686
-0.0304832761227938
-0.030401908977227443
-0.03032162264825605
-0.030241991523623956
-0.030163621233862934
-0.03008501053431795
-0.03000700064037224
-0.02992979385468003
-0.029853299914026604
-0.029777198759782665
-0.02970225468494271
-0.029628159392334232
-0.029554692712814457
-0.029482320283395317
-0.029410147051893674
-0.02933825749493129
-0.029268138932457555
-0.029199031222192282
-0.029130016761903094
-0.029061484281250376
-0.02899345213181073
-0.028926164543032658
-0.028859353619731017
-0.028793103348857364
-0.028727949389775184
-0.028663215507252912
-0.028599217489688293
-0.028535972960108288
-0.028473134475195352
-0.028411028000288246
-0.02834948416582559
-0.028288507251163046
-0.028228025718829184
-0.02816798777266423
-0.0281086446177297
-0.028050053455687392
-0.02799178904278535
-0.027934336671305845
-0.027877407728013025
-0.027820992326752354
-0.027765427806186568
-0.02771042137693936
-0.027655914783056547
-0.027601916964227032
-0.027548718166231063
-0.027495860171938693
-0.027443559579201155
-0.027391663794776984
-0.027340121996033133
-0.027289355589187422
-0.027238847502141013
-0.027189213569658206
-0.02714021834160145
-0.027091587000633757
-0.027043699969906788
-0.026996385373592006
-0.026949243308219406
-0.026902643082643066
-0.026856925061077154
-0.026811705940841254
-0.026766767054897528
-0.026722486194536474
-0.026678711972878223
-0.02663492618927154
-0.02659203196554317
-0.026549907855067896
-0.026508259276819882
-0.026467130523498885
-0.026426325943515162
-0.026385947941832338
-0.026346074026707706
-0.02630661427275747
-0.026267566810587634
-0.026228906438420702
-0.026190730046851764
-0.02615281805670375
-0.026115317667337802
-0.026078177657103147
-0.026041400253749777
-0.02600485513888237
-0.025968499015227752
-0.02593243282243322
-0.02589715874503463
-0.025862129007232393
-0.02582760892561866
-0.025793276199274257
-0.025759485826478128
-0.025725918256383613
-0.025692972561641565
-0.025660398128368286
-0.02562804096179093
-0.025595899554287514
-0.02556417571269858
-0.025532878781269423
-0.025502056165193417
-0.025471239833644185
-0.02544070757564371
-0.02541053326282301
-0.025380687678743068
-0.025351153435439207
-0.025321909904190584
-0.025292904279519617
-0.02526420914004296
-0.025235738662753696
-0.025207529958025558
-0.025179612656284812
-0.025151963821464698
-0.025124766205225618
-0.02509779670549455
-0.025070942930137837
-0.0250444741959242
-0.02501813150116619
-0.02499205903193116
-0.024966098737644597
-0.024940148477896038
-0.02491442290128589
-0.024888824079896326
-0.024863407654192135
-0.0248383585796244
-0.024813612015756114
-0.02478919131078343
-0.024765004530006476
-0.02474117301607047
-0.024717712230574465
-0.024694436893781837
-0.024671751105329112
-0.024649655218854493
-0.02462825929272004
-0.02460762693501779
-0.02458799003344193
-0.024569374944383042
-0.024551838363493863
-0.024535372538003794
-0.024519863954610255
-0.024505414657874612
-0.024491887023977695
-0.024479270468126577
-0.02446752984061021
-0.024456803239153568
-0.024446815310359443
-0.02443762094113767
-0.02442914462542335
-0.024421319059638756
-0.024413984262992003
-0.024407197876580675
-0.02440083140129689
-0.02439494227014317
-0.024389334204112996
-0.0243843273765872
-0.024379590144419882
-0.024375112082882112
-0.02437099951300924
-0.024367292967353585
-0.024363709230983015
-0.024360533463015033
-0.02435737919313137
-0.024354664317192597
-0.024352181228958353
-0.024349949699653463
-0.024347943225758447
-0.024346163788851013
-0.02434459509045029
-0.02434319957949223
-0.024342073265209895
-0.02434122738893971
-0.02434056118081086
-0.024340211431987266
-0.024340086702873416
-0.024340257151632586
-0.024340800067274234
-0.0243416387998614
-0.024342864468087082
-0.02434405394196754
-0.02434548110282319
-0.024347020703314574
-0.024349050453291592
-0.024351391560847535
-0.024354001054823268
-0.02435677020220313
-0.02435978458247672
-0.024363149283266022
-0.024366792089908756
-0.02437070906086548
-0.024374887188322626
-0.024379373981658205
-0.02438419037690802
-0.024389329455403244
-0.024394749845260556
-0.024400362628967852
-0.024406345552144937
-0.024412645925261732
-0.024419278109377725
-0.024426209877834927
-0.02443344136926918
-0.02444098799497434
-0.02444885573948104
-0.024457061944359967
-0.024465598690963278
-0.024474523807686704
-0.024483812148461282
-0.02449343254699057
-0.02450336052535214
-0.02451361724211837
-0.02452423047660244
-0.02453509030443383
-0.024546335423020413
-0.02455799893065132
-0.024569991362592494
-0.024582366860485618
-0.024595001207766115
-0.024607913852910137
-0.024621191449653464
-0.024634804495122096
-0.024648791570725553
-0.02466310748657156
-0.02467780765553836
-0.024692846279683208
-0.02470822122667392
-0.024723924272439378
-0.02473994034140136
-0.024756323986646518
-0.024773048285645135
-0.024790026864946725
-0.024807452036099378
-0.024825215667676086
-0.024843204333271793
-0.024861741868539816
-0.024880435217936415
-0.0248996912687508
-0.024919222356386002
-0.024939103123785375
-0.024959356885326276
-0.024979916085355346
-0.025000845345119708
-0.02502207930988532
-0.025043511552006674
-0.025065287333991527
-0.025087314100809822
-0.02510964423299976
-0.025132246273801045
-0.02515516172320205
-0.02517837374088045
-0.02520199208904511
-0.025225794218827827
-0.025250043147991653
-0.02527465636128663
-0.025299604054099943
-0.02532486716689267
-0.025350268191189428
-0.02537617436407165
-0.025402312984913796
-0.025428815694611306
-0.02545556301512836
-0.025482575105858652
-0.02551001858719428
-0.025537599812769016
-0.02556550345461576
-0.02559376424577461
-0.025622468555839065
-0.025651586054831962
-0.02568102053561683
-0.025710808179014295
-0.02574087778695365
-0.025771429938448442
-0.025802210719734688
-0.025833279362528733
-0.025864680524487645
-0.02589641916663572
-0.02592845680636597
-0.025960764966545737
-0.02599351013008717
-0.02602662297655188
-0.02606008403834432
-0.026093906290692574
-0.026128007697819707
-0.02616248131791104
-0.026197294918115382
-0.026232544985634248
-0.02626842498264814
-0.026304508554909106
-0.026341061957066297
-0.02637784251882289
-0.026415139734452
-0.026452578225542984
-0.026490563972250546
-0.026528913399598814
-0.026567656844523883
-0.026606775831385047
-0.02664628947380368
-0.0266861897267486
-0.026726443351123074
-0.026767135498488793
-0.026808282371189124
-0.026849776610689532
-0.02689150170643704
-0.026933697801118085
-0.02697636630886009
-0.02701952883227244
-0.027063095537445896
-0.027106967065401655
-0.027151275170451176
-0.027196354203760036
-0.0272409625153834
-0.0272854956272833
-0.02733033776541466
-0.02737517140463229
-0.027420325406013715
-0.02746582025190541
-0.027511665808338144
-0.02755823787455957
-0.027604947030681917
-0.027652072423385365
-0.02769941039669923
-0.02774705027756605
-0.02779511963508094
-0.027843548181703637
-0.027892306029486794
-0.027941452750351713
-0.02799093719656367
-0.028040849819173434
-0.028091235299521046
-0.028141910218975205
-0.028192956320718388
-0.028244378600182227
-0.028296136523532394
-0.028348391616447165
-0.028400951749273963
-0.028453985990470734
-0.02850739393267444
-0.028561170218092333
-0.02861534854449006
-0.02867023272644526
-0.02872533974500169
-0.0287807244907253
-0.028836478672239655
-0.0288928345573914
-0.028949567086993644
-0.029006624944332992
-0.029064041010313416
-0.029121862123901335
-0.02918021461002679
-0.02923891773107432
-0.029298138506757294
-0.02935772815257645
-0.02941794826916429
-0.029478390672822936
-0.02953931552736662
-0.029600622941217045
-0.02966237039806001
-0.029724509777952407
-0.02978715791616774
-0.029850305363007024
-0.029913750427604493
-0.02997785101726383
-0.030042317458817823
-0.030107295782155877
-0.030172652092885263
-0.030238497738307425
-0.03030475202459916
-0.030371443779920702
-0.03043886450115954
-0.0305065702466174
-0.03057465741350447
-0.0306432736091919
-0.030712298174560886
-0.03078184722362128
-0.03085174551796923
-0.03092205486556132
-0.03099283287742203
-0.031064133044390475
-0.031135879647413846
-0.031208083502334644
-0.0312807607817521
-0.03135393101427718
-0.031427546655774505
-0.03150180657449582
-0.03157642592798676
-0.03165153278667224
-0.031727153154727177
-0.031803290154890786
-0.031880220822312774
-0.031957284908498
-0.03203501808172496
-0.03211315073985024
-0.03219175241516047
-0.03227101782834066
-0.032350770191662395
-0.03243105020188594
-0.03251187978210045
-0.03259323032210698
-0.032675263149642926
-0.03275745480396539
-0.03284018606795737
-0.032923787611840824
-0.033007792368587065
-0.03309244803559158
-0.033177803585555304
-0.03326363794331097
-0.03334989999199382
-0.03343685062011923
-0.03352441913912771
-0.03361243263120337
-0.03370082466613922
-0.03379011848124539
-0.03387986192091596
-0.03397025203555513
-0.034061215015940415
-0.03415277846966001
-0.034244936866741224
-0.034337729604099934
-0.03443080612336154
-0.03452474341637908
-0.034619088584587954
-0.03471445873341929
-0.0348099939272387
-0.03490601827067882
-0.03500276110318442
-0.03510001235808421
-0.035197894677776696
-0.03529637991693657
-0.035395676487649054
-0.035495584625346945
-0.035596580305849286
-0.03569793141680926
-0.035800270331312306
-0.03590336024740696
-0.03600696205189347
-0.03611130862929025
-0.03621639767601893
-0.03632228334242198
-0.03642880210723861
-0.03653594685391229
-0.03664383217431077
-0.036752252735273265
-0.0368614957762505
-0.03697147588790846
-0.0370822019253086
-0.03719402547240142
-0.0373061451414169
-0.03741924729431997
-0.0375336729629371
-0.03764891242002058
-0.03776437027071928
-0.037880423855307724
-0.03799736245318625
-0.03811551790940713
-0.03823431240019655
-0.0383558876389486
-0.038476174550508564
-0.03859939703526997
-0.038723270015955324
-0.038846481075384375
-0.03897072663825664
-0.03909687139848136
-0.03922303364926395
-0.03935004740835189
-0.03947954984396556
-0.03960847349633153
-0.03973798031030022
-0.03986838113445956
-0.040000200079478285
-0.04013448009248988
-0.0402696037481467
-0.04040534159592527
-0.04054150498880373
-0.04067975861563123
-0.04081888853182767
-0.040959201456683525
-0.04110055747506663
-0.04124228480711649
-0.04138575458875708
-0.04153040098890658
-0.04167610531133142
-0.041822540327783896
-0.041970383460967674
-0.04211944784989731
-0.042269634985289815
-0.042420998277144545
-0.04257358909211019
-0.04272732350219395
-0.042882329130970495
-0.043038573227067556
-0.043196005967857096
-0.043354606749516474
-0.043514493388078515
-0.0436757148511764
-0.04383834819743464
-0.04400226546323443
-0.044167627762494374
-0.04433434175919241
-0.04450231310543988
-0.04467175927981344
-0.04484257993569157
-0.045014853496232646
-0.04518855401721664
-0.04536372614772138
-0.04554036731867644
-0.045718519145159106
-0.04589817213943245
-0.04607932547498103
-0.046262043664312955
-0.04644629078313011
-0.04663211265855131
-0.04681959833012773
-0.04700872598420167
-0.04719948546791605
-0.04739198044283307
-0.047586161385887345
-0.04778205382284083
-0.04797968308133371
-0.04817912222868187
-0.04838034116488253
-0.048583388174347035
-0.04878824774507246
-0.04899490686049664
-0.049203464985094904
-0.04941390347892975
-0.049626252999387756
-0.049840564917229095
-0.05005683578189835
-0.05027513250477539
-0.050495465916160366
-0.05071789406814343
-0.050942363018608924
-0.051168937209619306
-0.05139759049104991
-0.051628361126402046
-0.05186133959057739
-0.05209651206551916
-0.05233389594724568
-0.052573527635306615
-0.05281543339585209
-0.05305962116717522
-0.053306179552196506
-0.05355521806498314
-0.05380665078216882
-0.054060525099613864
-0.05431685821550372
-0.05457567675774142
-0.05483698350754292
-0.055100825523630756
-0.05536724883128273
-0.055636225507016385
-0.055907811141238065
-0.05618200733458705
-0.05645881989621266
-0.056738334676839544
-0.057020544083279744
-0.05730549890852095
-0.05759318140642098
-0.057883618303445385
-0.05817688134272529
-0.05847298612945545
-0.05877193786726093
-0.05907378423282901
-0.059378460748635925
-0.05968620576699512
-0.059996852835154636
-0.06031057415149153
-0.0606273988536967
-0.06094741385302362
-0.06127065877715034
-0.06159720796342976
-0.06192716806433695
-0.06226057981486778
-0.06259751571333637
-0.06293804991011621
-0.06328232074172085
-0.06363047989672879
-0.06398262258430346
-0.06433891123126805
-0.06469943810589034
-0.06506433191619423
-0.0654337026663108
-0.06580768209586425
-0.06618640629407134
-0.06656995413022278
-0.06695847976680205
-0.06735208753830002
-0.06775088135628046
-0.06815499791608508
-0.06856441191893393
-0.06897934550718679
-0.0694000032761243
-0.0698265150186683
-0.07025902435646969
-0.07069770847423106
-0.07114270232970553
-0.07159414430740174
-0.07205224257512947
-0.07251714527906285
-0.07298900959754129
-0.07346801596822508
-0.0739542721855438
-0.07444807708686764
-0.0749494179207761
-0.07545874127223684
-0.07597604186824468
-0.07650161007699746
-0.07703566500896983
-0.07757839768624929
-0.07812997574285938
-0.0786906040186533
-0.0792605501205056
-0.07984013590813978
-0.08042956024222322
-0.08102904295700245
-0.0816388484896086
-0.08225926421793162
-0.08289048816153363
-0.0835327827081354
-0.08418649100499964
-0.08485180005346764
-0.0855290464252048
-0.08621853888916037
-0.08692061844241977
-0.08763558285527974
-0.08836386175525372
-0.08910575906232059
-0.08986172442282027
-0.09063209047734617
-0.09141727398654131
-0.09221779861105318
-0.0930340484141428
-0.09386787652735307
-0.09471816679661986
-0.0955856930539037
-0.09647099813905588
-0.09737462549297934
-0.09829718229241358
-0.09923931101004402
-0.10020165847844162
-0.10118494315476116
-0.10218989169784369
-0.10321724469565881
-0.10426780221808607
-0.10534239019336934
-0.10644176284110049
-0.1075668655556723
-0.10871860123485091
-0.10989791450793585
-0.11110581057728569
-0.1123433234921916
-0.11361158358182685
-0.11491174891406791
-0.11624501454569963
-0.11761265483739533
-0.11901598955827117
-0.12045638565059152
-0.12193530122072944
-0.12345428541518648
-0.12501496151852626
-0.1266190608176026
-0.1282683779090518
-0.12996483918909307
-0.13171048258523962
-0.13350743629173528
-0.13535797500580815
-0.13726451825761418
-0.13922959945713084
-0.14125592189707759
-0.14334635035515356
-0.14550395174517824
-0.14773185656094417
-0.15003359136268038
-0.15241279007380085
-0.1548733254085828
-0.15741930916353533
-0.16005538424935742
-0.1627859307677896
-0.165615917570822
-0.1685506330140864
-0.1715957204288951
-0.1747572020513654
-0.17804149143947043
-0.18145545673060265
-0.18500643525264276
-0.18870227570390133
-0.1925513847420442
-0.19656277303433128
-0.200746102575911
-0.20511173984304443
-0.2096708219985344
-0.2144353163100294
-0.21941809464441928
-0.22463301230519547
-0.23009499566039252
-0.23582014801519616
-0.24182582342463485
-0.24813078093720872
-0.2547552997521524
-0.261721317948913
-0.2690526063387282
-0.2767749353084583
-0.2849162866545417
-0.2935070641922273
-0.3025803280308678
-0.31217370247754017
-0.3223250681248108
-0.333077216204642
-0.3444769452861467
-0.3565754659364687
-0.36942888681261704
-0.38309876116601776
-0.39765270280737014
-0.4131650872325309
-0.42972071494118186
-0.44740726800096525
-0.4663246086793653
-0.48658332515451586
