-0.5023926819415114
-0.4809115408599651
-0.4608178085913015
-0.44200217523887475
-0.4243654694604758
-0.40781757199177227
-0.3922764605204115
-0.3776673695191994
-0.3639220568773379
-0.35097813012652646
-0.3387784768488115
-0.32727074911556947
-0.3164069762844154
-0.3061430168460193
-0.29643829732471294
-0.2872554612230785
-0.2785600775895533
-0.270320378185743
-0.26250702474809284
-0.2550928990433499
-0.2480529075070771
-0.24136381231849746
-0.235004077332307
-0.2289537249698897
-0.22319421227474184
-0.2177083042298681
-0.21247997897734394
-0.20749432990251782
-0.20273747508973539
-0.19819648156122202
-0.19385929730066195
-0.18971466184689634
-0.18575207201257757
-0.18196171754849622
-0.17833443866856344
-0.1748617596656409
-0.1715356734109659
-0.1683487066303969
-0.165293850944807
-0.16236455086452192
-0.15955465657851453
-0.1568584299632049
-0.15427047606805305
-0.15178576820795414
-0.14939958919176696
-0.1471074836434468
-0.14490524203464716
-0.14278892493770176
-0.1407547574560535
-0.13879913174076894
-0.1369186794237662
-0.13511022275239595
-0.1333707638540654
-0.13169748447203677
-0.13008771368012964
-0.1285389939432841
-0.12704895088183807
-0.12561524050392664
-0.12423587759330784
-0.12290890067367362
-0.12163244839181098
-0.12040473439729424
-0.1192241207910389
-0.11808901752474675
-0.11699798218328038
-0.11594963608357138
-0.114942474515679
-0.11397523714046921
-0.11304676087195692
-0.11215592571099157
-0.11130165330110374
-0.11048296790901004
-0.10969881482399466
-0.10894848342596432
-0.10823108685280297
-0.10754586386211798
-0.10689193458843393
-0.10626863470952494
-0.10567526312367213
-0.10511125609880326
-0.10457598047059086
-0.10406884659596004
-0.10358942642896252
-0.10313712996223938
-0.10271155748068457
-0.10231235248166522
-0.10193905289154849
-0.10159133049756394
-0.10126881377306948
-0.10097128482499768
-0.10069839854652755
-0.10044988957525368
-0.10022561045320014
-0.10002530378662677
-0.09984877361758233
-0.0996959262250321
-0.09956665263146623
-0.099460711535311
-0.0993781085019731
-0.09931878746207738
-0.09928272909224972
-0.0992699031239641
-0.09928030805861988
-0.09931399019212425
-0.09937104062366096
-0.09945151156701465
-0.09955546890643402
-0.09968305978267943
-0.09983446089290306
-0.1000098185184727
-0.10020930600294116
-0.10043316516378024
-0.10068168426621621
-0.10095512387893084
-0.1012537128691269
-0.10157782843920778
-0.10192764459038049
-0.10230372604595722
-0.10270645719190293
-0.10313628857253113
-0.10359370175910566
-0.1040792000489838
-0.10459343580714778
-0.10513710559193938
-0.10571063099817546
-0.1063146875204251
-0.10694996749021222
-0.10761724414367164
-0.108317269912305
-0.10905090376674019
-0.1098190311937988
-0.11062260156566646
-0.11146260252512251
-0.11234009120102878
-0.11325618785687362
-0.11421204604892013
-0.11520891209084147
-0.1162481268306001
-0.11733108600200451
-0.1184592762202194
-0.11963428555896033
-0.12085776353186922
-0.12213141445851375
-0.12345715867048908
-0.12483701064080739
-0.12627300822666254
-0.12776738821306405
-0.12932246659933305
-0.13094069132376918
-0.13262486666036039
-0.13437776658960826
-0.13620234267171277
-0.13810178211650037
-0.1400794312731693
-0.14213882638482747
-0.14428365784024763
-0.14651785398599299
-0.14884554915431902
-0.1512711121742067
-0.1537991572335442
-0.15643465119929578
-0.15918294495659852
-0.16204976589845366
-0.16504123798789955
-0.16816394311741847
-0.1714248883915634
-0.1748316009354063
-0.17839209170420312
-0.1821149604320348
-0.18600940514031908
-0.19008527024737182
-0.1943531046676261
-0.19882421145577575
-0.20351071185463507
-0.20842562530264125
-0.21358294378718312
-0.2189976894059308
-0.2246860352538964
-0.23066538936708436
-0.23695450927415712
-0.24357361405325326
-0.2505445960272377
-0.257890965005246
-0.26563819742995426
-0.2738138563799302
-0.28244778462441045
-0.2915723236788685
-0.3012224615890838
-0.3114363387693982
-0.3222553493620948
-0.33372453449701106
-0.34589295768046086
-0.3588141270972238
-0.3725464700485907
-0.38715386572796084
-0.4027062446786683
-0.4192802517685419
-0.4369600465655788
-0.4558381529463907
-0.4760164534955603
-0.49760731805848857
