-0.5024034845780669
-0.48085059061639407
-0.4606952883298111
-0.44182688291845695
-0.4241450128296984
-0.4075585342206857
-0.39198454182748144
-0.37734750823944985
-0.3635785331837783
-0.35061465461083546
-0.3383982685024179
-0.32687660010861597
-0.3160013089784524
-0.30572793319250297
-0.2960156213104037
-0.2868267759566558
-0.2781267570829846
-0.26988361588002324
-0.2620678577480606
-0.25465222950250954
-0.24761152137638792
-0.24092239572216603
-0.23456323119545802
-0.2285139776239875
-0.22275603063721172
-0.21727210374663267
-0.21204613260234922
-0.2070631750373121
-0.2023093205076679
-0.19777161323409012
-0.19343798306994933
-0.18929715517784357
-0.18533861473184776
-0.18155254193832385
-0.17792976778239528
-0.17446180852931514
-0.17114064548777072
-0.16795879196028174
-0.16490922058531798
-0.16198534955255797
-0.15918099298677252
-0.1564903654426532
-0.15390800681047467
-0.15142882294874463
-0.14904801376537527
-0.1467610461672065
-0.14456364753053125
-0.14245183946859952
-0.1404218356148816
-0.13847004056646392
-0.1365931136328027
-0.13478791188338646
-0.13305147297210015
-0.1313810111104994
-0.12977388304265816
-0.12822765365400868
-0.12673996668938772
-0.12530849255653614
-0.12393125689008222
-0.12260630672510217
-0.12133178755218364
-0.12010591832703259
-0.11892706544691008
-0.11779364246175929
-0.11670420993060046
-0.11565739133905545
-0.11465164273251732
-0.11368574760465947
-0.11275854893631311
-0.1118689283919659
-0.11101580922135963
-0.11019821722034648
-0.10941509956449247
-0.10866574643219376
-0.10794927256599504
-0.10726491808985143
-0.1066118047646133
-0.10598926945530264
-0.10539661230772092
-0.10483327073167016
-0.10429861277012616
-0.10379204996131261
-0.10331315510891215
-0.10286133934175216
-0.10243620381575633
-0.10203739272965326
-0.10166444488844874
-0.10131703278313614
-0.10099478561368
-0.10069748589967498
-0.10042478939400341
-0.10017643120590917
-0.09995226428487793
-0.0997520318356797
-0.09957553829173044
-0.09942269028107649
-0.09929337917659392
-0.09918736429138182
-0.09910465134295347
-0.0990451845936612
-0.0990089449313343
-0.09899590243665649
-0.09900605586616225
-0.09903945178645931
-0.09909618145874813
-0.09917629744308515
-0.09927986593097397
-0.09940703429302028
-0.09955797943255576
-0.09973284809278535
-0.09993181385735896
-0.10015511889022931
-0.1004030516909354
-0.1006758732983673
-0.10097381298864488
-0.10129724840895911
-0.10164635423128905
-0.10202169544571486
-0.10242365696078366
-0.10285268991774148
-0.10330927640103113
-0.10379392039794336
-0.10430727465551669
-0.10485003662892996
-0.10542262844194907
-0.10602572628042628
-0.10666002308895975
-0.10732629272978794
-0.10802528813970708
-0.1087578687689768
-0.10952492035214807
-0.11032739239907295
-0.11116627239697166
-0.11204261710065103
-0.11295754595793077
-0.1139122111855167
-0.11490785716079228
-0.11594582205712337
-0.1170274978925606
-0.11815436641480495
-0.11932800934700495
-0.12055006812742992
-0.12182223691367061
-0.12314642316936227
-0.1245246253863755
-0.12595886186248373
-0.12745134555646415
-0.12900436389833483
-0.13062033128030912
-0.13230201235505554
-0.1340521363791127
-0.13587360659894973
-0.13776956149505143
-0.13974330446749283
-0.14179834365956664
-0.1439383679271002
-0.1461673420579258
-0.14848947771109028
-0.15090925303657024
-0.15343140397300423
-0.15606100831185826
-0.15880350074063737
-0.1616646637468311
-0.16465064811780095
-0.1677680451190581
-0.17102386095130173
-0.17442561780723326
-0.17798132202663627
-0.18169957193666655
-0.18558954857204515
-0.18966112489953965
-0.19392486531861472
-0.1983920941806293
-0.20307496121004606
-0.2079865206031103
-0.2131408050782507
-0.21855288594727795
-0.22423899277366155
-0.23021659781052395
-0.2365045332439577
-0.24312310206150298
-0.2500942915250139
-0.2574417193132741
-0.2651909846135983
-0.27336978917331933
-0.2820081329728488
-0.2911385359125175
-0.30079618869823266
-0.3110194621515532
-0.32185001259684504
-0.3333331799327351
-0.3455183688563911
-0.35845947769124165
-0.3722153786278403
-0.38685046211416513
-0.40243524447882856
-0.4190470433944921
-0.436770792187707
-0.4556999058212395
-0.47593729469736973
-0.49759651542193306
