-0.49996941527558425
-0.3947001866744431
-0.31427495230953645
-0.25273732701706114
-0.20556707623482787
-0.1693324766471624
-0.14142715708275666
-0.11987080946265659
-0.10315819526804537
-0.09014469176832321
-0.07995951196092733
-0.07193987249694497
-0.06558105457824549
-0.060498469601612134
-0.0563988829173233
-0.05305854217308779
-0.050306569742591525
-0.048012333101513864
-0.046075842610281526
-0.04442047316266148
-0.042987390130164824
-0.04173134136008395
-0.04061743741312133
-0.03961870715693516
-0.038714228837375256
-0.03788772287208719
-0.03712645224266401
-0.036420409670397856
-0.03576168274811797
-0.03514397473728016
-0.03456223621754941
-0.03401238243347592
-0.033491079731175294
-0.03299556949910033
-0.03252358138809816
-0.03207317599393161
-0.0316426627284548
-0.03123067488115094
-0.030835989413425705
-0.03045753069825179
-0.03009434979685328
-0.029745597983643852
-0.029410506261702104
-0.029088380030255222
-0.028778585629290795
-0.028480543729624976
-0.02819371558536172
-0.027917606804520097
-0.027651758488461978
-0.02739573544824217
-0.02714913528261752
-0.026911579956570002
-0.026682724672446683
-0.026462241721018975
-0.026249821100523468
-0.026045172265153634
-0.025848031286556116
-0.02565811393024847
-0.025475192530500335
-0.025299037844727344
-0.025129435702694748
-0.02496617464642279
-0.02480906043950672
-0.02465790109453566
-0.024512526843068982
-0.02437273677422329
-0.0242384020109827
-0.024109377691284593
-0.023985529414135752
-0.0238667249757161
-0.023752832145040606
-0.023643730901826823
-0.02353931812140506
-0.023439477926212798
-0.023344110379050455
-0.023253123166634606
-0.023166421642147075
-0.023083914457335
-0.02300552580486979
-0.022931178991907504
-0.02286079954225382
-0.022794323570361735
-0.02273168511836987
-0.022672820105883285
-0.022617681118437347
-0.02256621889821681
-0.022518375950503815
-0.022474109552563997
-0.022433378915042976
-0.022396142924218907
-0.022362373667746294
-0.02233202721528182
-0.022305079064685856
-0.022281506917786194
-0.02226127885376502
-0.022244387196729304
-0.02223081090708665
-0.02222052988307032
-0.02221353179733752
-0.0222098185066073
-0.022209379932885333
-0.022212217375551638
-0.022218320786220394
-0.02222770441560217
-0.022240370022999945
-0.022256330624531577
-0.02227558592728139
-0.022298159992462385
-0.0223240672252161
-0.02235333300091816
-0.022385968059835733
-0.022422010904052502
-0.02246148719059139
-0.02250443810141225
-0.022550882756841056
-0.02260087783222999
-0.022654431427940425
-0.02271162126909743
-0.02277248490615707
-0.022837085033307183
-0.022905472537518196
-0.0229777167545631
-0.02305388993061855
-0.0231341201514214
-0.023218422166478635
-0.02330689026289668
-0.02339960410469458
-0.023496668447472037
-0.02359817024265018
-0.02370422451219237
-0.023814934888965262
-0.02393042501623993
-0.024050814933176443
-0.02417623997141588
-0.024306843937451736
-0.02444276384985112
-0.02458415428795963
-0.02473119048896391
-0.024884044204085676
-0.025042903725106973
-0.0252079639973687
-0.025379436571490437
-0.025557537694686754
-0.025742499226414688
-0.025934566077850944
-0.02613400347155221
-0.02634107931575752
-0.02655608901166132
-0.026779327328721403
-0.0270111621620378
-0.027251932427192208
-0.027502005743546068
-0.027761778752392233
-0.028031676377831855
-0.028312155414859826
-0.028603695367981404
-0.028906827037084557
-0.029222123034915913
-0.02955020289005074
-0.029891732680418837
-0.030247439277030497
-0.030618126380826827
-0.0310046849571476
-0.03140810335668169
-0.03182950169214888
-0.03227014079785054
-0.03273149577504645
-0.033215243957523524
-0.0337233787187258
-0.034258215107762266
-0.03482257623491149
-0.0354198393866336
-0.036054130514708654
-0.03673053957682396
-0.03745540004008273
-0.038236654241141456
-0.03908433107215464
-0.04001119226597813
-0.04103348453645416
-0.04217210036376099
-0.04345391405663544
-0.044913685618894784
-0.046596569123354296
-0.0485611550893152
-0.05088376244358198
-0.05366395390726696
-0.05703181602821549
-0.061157493663471785
-0.0662638417212777
-0.07264296191601151
-0.08067803529688879
-0.09087207174829393
-0.10388578774095855
-0.12058752025372503
-0.14211904552922439
-0.16998237713350656
-0.20615428153702903
-0.25323744603143944
-0.3146600531164097
-0.39493944377569934
-0.5000305847244157
