-0.5024034855250642
-0.4808505949606281
-0.46069529564484524
-0.44182689280986315
-0.4241450249357813
-0.4075585482124446
-0.3919845574078973
-0.3773475251423396
-0.3635785511722383
-0.3506146734747206
-0.3383982880523252
-0.3268766201767587
-0.3160013294154407
-0.3057279538653758
-0.296015642100373
-0.286826796757521
-0.27812677779791317
-0.2698836364229775
-0.2620678780415578
-0.25465224947679654
-0.24761154096885252
-0.24092241487729235
-0.2345632498636568
-0.228513995762667
-0.2227560482080977
-0.2172721207151172
-0.21204614895086168
-0.2070631907402491
-0.20230933554799999
-0.19777162762538292
-0.19343799647021098
-0.18929716766162313
-0.18533862635527182
-0.18155255274070453
-0.17792977779280109
-0.1744618177615976
-0.17114065394671665
-0.16795879964432114
-0.16490922748807194
-0.161985355663851
-0.15918099829329113
-0.15649036992863588
-0.15390801046097424
-0.1514288257436823
-0.14904801568561488
-0.1467610471931696
-0.14456364764248217
-0.14245183864699063
-0.14042183384073145
-0.13847003782177159
-0.13659310990082388
-0.1347879071490312
-0.13305146722245445
-0.1313810043355265
-0.12977387523590067
-0.12822764481322846
-0.1267399568177965
-0.12530848166356534
-0.12393124499253808
-0.12260629384883635
-0.12133177373390654
-0.12010590361500198
-0.1189270499044702
-0.11779362617103276
-0.1167041929947675
-0.1156573738860297
-0.11465166698193732
-0.11368577190376998
-0.1127585695069998
-0.1118689457116678
-0.11101582370515023
-0.11019822923207562
-0.10941510942531796
-0.10866575442372994
-0.10794927893841777
-0.10726492306670972
-0.10661180854701541
-0.1059892722258504
-0.10539661420895693
-0.10483327190213802
-0.10429861333493705
-0.10379205003294327
-0.10331315478834242
-0.10286133871975643
-0.10243620297353967
-0.10203739173962902
-0.10166444381474725
-0.1013170316817302
-0.10099478453210413
-0.10069748488247973
-0.10042478842016406
-0.10017643031088011
-0.09995226344180823
-0.09975203110236017
-0.0995755377029216
-0.09942268985007431
-0.09929337889542426
-0.09918736412435278
-0.099104651321291
-0.09904518470602672
-0.09900894516645793
-0.0989959027956596
-0.0990060563858791
-0.09903945248856637
-0.09909618234741015
-0.09917629852226496
-0.0992798672044363
-0.09940703576540931
-0.09955798111020898
-0.09973284991611878
-0.0999318158125066
-0.100155120966761
-0.10040305387814279
-0.10067587558580335
-0.10097381536650851
-0.10129725086853658
-0.1016463567654413
-0.10202169804941964
-0.10242365963177053
-0.1028526926572666
-0.10330927921465834
-0.10379392329602748
-0.10430727765275782
-0.10485003974188874
-0.10542263167756555
-0.10602572960626286
-0.10666002648382496
-0.10732629618789345
-0.10802529166006863
-0.10875787235324093
-0.1095249240041051
-0.11032739612543442
-0.11116627620977478
-0.11204262102335384
-0.11295755001278093
-0.11391221538714817
-0.11490786152263172
-0.11594582659226743
-0.11702750261329703
-0.11815437133636682
-0.11932801448620341
-0.12055007346900334
-0.12182224245719331
-0.12314642891586876
-0.12452463133906232
-0.1259588680264417
-0.12745135193798518
-0.12900437050519434
-0.13062033812147805
-0.13230201944340791
-0.13405214372350988
-0.1358736142092811
-0.13776956938184678
-0.1397433126414229
-0.14179835213115216
-0.14393837670667814
-0.14616735115583937
-0.14848948713747884
-0.15090926280135142
-0.15343141408555733
-0.15606101878095285
-0.15880351157441414
-0.16166467495274855
-0.16465065970253864
-0.16776805708841455
-0.17102387331009097
-0.17442563055919125
-0.17798133517427378
-0.18169958548087373
-0.18558956253174635
-0.18966113927061107
-0.19392488009401723
-0.19839210935616905
-0.203074976773114
-0.20798653653866572
-0.21314082136969292
-0.21855290257348664
-0.22423900970977131
-0.23021661502428314
-0.23650455070258977
-0.24312311972600692
-0.25009430934982135
-0.25744173724613967
-0.2651910025950985
-0.27336980713616194
-0.28200815084125747
-0.29113855360155244
-0.30079620611304436
-0.3110194791863513
-0.3218500291343587
-0.3333331958431471
-0.3455183839963058
-0.358459491902919
-0.3722153917371521
-0.386850473931005
-0.4024352547955236
-0.41904705198519654
-0.4367707988079223
-0.4556999102075466
-0.47593729656745
-0.4975965144749358
