-0.5024034845781239
-0.48085059061644647
-0.46069528832985823
-0.44182688291849864
-0.4241450128297344
-0.40755853422071686
-0.39198454182750875
-0.37734750823947383
-0.3635785331837995
-0.3506146546108536
-0.3383982685024333
-0.3268766001086297
-0.31600130897846507
-0.3057279331925142
-0.29601562131041476
-0.2868267759566666
-0.27812675708299467
-0.2698836158800337
-0.26206785774807123
-0.2546522295025202
-0.24761152137639914
-0.24092239572217833
-0.2345632311954711
-0.22851397762400122
-0.22275603063722635
-0.2172721037466475
-0.21204613260236427
-0.20706317503732868
-0.20230932050768474
-0.1977716132341072
-0.19343798306996704
-0.1892971551778655
-0.18533861473187124
-0.18155254193834836
-0.17792976778242087
-0.17446180852934226
-0.17114064548779884
-0.16795879196031088
-0.1649092205853483
-0.16198534955258923
-0.15918099298680463
-0.15649036544268596
-0.15390800681050845
-0.151428822948775
-0.14904801376540336
-0.1467610461672364
-0.1445636475305627
-0.14245183946862938
-0.14042183561491267
-0.13847004056649448
-0.13659311363283458
-0.1347879118834196
-0.1330514729721353
-0.13138101111053063
-0.1297738830426882
-0.12822765365405056
-0.12673996668943727
-0.1253084925565887
-0.12393125689013292
-0.12260630672515119
-0.12133178755223067
-0.12010591832707745
-0.11892706544695296
-0.11779364246179942
-0.11670420993063912
-0.11565739133909259
-0.11465164273255012
-0.11368574760468883
-0.11275854893633828
-0.11186892839198637
-0.11101580922135763
-0.1101982172203426
-0.10941509956448779
-0.10866574643218269
-0.10794927256598723
-0.10726491808984172
-0.10661180476460229
-0.10598926945529061
-0.10539661230770815
-0.10483327073165796
-0.10429861277009808
-0.10379204996128724
-0.10331315510888778
-0.10286133934174399
-0.10243620381575233
-0.10203739272964482
-0.10166444488846045
-0.1013170327831472
-0.10099478561369042
-0.10069748589968462
-0.10042478939401317
-0.10017643120591836
-0.09995226428488613
-0.09975203183568755
-0.09957553829173756
-0.09942269028108294
-0.09929337917659983
-0.0991873642913869
-0.09910465134295753
-0.09904518459366389
-0.0990089449313355
-0.09899590243665625
-0.09900605586616014
-0.09903945178645591
-0.09909618145874317
-0.09917629744307899
-0.09927986593096653
-0.09940703429301172
-0.09955797943254675
-0.09973284809277579
-0.09993181385734909
-0.10015511889021941
-0.10040305169092613
-0.10067587329835918
-0.10097381298863756
-0.10129724840895288
-0.10164635423128393
-0.10202169544571056
-0.10242365696078073
-0.1028526899177395
-0.10330927640103083
-0.10379392039794397
-0.10430727465551867
-0.10485003662893337
-0.10542262844195417
-0.1060257262804335
-0.10666002308896899
-0.10732629272979907
-0.1080252881397199
-0.10875786876899166
-0.10952492035216498
-0.11032739239909088
-0.11116627239699084
-0.11204261710067126
-0.11295754595795227
-0.11391221118553845
-0.11490785716081438
-0.11594582205714545
-0.11702749789258236
-0.11815436641482574
-0.11932800934702469
-0.12055006812744846
-0.1218222369136878
-0.1231464231693776
-0.12452462538638838
-0.12595886186249333
-0.12745134555647025
-0.12900436389836095
-0.13062033128033296
-0.13230201235507788
-0.13405213637913352
-0.13587360659896935
-0.1377695614950703
-0.1397433044675111
-0.1417983436595842
-0.14393836792711714
-0.14616734205794232
-0.1484894777111067
-0.15090925303658623
-0.15343140397302032
-0.15606100831187444
-0.15880350074065352
-0.16166466374684735
-0.16465064811781785
-0.16776804511907542
-0.17102386095131922
-0.174425617807251
-0.17798132202665456
-0.1816995719366858
-0.18558954857206522
-0.1896611248995605
-0.1939248653186346
-0.19839209418065018
-0.20307496121006796
-0.20798652060313272
-0.21314080507827415
-0.21855288594730238
-0.22423899277368697
-0.23021659781055
-0.23650453324398588
-0.2431231020615325
-0.2500942915250443
-0.25744171931330534
-0.26519098461363044
-0.2733697891733523
-0.282008132972882
-0.29113853591255107
-0.30079618869826674
-0.3110194621515878
-0.32185001259688
-0.3333331799327714
-0.345518368856428
-0.358459477691279
-0.37221537862787807
-0.3868504621142038
-0.40243524447886697
-0.4190470433945306
-0.43677079218774534
-0.4556999058212804
-0.4759372946974122
-0.4975965154218761
