-0.49984090736726416
-0.394553861048641
-0.3141165510357588
-0.2525720258610072
-0.20539926678139203
-0.16916571388805168
-0.14126419884708338
-0.11971370087011635
-0.10300837127692646
-0.0900030726110076
-0.07982660902154087
-0.07181587711403065
-0.0654659061496838
-0.060391921394174694
-0.056300549115697644
-0.052967947178621626
-0.05022317516720236
-0.04793556855005704
-0.046005125570908724
-0.0443552171053819
-0.04292702357983345
-0.041675311540012326
-0.0405652192166927
-0.03956980926742093
-0.0386681930751991
-0.037844120206033054
-0.03708489184367829
-0.03638053134016124
-0.035723158665141974
-0.035106507473480965
-0.034525557423822684
-0.03397624724528843
-0.0334552702178995
-0.032959902933737
-0.03248788265224482
-0.032037298408050495
-0.03160648038092804
-0.031194081647019506
-0.03079889391078487
-0.030419858286222682
-0.030056032884262833
-0.029706581639881127
-0.02937074708762582
-0.029047841742606762
-0.02873723993678465
-0.028438368011560463
-0.028150692566795886
-0.027873723233845342
-0.02760700491994799
-0.027350106960626414
-0.027102630085634405
-0.026864198637729018
-0.026634467973048744
-0.02641311104828067
-0.02619981832274482
-0.02599430001757748
-0.025796291828784092
-0.025605507643640984
-0.025421724792592956
-0.025244713297342385
-0.025074257130489636
-0.024910145687153214
-0.024752186963942123
-0.02460019242076516
-0.024453993079650023
-0.024313385478335104
-0.024178231977983057
-0.02404838175613686
-0.023923699063241363
-0.02380405188015892
-0.023689308386355253
-0.023579348714653586
-0.02347407070435891
-0.023373360358500492
-0.023277117813014666
-0.023185251244030633
-0.023097667347492183
-0.023014273911988636
-0.02293499708305944
-0.022859761721159045
-0.022788493472200435
-0.02272113038147458
-0.02265760784206289
-0.022597862101702993
-0.0225418478317814
-0.022489517019490434
-0.022440814423504846
-0.022395700243118273
-0.022354135118783442
-0.022316079939413508
-0.022281508876948228
-0.022250381498453337
-0.022222674581091204
-0.022198368081076694
-0.02217743151781485
-0.02215985873876177
-0.022145632390498576
-0.022134733235364152
-0.022127151328530513
-0.02212289114075282
-0.022121945235416284
-0.022124317168056105
-0.02212999948575808
-0.022139008422479657
-0.022151348640026557
-0.022167035538718002
-0.022186072029751553
-0.022208485444766005
-0.022234292168577363
-0.022263520847720233
-0.02229618557263805
-0.022332326988289526
-0.022371973416978566
-0.022415168792634096
-0.02246193568426243
-0.02251233236065323
-0.02256637008298256
-0.02262412849134994
-0.022685646950573835
-0.022750989286367453
-0.022820208077408605
-0.022893373017316684
-0.02297055745200554
-0.02305188807413771
-0.023137388584138528
-0.02322715325396408
-0.023321262276501834
-0.02341982086055381
-0.023522917462350783
-0.02363066741916762
-0.02374317520151481
-0.02386056407396111
-0.023982954625096843
-0.024110481184398777
-0.024243286891157585
-0.02438150843870467
-0.024525297960020887
-0.024674827115415233
-0.024830264740311168
-0.02499179621578631
-0.025159612560812956
-0.025333921047695423
-0.025514934196120435
-0.025702879154081183
-0.025897997988785827
-0.02610054905089651
-0.026310791679386606
-0.026529013289728263
-0.02675549944971944
-0.026990606715399726
-0.027234667364767616
-0.027488038594630223
-0.027751102324195222
-0.028024270446429116
-0.028307984957585214
-0.028602713647544076
-0.028908966187753835
-0.02922729543587635
-0.029558298231713572
-0.02990261994639959
-0.03026096544538567
-0.030634113331965182
-0.031022928740472494
-0.03142837073843809
-0.03185152732009705
-0.0322936232873275
-0.03275609797010824
-0.03324058306573297
-0.033749014680070646
-0.034283682710666494
-0.0348473482223879
-0.035443343307978346
-0.036075747636142144
-0.03674960271907241
-0.03747119156467769
-0.03824840610626227
-0.03909122255251887
-0.04001235300123495
-0.041027999289454914
-0.04215902154984989
-0.04343226787225057
-0.044882492465996585
-0.04655477532866943
-0.04850773230190803
-0.05081772624361751
-0.053584408192158116
-0.056938003493624656
-0.061048876246591555
-0.06614020866667511
-0.07250453387705602
-0.08052563314281364
-0.09070731917109066
-0.10371136919780681
-0.12040751309579328
-0.14193934103199896
-0.1698111877446732
-0.20600277653523863
-0.2531205343769442
-0.31459730345242626
-0.39495617163382374
-0.5001590926327358
