-0.499840914084694
-0.39455390397441586
-0.31411662184451233
-0.25257211607760105
-0.20539936870677075
-0.16916582101036368
-0.14126430595089123
-0.11971380398325533
-0.10300846753079056
-0.09000316008148734
-0.07982668654498701
-0.07181594412806507
-0.06546596255580385
-0.06039196743647865
-0.05630058528861367
-0.05296797413702578
-0.05022319367607825
-0.04793557942896649
-0.04600512965516441
-0.04435521522424452
-0.0429270165376848
-0.0416753001024657
-0.040565204102092405
-0.03956979112973099
-0.03866817251989427
-0.03784409777546128
-0.03708486802651515
-0.03638050657109684
-0.035723133322837185
-0.035106481885409886
-0.03452553189488492
-0.03397622210703101
-0.033455245629896546
-0.03295987911836043
-0.03248785984030031
-0.03203727683920685
-0.03160646028283499
-0.03119406349919455
-0.0307988776928865
-0.03041984334903189
-0.03005601916089015
-0.029706570374004034
-0.029370737332266108
-0.029047833815028526
-0.02873723346235745
-0.02843836314607236
-0.02815068931740847
-0.027873721768430816
-0.027607005079531916
-0.027350108827156064
-0.02710263334680843
-0.02686420324631504
-0.026634473870124274
-0.0264131183829822
-0.026199827588047543
-0.025994311302156573
-0.025796305375806912
-0.025605523851705413
-0.025421743883718522
-0.025244735483835948
-0.02507428247014008
-0.024910173735328767
-0.024752216046763042
-0.024600220174363602
-0.02445401598713172
-0.024313403099098782
-0.02417824711110803
-0.0240483948141442
-0.023923709726182994
-0.023804060043858377
-0.0236893142443351
-0.023579352247843303
-0.023474072497777415
-0.02337336124334612
-0.023277118749192208
-0.023185251368384983
-0.023097663847558708
-0.023014301142916617
-0.02293500594016277
-0.02285975541830037
-0.022788475169338622
-0.02272110260140507
-0.022657572690910135
-0.0225978214444095
-0.022541803161745307
-0.02248946971602475
-0.022440765554246886
-0.022395650697107795
-0.022354084806968627
-0.022316029938204293
-0.022281458933752517
-0.02225033216850918
-0.022222626153344353
-0.022198320758812635
-0.02217738552603159
-0.02215981444383834
-0.022145589915217815
-0.02213469264013028
-0.02212711274188546
-0.022122854732771
-0.02212191117630802
-0.02212428561970384
-0.022129970604492965
-0.022138982322975703
-0.02215132541588178
-0.02216701530953832
-0.02218605485615465
-0.02220847062679202
-0.022234279711002943
-0.022263510561263446
-0.02229617728206234
-0.022332320515115203
-0.022371968557586542
-0.022415165303764233
-0.022461933043559344
-0.0225123306653382
-0.02256636900466099
-0.022624127764312264
-0.022685646306527252
-0.022750988476981593
-0.022820207639147355
-0.022893372608101942
-0.022970557147865472
-0.023051888188417868
-0.02313738909243396
-0.023227154318959328
-0.023321264964915316
-0.023419825355021677
-0.023522924212122764
-0.023630676911656035
-0.023743187915021342
-0.0238605802793123
-0.023982974208447562
-0.02411050050438697
-0.024243307363532793
-0.024381525005479354
-0.024525310571059715
-0.024674836047319633
-0.024830270533443066
-0.024991798796196386
-0.02515961231128669
-0.025333918072428255
-0.02551492881845617
-0.025702871578487732
-0.025897988777950375
-0.026100538013422218
-0.026310778755442115
-0.026528998443422408
-0.026755482636710428
-0.026990587962270014
-0.027234646612263713
-0.027488015530570172
-0.02775107663148427
-0.02802424184440185
-0.028307953054655693
-0.028602678221207146
-0.028908927879233076
-0.029227253339597963
-0.029558253586459096
-0.029902573323819348
-0.030260916955520266
-0.030634064242200252
-0.031022879345719387
-0.03142832328813635
-0.031851480702312925
-0.03229357658216844
-0.032756050417681856
-0.033240535712653
-0.033748967353556945
-0.03428363673059906
-0.034847303417695985
-0.035443299756888424
-0.03607570577424776
-0.036749563374207414
-0.03747115569925797
-0.03824837478641203
-0.039091196833074215
-0.040012333875146786
-0.04102798762244573
-0.04215901800521029
-0.04343227282782436
-0.04488250588853624
-0.046554799163396644
-0.048507768305883714
-0.05081777598339351
-0.05358447307171163
-0.05693808471262303
-0.061048974768425524
-0.06614032536076297
-0.0725046693122876
-0.08052578746922302
-0.0907074919492234
-0.10371155916477127
-0.12040771784204256
-0.14193955656038748
-0.16981140786313903
-0.2060029920253157
-0.2531207318515826
-0.31459746374885905
-0.3949562675796241
-0.500159085915306
