-0.5134166748457608
-0.4922952434045987
-0.4725002043641961
-0.45392942955125215
-0.4364898496127007
-0.4200965516461784
-0.4046719728274843
-0.3901451885525479
-0.3764512726515574
-0.36353072754650356
-0.35132897176948025
-0.33979588685466633
-0.3288854038840215
-0.31855513757194837
-0.30876605381705646
-0.2994821719975807
-0.29067029554407914
-0.28229977037415077
-0.274342265730002
-0.2667715749520107
-0.2595634285729828
-0.2526953558252914
-0.24614651290967066
-0.23989755778356417
-0.23393052571594802
-0.22822872011657938
-0.22277661199639745
-0.21755974715990142
-0.21256466084884565
-0.20777880362011256
-0.2031904700908761
-0.1987887331787343
-0.1945633870764789
-0.19050489247994043
-0.18660433094463416
-0.18285334451577212
-0.17924411844931035
-0.17576932831883701
-0.17242210703665875
-0.16919600373742982
-0.16608496487736477
-0.16308330672353483
-0.16018568771457298
-0.15738708558108114
-0.15468277080912365
-0.15206829304058553
-0.1495394529637468
-0.14709229641207489
-0.1447230933857195
-0.14242832532036367
-0.14020466941756962
-0.13804898257716477
-0.13595829417106226
-0.13392981025529385
-0.13196088039183715
-0.13004897665288995
-0.12819173329839448
-0.12638687429328566
-0.12463227973749953
-0.12292591472955537
-0.12126584432168501
-0.11965024313223634
-0.11807737404875274
-0.1165455964573825
-0.11505331009097312
-0.1135990083695352
-0.11218128938026639
-0.11079883629331494
-0.10945033856645378
-0.10813455992814396
-0.10685035885347201
-0.10559661139167821
-0.10437208152346397
-0.10317590674107563
-0.10200713025909779
-0.10086477574727902
-0.09974790204097761
-0.09865572937403125
-0.09758750266102577
-0.09654240532937819
-0.09551961404741134
-0.09451849393926601
-0.09353834563353201
-0.0925784962738975
-0.09163835352032496
-0.09071730562066707
-0.08981481736270805
-0.0889302778527268
-0.08806320747885661
-0.08721302180057768
-0.08637933466246862
-0.08556164306133489
-0.08475952967376979
-0.0839725578045017
-0.08320028967412657
-0.08244233331947257
-0.08169837226054544
-0.08096785633625433
-0.08025058438497874
-0.07954624502420912
-0.07885454099313417
-0.07817515196672677
-0.07750784876408531
-0.07685223449853659
-0.07620806296492241
-0.07557515704543459
-0.0749531978094402
-0.07434194534951276
-0.07374118295018402
-0.07315068974863687
-0.07257035918534499
-0.07199990685791396
-0.07143787250902604
-0.07088566292979478
-0.07034262480617809
-0.06980885161433992
-0.06928397515695471
-0.06876803093581645
-0.06826043774977625
-0.06776145648303962
-0.06727105941528662
-0.06678889017492463
-0.0663145111643848
-0.06584850773002102
-0.06539098278392647
-0.06493594840767473
-0.06449288590635452
-0.06405139243586433
-0.06361413182168073
-0.06318378931524027
-0.06275984010235518
-0.062342475120560764
-0.0619314780522337
-0.061526783744999064
-0.06112811506789767
-0.060735112179996026
-0.06034799956922197
-0.059966553941187314
-0.05959064646832352
-0.059220090068144236
-0.058854692611992304
-0.05849426460367582
-0.058138715192071734
-0.05778782808286603
-0.057441285116451114
-0.057098878629259095
-0.05676031754805909
-0.05642542459779737
-0.05609412746052852
-0.05576609249733729
-0.055440829905294385
-0.05511817081381229
-0.05479806757550705
-0.05448000151226778
-0.05416398847752544
-0.05384977568376086
-0.05353714856125884
-0.05322627649387259
-0.052917019344277394
-0.05260939027556964
-0.05230379930460219
-0.052000197613016115
-0.05169866829757236
-0.05139911304490328
-0.05110189976508487
-0.050807104613886364
-0.05051472341696503
-0.05022476270057092
-0.0499372279936622
-0.049652195630266745
-0.049369719357049445
-0.04908971319820549
-0.04881235439136884
-0.048537554213578735
-0.04826550860365297
-0.047996041158641305
-0.04772966143294943
-0.04746594716374518
-0.047205116330438265
-0.04694738700084147
-0.04669251337841135
-0.04644052775554682
-0.04619141716486984
-0.0459451737594582
-0.04570187305409667
-0.04546137200159456
-0.045224026757608504
-0.04498969088529614
-0.04475826131935615
-0.04452984011551936
-0.044304376043103603
-0.044081862379394085
-0.04386223458075663
-0.04364550280842411
-0.04343152407421759
-0.04321996729153668
-0.043011411939158986
-0.04280568469216911
-0.04260265683108656
-0.04240154145848963
-0.04220295266642668
-0.04200622705207421
-0.04181258014452761
-0.04162159206329061
-0.041432940364426775
-0.04124626360342252
-0.04106185242007146
-0.04087943170716171
-0.04069905129533401
-0.04052068582102397
-0.040344382362175746
-0.040170298924246624
-0.039997829507850836
-0.03982733131096112
-0.03965872876967767
-0.039491870910819155
-0.039327048359572785
-0.03916083769656295
-0.03899931913945876
-0.03883942162997627
-0.03867954781805332
-0.03852271087921731
-0.03836736027124195
-0.03821408283863044
-0.038061303780317045
-0.03791094448672402
-0.03776168930677315
-0.037614456637559426
-0.03746837393098396
-0.03732303896544266
-0.03718012978519341
-0.037038977974916544
-0.03689738006091119
-0.03675486593860014
-0.03661727237866133
-0.03648042264867925
-0.03634232302500332
-0.036206525545284085
-0.036071022025469635
-0.035937407973458305
-0.03580840028321021
-0.03567733634438003
-0.03554754569190053
-0.03542247901701256
-0.03529713078435296
-0.03517027068213088
-0.03504419955302462
-0.03492305060386476
-0.03479926776551211
-0.03467655863282731
-0.03455741021494108
-0.03443917170613103
-0.034322314132933546
-0.03420700741852006
-0.034091617090200824
-0.03397751043677918
-0.033864428402066916
-0.033752225289910495
-0.033641076039621756
-0.033530236095000956
-0.0334195898273827
-0.03331090254462191
-0.033203311727015565
-0.03309775046971897
-0.0329914236446933
-0.032885828730090834
-0.03278109583150699
-0.032678097046823125
-0.03257605553438103
-0.03247603284087962
-0.03237657917019297
-0.03227781482724421
-0.03217887014250696
-0.032081515653270214
-0.03198486303030981
-0.03189011146597136
-0.03179528693324089
-0.03170301319952252
-0.031611491985380144
-0.03152054108044335
-0.031429363696744324
-0.03133983479174184
-0.031249912616130856
-0.031161268858144915
-0.0310733920053387
-0.030986065750378818
-0.03090020158664608
-0.03081606948183766
-0.030732283334276668
-0.030648587478686724
-0.030565986969262403
-0.03048327612255862
-0.030401908976955872
-0.03032162264794539
-0.030241991523282462
-0.030163621233498857
-0.0300850105339227
-0.03000700063993372
-0.029929793854195832
-0.02985329991350008
-0.029777198759212087
-0.02970225468432585
-0.02962815939166973
-0.02955469271210179
-0.029482320282635966
-0.029410147051088024
-0.02933825749407843
-0.029268138931559495
-0.029199031221251736
-0.02913001676091975
-0.029061484280222576
-0.028993452130737018
-0.028926164541914136
-0.028859353618567972
-0.028793103347649965
-0.02872794938852445
-0.028663215505959957
-0.02859921748835411
-0.02853597295873427
-0.0284731344737822
-0.028411027998838094
-0.02834948416433963
-0.02828850724964307
-0.02822802571727598
-0.02816798777108002
-0.02810864461611528
-0.028050053454045
-0.02799178904111496
-0.027934336669609577
-0.027877407726291124
-0.027820992325005102
-0.02776542780441391
-0.02771042137514215
-0.027655914781235972
-0.02760191696238135
-0.0275487181643621
-0.02749586017004654
-0.027443559577287197
-0.027391663792841386
-0.02734012199407698
-0.02728935558721129
-0.027238847500145116
-0.027189213567643034
-0.027140218339567573
-0.027091586998580955
-0.027043699967838945
-0.026996385371508624
-0.026949243306122
-0.026902643080531204
-0.026856925058950976
-0.026811705938700303
-0.026766767052741617
-0.026722486192365513
-0.02667871197069291
-0.026634926187070977
-0.026592031963328315
-0.026549907852839758
-0.026508259274580424
-0.026467130521248213
-0.02642632594125245
-0.02638594793955819
-0.02634607402442254
-0.02630661427046224
-0.02626756680828303
-0.026228906436107795
-0.026190730044530465
-0.02615281805437453
-0.026115317665001147
-0.026078177654759786
-0.02604140025140072
-0.026004855136528702
-0.025968499012869486
-0.025932432820071294
-0.02589715874266976
-0.025862129004865377
-0.025827608923249614
-0.02579327619690314
-0.025759485824104453
-0.025725918254008228
-0.025692972559264466
-0.02566039812598989
-0.025628040959411187
-0.02559589955190684
-0.025564175710318177
-0.025532878778889823
-0.025502056162814972
-0.025471239831267225
-0.025440707573268963
-0.025410533260450476
-0.02538068767637365
-0.025351153433073086
-0.025321909901827762
-0.0252929042771605
-0.02526420913768853
-0.02523573866040299
-0.02520752995567856
-0.02517961265394151
-0.0251519638191233
-0.02512476620288373
-0.02509779670314908
-0.025070942927794396
-0.0250444741935812
-0.025018131498831267
-0.024992059029603084
-0.02496609873532602
-0.02494014847558131
-0.024914422898973845
-0.024888824077588034
-0.024863407651886067
-0.024838358577324304
-0.02481361201344993
-0.02478919130848085
-0.024765004527708242
-0.02474117301376731
-0.024717712228269215
-0.024694436891472
-0.024671751103018676
-0.024649655216554472
-0.02462825929042021
-0.024607626932723562
-0.024587990031142173
-0.024569374942078375
-0.024551838361184856
-0.024535372535703003
-0.02451986395230731
-0.024505414655575642
-0.024491887021670197
-0.02447927046582645
-0.02446752983830841
-0.024456803236856565
-0.024446815308052174
-0.024437620938837185
-0.024429144623123344
-0.024421319057339057
-0.024413984260692516
-0.024407197874279227
-0.02440083139899162
-0.024394942267834646
-0.024389334201801616
-0.024384327374274567
-0.024379590142108932
-0.0243751120805681
-0.0243709995107006
-0.024367292965037465
-0.024363709228681772
-0.024360533460704412
-0.02435737919081302
-0.02435466431485839
-0.024352181226617323
-0.02434994969730255
-0.024347943223407494
-0.024346163786497593
-0.024344595088089865
-0.024343199577127883
-0.02434207326285178
-0.024341227386578797
-0.024340561178427814
-0.0243402114296059
-0.024340086700490392
-0.024340257149252652
-0.02434080006488665
-0.024341638797472316
-0.02434286446570003
-0.02434405393959155
-0.024345481100452974
-0.024347020700941812
-0.02434905045093067
-0.024351391558489633
-0.024354001052469588
-0.024356770199850133
-0.024359784580133947
-0.024363149280927303
-0.02436679208757791
-0.02437070905854693
-0.02437488718601109
-0.024379373979333457
-0.02438419037458578
-0.024389329453088988
-0.02439474984295077
-0.024400362626663587
-0.024406345549842598
-0.024412645922966526
-0.024419278107088226
-0.024426209875550754
-0.024433441366990938
-0.024440987992696533
-0.024448855737217248
-0.024457061942096882
-0.02446559868870389
-0.024474523805435466
-0.024483812146206232
-0.02449343254474566
-0.0245033605231067
-0.024513617239873282
-0.024524230474360944
-0.02453509030220449
-0.02454633542079704
-0.02455799892843185
-0.024569991360370205
-0.024582366858271004
-0.024595001205558343
-0.024607913850698274
-0.02462119144744585
-0.024634804492914678
-0.024648791568519596
-0.02466310748436356
-0.024677807653333668
-0.024692846277491288
-0.024708221224483826
-0.024723924270248228
-0.024739940339212972
-0.024756323984454882
-0.024773048283451348
-0.024790026862748418
-0.024807452033895505
-0.024825215665491618
-0.024843204331087214
-0.02486174186635393
-0.02488043521574961
-0.024899691266561573
-0.024919222354192746
-0.024939103121592813
-0.02495935688313981
-0.0249799160831752
-0.02500084534293633
-0.025022079307703088
-0.02504351154982353
-0.025065287331810106
-0.025087314098638673
-0.025109644230824495
-0.02513224627162779
-0.025155161721035147
-0.025178373738718098
-0.025201992086889342
-0.025225794216667475
-0.025250043145836
-0.02527465635913416
-0.02529960405194029
-0.02532486716473747
-0.025350268189047145
-0.025376174361927083
-0.025402312982776842
-0.025428815692461335
-0.025455563012978296
-0.02548257510371414
-0.025510018585049213
-0.025537599810622123
-0.025565503452465336
-0.02559376424363039
-0.025622468553695408
-0.02565158605268247
-0.025681020533466194
-0.02571080817686102
-0.02574087778479709
-0.025771429936289048
-0.02580221071757287
-0.02583327936036242
-0.02586468052231856
-0.025896419164464966
-0.025928456804189582
-0.025960764964376163
-0.025993510127902443
-0.026026622974361643
-0.02606008403614975
-0.026093906288506257
-0.026128007695629552
-0.02616248131571471
-0.02619729491592133
-0.026232544983435413
-0.026268424980446337
-0.02630450855270389
-0.02634106195485683
-0.026377842516616033
-0.026415139732234055
-0.026452578223322632
-0.026490563970023123
-0.02652891339736716
-0.026567656842287377
-0.026606775829143375
-0.026646289471557748
-0.026686189724494547
-0.026726443348864704
-0.026767135496227838
-0.026808282368924328
-0.026849776608422072
-0.02689150170416743
-0.02693369779884205
-0.02697636630656676
-0.027019528829969594
-0.027063095535141142
-0.027106967063093384
-0.027151275168141857
-0.027196354201450734
-0.027240962513072415
-0.0272854956249712
-0.027330337763106664
-0.027375171402312225
-0.027420325403697977
-0.02746582024958763
-0.027511665806008577
-0.027558237872233333
-0.027604947028349067
-0.02765207242104766
-0.027699410394356392
-0.027747050275218045
-0.02779511963272782
-0.02784354817934597
-0.02789230602712423
-0.02794145274798498
-0.02799093719419315
-0.02804084981679921
-0.028091235297143264
-0.028141910216594686
-0.028192956318334572
-0.028244378597795067
-0.028296136521142
-0.028348391614053763
-0.028400951746877557
-0.02845398598807174
-0.028507393930272483
-0.028561170215688297
-0.028615348542083266
-0.028670232724035804
-0.02872533974258953
-0.028780724488310372
-0.028836478669822696
-0.028892834554972237
-0.028949567084572383
-0.029006624941909115
-0.02906404100788693
-0.0291218621214726
-0.029180214607596018
-0.029238917728642157
-0.029298138504324146
-0.029357728150141975
-0.02941794826672921
-0.029478390670387003
-0.029539315524929746
-0.02960062293877864
-0.029662370395619503
-0.029724509775506256
-0.029787157913718457
-0.029850305360555402
-0.029913750425150314
-0.029977851014807422
-0.030042317456358728
-0.030107295779695325
-0.030172652090424065
-0.030238497735846415
-0.03030475202213923
-0.03037144377746194
-0.030438864498702672
-0.030506570244161906
-0.030574657411050758
-0.030643273606739806
-0.030712298172110696
-0.03078184722117242
-0.030851745515522475
-0.03092205486311696
-0.030992832874980124
-0.031064133041950628
-0.031135879644976258
-0.031208083499898634
-0.03128076077931739
-0.03135393101184344
-0.03142754665334154
-0.0315018065720637
-0.03157642592555478
-0.03165153278423969
-0.0317271531522948
-0.031803290152457475
-0.031880220819879714
-0.03195728490606438
-0.032035018079290496
-0.0321131507374143
-0.032191752412722784
-0.0322710178259012
-0.032350770189220494
-0.03243105019944152
-0.03251187977965247
-0.032593230319655775
-0.03267526314718917
-0.03275745480150859
-0.03284018606549855
-0.03292378760938107
-0.033007792366125555
-0.03309244803312866
-0.03317780358309065
-0.03326363794084521
-0.03334989998952705
-0.03343685061765159
-0.033524419136659316
-0.03361243262873397
-0.03370082466366887
-0.033790118478773445
-0.03387986191844389
-0.03397025203308265
-0.034061215013468565
-0.03415277846718793
-0.03424493686426816
-0.034337729601626926
-0.034430806120889945
-0.03452474341390641
-0.03461908858211538
-0.03471445873094616
-0.03480999392476409
-0.0349060182682026
-0.03500276110070526
-0.03510001235560361
-0.03519789467529259
-0.03529637991444898
-0.03539567648515737
-0.035495584622851385
-0.03559658030333789
-0.035697931414295336
-0.0358002703287949
-0.03590336024488541
-0.03600696204936912
-0.036111308626763414
-0.03621639767348964
-0.036322283339887414
-0.03642880210470046
-0.03653594685136633
-0.03664383217176109
-0.0367522527327161
-0.03686149577368492
-0.03697147588533514
-0.03708220192272961
-0.037194025469815976
-0.037306145138824756
-0.0374192472917214
-0.03753367296033213
-0.037648912417408996
-0.03776437026810298
-0.037880423852688944
-0.03799736245056427
-0.03811551790678444
-0.038234312397574174
-0.038355887636325046
-0.03847617454788309
-0.03859939703264398
-0.03872327001332725
-0.03884648107275479
-0.038970726635629505
-0.0390968713958558
-0.03922303364664001
-0.03935004740573076
-0.03947954984134835
-0.03960847349371624
-0.03973798030768876
-0.03986838113185285
-0.040000200076876595
-0.04013448008989365
-0.040269603745554744
-0.040405341593335295
-0.04054150498621363
-0.04067975861304268
-0.040818888529240156
-0.04095920145409856
-0.04110055747247949
-0.04124228480452903
-0.04138575458616746
-0.041530400986312006
-0.041676105308733204
-0.04182254032518063
-0.04197038345835569
-0.0421194478472769
-0.04226963498265881
-0.04242099827449673
-0.04257358908944202
-0.04272732349950259
-0.04288232912825373
-0.04303857322432334
-0.043196005965083856
-0.04335460674671686
-0.04351449338525348
-0.04367571484833534
-0.043838348194582266
-0.04400226546037426
-0.04416762775963045
-0.044334341756328326
-0.04450231310257793
-0.04467175927695471
-0.04484257993283667
-0.04501485349338069
-0.04518855401436714
-0.045363726144873294
-0.04554036731582854
-0.04571851914230958
-0.04589817213657984
-0.046079325472123865
-0.04626204366144983
-0.04644629078025901
-0.04663211265567078
-0.04681959832723647
-0.047008725981299675
-0.04719948546499994
-0.04739198043990166
-0.04758616138293992
-0.04778205381987635
-0.04797968307835159
-0.048179122225681714
-0.04838034116186445
-0.04858338817131057
-0.04878824774201692
-0.04899490685742204
-0.04920346498200099
-0.04941390347581612
-0.04962625299625419
-0.04984056491407532
-0.05005683577872372
-0.050275132501579584
-0.0504954659129433
-0.050717894064904914
-0.05094236301534918
-0.05116893720633819
-0.0513975904877478
-0.05162836112307884
-0.05186133958723284
-0.05209651206215321
-0.05233389594385822
-0.052573527631897446
-0.052815433392420785
-0.0530596211637219
-0.0533061795487208
-0.05355521806148499
-0.053806650778648296
-0.05406052509607135
-0.05431685821193902
-0.054575676754154666
-0.054836983503934504
-0.055100825520001395
-0.05536724882764013
-0.05563622550335124
-0.0559078111375506
-0.05618200733087711
-0.05645881989248036
-0.05673833467308149
-0.057020544079498504
-0.057305498904716375
-0.057593181402592404
-0.05788361829959277
-0.05817688133884838
-0.058472986125554356
-0.05877193786336713
-0.05907378422890895
-0.05937846074468951
-0.05968620576302223
-0.05999685283115527
-0.060310574147465525
-0.060627398849644513
-0.06094741384894522
-0.06127065877304563
-0.06159720795929848
-0.0619271680601788
-0.06226057981068266
-0.06259751570912485
-0.06293804990587769
-0.06328232073745486
-0.06363047989243556
-0.06398262257998301
-0.06433891122691988
-0.06469943810151484
-0.06506433191178335
-0.06543370266187215
-0.06580768209139884
-0.06618640628957882
-0.06656995412570255
-0.06695847976225364
-0.06735208753372321
-0.06775088135167494
-0.0681549979114501
-0.06856441191426921
-0.0689793455024918
-0.06940000327139803
-0.06982651501390734
-0.07025902435169185
-0.07069770846941943
-0.0711427023248597
-0.07159414430252145
-0.07205224257021364
-0.07251714527411053
-0.07298900959255096
-0.07346801596319869
-0.0739542721804803
-0.07444807708176597
-0.07494941791563199
-0.07545874126705046
-0.07597604186301582
-0.07650161007172533
-0.07703566500365401
-0.07757839768088905
-0.07812997573745421
-0.07869060401320224
-0.07926055011500854
-0.07984013590259446
-0.08042956023663007
-0.08102904295136144
-0.08163884848391799
-0.08225926421219097
-0.08289048815574217
-0.08353278270229161
-0.08418649099910254
-0.08485180004751618
-0.08552904641920728
-0.08621853888310527
-0.08692061843630622
-0.08763558284910873
-0.08836386174902257
-0.08910575905602608
-0.08986172441646416
-0.09063209047092502
-0.09141727398005672
-0.09221779860450449
-0.09303404840752819
-0.0938678765206713
-0.09471816678986959
-0.0955856930470839
-0.09647099813216478
-0.09737462548601625
-0.09829718228537704
-0.09923931100293282
-0.10020165847125474
-0.10118494314749596
-0.10218989169049877
-0.10321724468823297
-0.10426780221057722
-0.10534239018577639
-0.10644176283342158
-0.10756686554790515
-0.1087186012269941
-0.10989791449998895
-0.11110581056924836
-0.11234332348406179
-0.11361158357360235
-0.11491174890574642
-0.11624501453727888
-0.11761265482887467
-0.11901598954965223
-0.12045638564186656
-0.12193530121189416
-0.12345428540624066
-0.12501496150946495
-0.12661906080842314
-0.12826837789975193
-0.1299648391796707
-0.13171048257569345
-0.1335074362820615
-0.13535797499600452
-0.13726451824767766
-0.1392295994470593
-0.14125592188686742
-0.14334635034480328
-0.1455039517346851
-0.14773185655030557
-0.1500335913518941
-0.15241279006286393
-0.15487332539749316
-0.15741930915229055
-0.16005538423795565
-0.16278593075625641
-0.1656159175591197
-0.16855063300222523
-0.17159572041687546
-0.17475720203918796
-0.1780414914271347
-0.1814554567181096
-0.18500643523999422
-0.18870227569109937
-0.19255138472909075
-0.19656277302122985
-0.20074610256266634
-0.20511173982966216
-0.2096708219850215
-0.2144353162963965
-0.21941809463067266
-0.22463301229135016
-0.23009499564646177
-0.235820148001197
-0.24182582341058567
-0.2481307809231307
-0.25475529973807165
-0.26172131793485653
-0.2690526063247293
-0.27677493529455427
-0.28491628664077595
-0.29350706417864825
-0.30258032801752993
-0.3121737024645071
-0.3223250681121525
-0.33307721619243924
-0.3444769452744889
-0.3565754659254567
-0.3694288868023645
-0.3830987611566526
-0.3976527027990351
-0.413165087225387
-0.42972071493540864
-0.44740726799676134
-0.4663246086769578
-0.4865833251542392
