-0.5134166506095019
-0.4922952267227947
-0.4725001942160508
-0.45392942505051304
-0.4364898499865359
-0.42009655622303405
-0.4046719810235227
-0.39014519986089774
-0.376451286633607
-0.36353074382424
-0.3513289900077562
-0.3397959067693416
-0.32888542522699343
-0.31855516012588025
-0.30876607739223233
-0.2994821964188075
-0.2906703206652243
-0.28229979606703254
-0.27434229188257936
-0.2667716014662753
-0.25956345538562486
-0.2526953828636625
-0.24614654010905582
-0.239897585085159
-0.2339305530707505
-0.22822874748008326
-0.22277663932956224
-0.21755977442971564
-0.21256468802688314
-0.2077788306824721
-0.2031904970153664
-0.19878875994676587
-0.1945634136724759
-0.19050491889345955
-0.18660435716266452
-0.18285337052805475
-0.1792441442469472
-0.17576935389414922
-0.17242213238306592
-0.16919602884934024
-0.16608498975009325
-0.1630833313532096
-0.16018571209805457
-0.15738710971589592
-0.15468279469367777
-0.1520683166737201
-0.14953947634474202
-0.147092319540712
-0.1447231162622225
-0.14242834794754008
-0.14020469179741585
-0.13804900471206333
-0.1359583160638944
-0.13392983190947993
-0.13196090181141173
-0.13004899784256585
-0.12819175425645415
-0.12638689502222902
-0.1246323002392248
-0.1229259350056416
-0.12126586437330039
-0.11965026296997866
-0.11807739367708572
-0.11654561588059086
-0.11505332931338541
-0.11359902739575532
-0.11218130821492074
-0.11079885493998001
-0.10945035702853254
-0.10813457820881511
-0.10685037695566345
-0.10559662931802936
-0.10437209927624175
-0.1031759243221557
-0.10200714766987738
-0.10086479298864884
-0.09974791911777398
-0.09865574628884735
-0.09758751941700407
-0.0965424219294769
-0.09551963049443063
-0.09451851023588982
-0.09353836178232874
-0.09257851227737156
-0.09163836938087612
-0.09071732134072238
-0.08981483294469869
-0.08893029329907687
-0.08806322279197411
-0.08721303698282609
-0.08637934971623
-0.08556165798907436
-0.08475954447686367
-0.08397257248642152
-0.08320030423601966
-0.08244234776335689
-0.08169838658849951
-0.08096787055020978
-0.08025059848386468
-0.07954625900898098
-0.07885455486373621
-0.07817516572251895
-0.07750786240387696
-0.0768522480182836
-0.07620807636345614
-0.07557517032080763
-0.07495321095969625
-0.07434195837318877
-0.07374119584646292
-0.07315070251808026
-0.07257037184135673
-0.07199991938844807
-0.07143788491435604
-0.07088567520818301
-0.07034263695670757
-0.06980886363603601
-0.06928398704786388
-0.06876804269372293
-0.0682604493710477
-0.06776146796396279
-0.06727107075028387
-0.06678890135742158
-0.06631452218457576
-0.06584851870457599
-0.0653909936530426
-0.06493595915337369
-0.06449289652868545
-0.06405140293641885
-0.06361414220146569
-0.06318379957639224
-0.06275985024512123
-0.06234248514687471
-0.061931487965304614
-0.061526793548133854
-0.061128124765564916
-0.060735121777089486
-0.060348009071927444
-0.05996656335606067
-0.059590655802719224
-0.05922009933187137
-0.05885470182096094
-0.058494273777866125
-0.05813872433244834
-0.057787837167112666
-0.05744129404396419
-0.057098887336483495
-0.05676032608801247
-0.05642543301199231
-0.05609413578141773
-0.05576610075019435
-0.05544083811052142
-0.05511817898744612
-0.05479807573039047
-0.05448000965873046
-0.05416399662444298
-0.0538497838384052
-0.05353715673006963
-0.053226284682682465
-0.05291702755741912
-0.05260939851702012
-0.05230380757791596
-0.05200020592120119
-0.051698676642248115
-0.051399121426083424
-0.051101908180821935
-0.05080711306585587
-0.05051473188447845
-0.05022477116655687
-0.049937236445254295
-0.049652204050284185
-0.04936972772378617
-0.04908972148445141
-0.048812362562166825
-0.04853756222473254
-0.048265516495927904
-0.04799604893040675
-0.04772966905632226
-0.04746595461763353
-0.04720512361208726
-0.046947394098443916
-0.046692520276486356
-0.04644053441974616
-0.04619142360275124
-0.04594517996719547
-0.0457018791254592
-0.04546137800466163
-0.04522403273853444
-0.04498969687372606
-0.044758267332567714
-0.044529846165517695
-0.044304382133581725
-0.04408186850938911
-0.043862240744103415
-0.04364550899370641
-0.0434315302663056
-0.043219973469570676
-0.04301141807550495
-0.042805690765021144
-0.04260266282146069
-0.042401547343064214
-0.04220295842949324
-0.04200623267517029
-0.04181258561218673
-0.04162159736367345
-0.04143294548837827
-0.04124626854112458
-0.04106185716335858
-0.040879436248870686
-0.04069905562962844
-0.04052068994382273
-0.04034438627059089
-0.040170302616133226
-0.03999783298119121
-0.039827334564997194
-0.039658731804772605
-0.03949187372746623
-0.039327050960706475
-0.03916084008467215
-0.03899932131352646
-0.0388394235891956
-0.03867954956155187
-0.03852271240666894
-0.03836736158230134
-0.03821408393297771
-0.03806130465866354
-0.03791094514585784
-0.03776168974177778
-0.03761445684129032
-0.03746837389598143
-0.03732303868223685
-0.03718012923528528
-0.03703897714185733
-0.036897378925796906
-0.036754864597022145
-0.03661727081461808
-0.03648042082585608
-0.03634232091270284
-0.03620652314938257
-0.036071019291000546
-0.035937404913240614
-0.03580839684863273
-0.0356773325206273
-0.035547541505889596
-0.0354224743131259
-0.035297125613950285
-0.03517026505696536
-0.03504419350841204
-0.03492304420549209
-0.034799261115186636
-0.03467655187569213
-0.03455740493400306
-0.034439167911841755
-0.034322311714869276
-0.034207006219650705
-0.034091616922229145
-0.03397751107295526
-0.03386442757402893
-0.03375222389377673
-0.033641074120892615
-0.033530233711261806
-0.033419587047582675
-0.03331089942475816
-0.03320330832371851
-0.033097747062087624
-0.03299142017978449
-0.03288582526180547
-0.03278109245123575
-0.032678093559116314
-0.03257605207099052
-0.032476029417209895
-0.032376575807239565
-0.03227781153512419
-0.03217886692991834
-0.03208151251844731
-0.03198485996172207
-0.0318901084689101
-0.03179528399539038
-0.03170301032194447
-0.03161148916388329
-0.031520538318208856
-0.03142936099588951
-0.03133983222251548
-0.031249910153920944
-0.031161266525940316
-0.031073389824140266
-0.030986063731769813
-0.03090019973938585
-0.030816067843084313
-0.030732281879572037
-0.03064858620189435
-0.030565985867278666
-0.030483275184719414
-0.0304019082005678
-0.030321622024407052
-0.03024199104345315
-0.030163620507552124
-0.03008500945222277
-0.030006999073201555
-0.029929791732246115
-0.029853297225370484
-0.02977719605864353
-0.02970225142533101
-0.029628155585824975
-0.029554687896331776
-0.02948231506001414
-0.029410141459606975
-0.02933825157543808
-0.02926813272894227
-0.029199024772174356
-0.029130010100757612
-0.029061477440979457
-0.028993445137356827
-0.028926157425506825
-0.028859346415220543
-0.028793096086401956
-0.028727942095604413
-0.028663208201744412
-0.028599210193480232
-0.02853596569719221
-0.028473127265319035
-0.028411020857105476
-0.028349477104482074
-0.028288500290115915
-0.02822801887021463
-0.02816798105097553
-0.028108638583680748
-0.028050047624492747
-0.027991783423728954
-0.027934331277866483
-0.027877402580541426
-0.02782098744556576
-0.027765423211502077
-0.027710417089303184
-0.027655910834949383
-0.027601912917774793
-0.027548714449648844
-0.027495856799230212
-0.02744355655745329
-0.02739166112687171
-0.02734011967991826
-0.02728935362013244
-0.027238845876227602
-0.027189212284066712
-0.02714021739208095
-0.027091586379748008
-0.027043699669392282
-0.026996385384076584
-0.026949243619542634
-0.0269026436846278
-0.026856925943191043
-0.026811707092515055
-0.026766768464893165
-0.026722487848853414
-0.026678713858638896
-0.026634928293429772
-0.026592034276074848
-0.026549910359104718
-0.02650826196281976
-0.026467133380024398
-0.02642632895827646
-0.026385951102656655
-0.02634607732212623
-0.02630661769422652
-0.026267570350560623
-0.026228910091559178
-0.026190733811677736
-0.026152822404645424
-0.026115322176103687
-0.026078182336078278
-0.026041405113211246
-0.026004860191889183
-0.025968504272492202
-0.025932438295871222
-0.025897164449523766
-0.025862134958432793
-0.025827615140734086
-0.025793282692103816
-0.025759492144697502
-0.025725924760841207
-0.02569297926140428
-0.025660405028671684
-0.025628048065608353
-0.02559590686348616
-0.025564183229733136
-0.025532886509889434
-0.025502064110597866
-0.02547124800321988
-0.02544071606443773
-0.025410541846639437
-0.025380696406846516
-0.025351162300540006
-0.025321918904084886
-0.025292913411434
-0.02526421840068369
-0.025235748047442025
-0.02520753946097704
-0.025179622270393383
-0.025151973555733887
-0.02512477603460875
-0.025097806622358082
-0.025070952927836416
-0.025044484267651098
-0.025018141639145335
-0.02499206922765386
-0.02496610898274135
-0.024940158763713305
-0.024914433219152755
-0.024888834420550104
-0.024863418008171174
-0.024838368937208834
-0.024813622365426887
-0.024789201640049337
-0.024765014827197517
-0.024741183264625717
-0.024717722414019455
-0.024694446995022278
-0.024671761104998646
-0.02464966509643387
-0.024628269025461648
-0.024607636497697857
-0.024587999396569894
-0.024569384073429887
-0.024551847217496023
-0.0245353810721121
-0.024519872116797493
-0.024505422853202462
-0.024491894860681734
-0.024479277897917935
-0.02446753682717836
-0.024456809783899674
-0.02444682149462418
-0.02443762691925098
-0.024429150545162856
-0.024421324607116022
-0.024413989776102884
-0.024407203387452992
-0.02440083691904251
-0.024394947790108795
-0.02438933971453343
-0.024384332861731934
-0.024379595589170504
-0.024375117470194607
-0.024371004826410123
-0.02436729819043204
-0.024363714348220742
-0.02436053846006561
-0.02435738405666694
-0.02435466903535425
-0.024352185789936715
-0.024349954094570456
-0.024347947448003678
-0.024346167834434742
-0.024344598958168703
-0.024343203272773534
-0.024342077150154066
-0.02434123112764472
-0.0243405647805863
-0.024340214900863733
-0.024340090047751714
-0.02434026038107517
-0.02434080319186686
-0.02434164183177333
-0.02434286742132329
-0.024344056834438507
-0.02434548395529907
-0.02434702353730396
-0.024349053295073163
-0.02435139419189637
-0.024354003696885902
-0.02435677287478074
-0.0243597872995053
-0.02436315205394621
-0.024366794919591588
-0.024370711951281702
-0.02437489013914528
-0.024379376990370145
-0.024384193439315038
-0.024389332566659917
-0.02439475299963698
-0.024400365821350595
-0.024406348777139732
-0.024412649177316482
-0.024419281382680444
-0.02442621316643111
-0.02443344466735933
-0.024440991296802845
-0.024448859039391757
-0.02445706523654105
-0.024465601969278824
-0.024474527065286123
-0.024483815378773352
-0.024493435743238357
-0.024503363679925904
-0.024513620347925025
-0.02452423352535972
-0.024535093290447948
-0.024546338341611712
-0.024558001775210322
-0.024569994126568826
-0.02458236953696225
-0.0245950037891717
-0.02460791633295879
-0.024621193820946057
-0.024634806753484926
-0.024648793711466797
-0.024663109503264263
-0.02467780954443483
-0.024692848037727668
-0.024708222851432697
-0.024723925761834638
-0.024739941694407394
-0.024756325203282754
-0.024773049367498894
-0.024790027811765664
-0.024807452851370183
-0.02482521635471148
-0.02484320489566985
-0.02486174231401095
-0.024880435553023647
-0.02489969150061474
-0.024919222491602038
-0.02493910317012554
-0.024959356848463884
-0.024979915968434817
-0.02500084537799631
-0.02502207921869915
-0.025043511344035
-0.025065287018412114
-0.025087313686688754
-0.02510964373144163
-0.025132245695655232
-0.02515516108092965
-0.025178373046637257
-0.025201991355911085
-0.025225793459056976
-0.02525004237354798
-0.025274655583890873
-0.025299603284606634
-0.02532486641520868
-0.02535026746576099
-0.02537617367275555
-0.02540231189137491
-0.0254288145817324
-0.02545556190583275
-0.025482574018798117
-0.025510017532925294
-0.025537598795790505
-0.02556550247608909
-0.025593763304837945
-0.025622467650298766
-0.025651585181446054
-0.02568101969067712
-0.025710807358108555
-0.025740877469998865
-0.025771429645105363
-0.025802210453321622
-0.025833279129120968
-0.025864679923811966
-0.02589641859491973
-0.025928456266966403
-0.025960764457356397
-0.025993509646951154
-0.026026622514268134
-0.026060083590476783
-0.02609390584997875
-0.02612800725705687
-0.026162480869470914
-0.02619729445493205
-0.02623254450104886
-0.02626842447023935
-0.026304508008907938
-0.02634106189756838
-0.02637784244693035
-0.026415139657902285
-0.02645257815357045
-0.026490563915661305
-0.026528913370046175
-0.026567656855911368
-0.02660677589846275
-0.02664628961295805
-0.026686189954793663
-0.026726443282596962
-0.026767135508159512
-0.026808282471133107
-0.026849776807232908
-0.026891502002408287
-0.026933698196703052
-0.026976366803337374
-0.027019529423595787
-0.027063096223624433
-0.027106967844079774
-0.02715127603949337
-0.027196355160729286
-0.027240963557914326
-0.027285496753157196
-0.027330338972269767
-0.027375172690065203
-0.027420326766918367
-0.027465821684417194
-0.027511667308336787
-0.027558239437930895
-0.027604948654373344
-0.02765207410721213
-0.027699412136709782
-0.02774705206953781
-0.027795121474526865
-0.027843550063850062
-0.02789230794909625
-0.027941454702342175
-0.027990939175605366
-0.028040851819956716
-0.028091237316532392
-0.028141912246507025
-0.028192958353188313
-0.028244380632316973
-0.028296138550256526
-0.028348393633023373
-0.028400953750888868
-0.028453987972734445
-0.028507395891128995
-0.028561172148734913
-0.02861535044328023
-0.028670234588722684
-0.028725341566846422
-0.02878072626894853
-0.0288364804036812
-0.02889283623907718
-0.028949568715679875
-0.029006626516867834
-0.029064042523183554
-0.029121863573676368
-0.029180215992956258
-0.029238919043372474
-0.029298139744858138
-0.029357729312829865
-0.029417949348006366
-0.029478391666590033
-0.029539316431366352
-0.029600623750192446
-0.02966237110679559
-0.029724510381082477
-0.029787158408082298
-0.02985030573604563
-0.029913750674236995
-0.029977851129129835
-0.03004231742671949
-0.03010729559679449
-0.030172651743599527
-0.03023849721308356
-0.030304751679681885
-0.030371443267912347
-0.03043886382060847
-0.03050656939567258
-0.030574656394254704
-0.030643272424190824
-0.03071229682805158
-0.03078184571994992
-0.03085174386262542
-0.030922053065280074
-0.030992830939139775
-0.03106413097535871
-0.03113587745626257
-0.031208081198058298
-0.0312807583735857
-0.03135392851147145
-0.031427544067086394
-0.0315018039107992
-0.03157642319676421
-0.03165152999859633
-0.03172715031924019
-0.03180328728125127
-0.031880217919505
-0.03195728198397936
-0.032035015148564334
-0.03211314780388102
-0.03219174948862703
-0.032271014920743864
-0.032350767313510796
-0.03243104736290851
-0.03251187699456334
-0.032593227599130005
-0.032675260505884596
-0.03275745225494284
-0.032840183629789146
-0.03292378530320295
-0.033007790208672345
-0.03309244604798711
-0.033177801458083626
-0.03326363592307993
-0.03334989809224497
-0.03343684885156261
-0.03352441750873308
-0.03361243114622211
-0.03370082333109834
-0.03379011729877827
-0.03387986089795011
-0.03397025117518203
-0.03406121432499862
-0.03415277795328567
-0.034244936532426
-0.03433772946018564
-0.03443080619720644
-0.034524743638932355
-0.03461908895826549
-0.03471445926530106
-0.034809994626310736
-0.03490601912988728
-0.03500276213408519
-0.0351000135527432
-0.035197896037908696
-0.035296381438781194
-0.03539567817164642
-0.03549558646594653
-0.03559658229785216
-0.0356979335654496
-0.03580027262771431
-0.03590336269364254
-0.036006964642352514
-0.03611131136006515
-0.03621640054071064
-0.036322286337636366
-0.0364288052279476
-0.03653595010141802
-0.03664383554851496
-0.03675225623775413
-0.036861499411542244
-0.03697147966334549
-0.037082205858971054
-0.037194029619315706
-0.03730614950709573
-0.03741925187849649
-0.03753367779475325
-0.03764891750958853
-0.03776437562845039
-0.03788042949526909
-0.03799736838270898
-0.03811552414127451
-0.03823431894675754
-0.03835589452976203
-0.03847618179485728
-0.03859940466137222
-0.03872327804840657
-0.038846489523801604
-0.03897073551540225
-0.03909688073083102
-0.03922304343932823
-0.03935005765386061
-0.03947956055515961
-0.039608484642467336
-0.03973799185214413
-0.03986839301527429
-0.040000212231138414
-0.04013449244756195
-0.04026961620355879
-0.040405354013577754
-0.04054151775446686
-0.040679771226640966
-0.040818900921888
-0.04095921358495442
-0.04110056935120853
-0.0412422965131539
-0.041385766386817
-0.04153041323991262
-0.041676117758499574
-0.04182255351317219
-0.04197039745404389
-0.042119462687213394
-0.04226965068478404
-0.04242101484270125
-0.04257360651914947
-0.04272734177582735
-0.042882348219838204
-0.04303859308641096
-0.04319602653146441
-0.043354627936215064
-0.0435145150263144
-0.04367573690320855
-0.043838370582442235
-0.044002288122058225
-0.0441676506537366
-0.044334364856651
-0.044502336387228086
-0.04467178272845192
-0.04484260353001103
-0.04501487721254529
-0.045188577829262985
-0.04536375002363342
-0.045540391225198054
-0.04571854304731985
-0.04589819600174427
-0.04607934926187192
-0.046262067341235336
-0.04644631431763133
-0.04663213602060307
-0.04681962149161429
-0.0470087489201693
-0.04719950815570384
-0.04739200286248379
-0.0475861835210964
-0.0477820756598541
-0.04797970460914149
-0.04817914343892162
-0.04838036205228711
-0.04858340873526229
-0.048788267977900666
-0.04899492676664667
-0.049203484569328625
-0.04941392274947728
-0.049626271963707086
-0.04984058358165469
-0.05005685415242129
-0.05027515058801668
-0.050495483718935155
-0.05071791159764212
-0.05094238028247782
-0.051168954215921915
-0.05139760724810846
-0.0516283776428528
-0.051861355875223225
-0.05209652812730266
-0.05233391179514193
-0.05257354327808435
-0.05281544884219882
-0.053059636425535184
-0.05330619463093104
-0.053555232972367126
-0.05380666552635976
-0.054060539688551235
-0.0543168726572235
-0.054575691060139035
-0.05483699767845528
-0.05510083957075024
-0.05536726276221524
-0.05563623932910196
-0.05590782486186425
-0.0561820209607781
-0.0564588334345773
-0.05673834813376239
-0.05702055746458177
-0.05730551221899316
-0.05759319465011133
-0.05788363148347366
-0.05817689446100256
-0.058472999186552806
-0.058771950862054605
-0.0590737971625725
-0.05937847360850698
-0.059686218550077684
-0.059996865531933286
-0.060310586749960204
-0.06062741133474519
-0.06094742651818178
-0.06127067159086575
-0.06159722091163304
-0.0619271808914106
-0.06226059254081583
-0.06259752835639902
-0.06293806248690041
-0.06328233326763429
-0.06363049238554877
-0.06398263504844914
-0.06433892368197314
-0.06469945055329474
-0.06506434436949593
-0.0654337151340415
-0.06580769458598511
-0.06618641881396319
-0.06656996668649019
-0.06695849236552937
-0.0673521001854368
-0.06775089405768493
-0.06815501067727903
-0.06856442474460714
-0.06897935840157102
-0.06940001624309093
-0.0698265280619018
-0.0702590374794997
-0.07069772168042025
-0.07114271562230141
-0.07159415768953485
-0.0720522560498894
-0.07251715884980552
-0.07298902327564125
-0.07346802975401434
-0.0739542860794022
-0.07444809108949654
-0.07494943203337322
-0.07545875549727442
-0.07597605620966334
-0.07650162453724846
-0.0770356795901175
-0.07757841239090288
-0.07812999057401696
-0.07869061892746178
-0.07926056516435577
-0.07984015109278085
-0.08042957557002701
-0.08102905840737494
-0.0816388641438097
-0.08225928006472703
-0.08289050419130778
-0.08353279891277442
-0.08418650737781024
-0.08485181658892585
-0.0855290631190151
-0.08621855573822326
-0.08692063544463717
-0.08763560000946855
-0.08836387906117425
-0.08910577652052434
-0.08986174203458223
-0.09063210824450461
-0.09141729191133421
-0.09221781669608807
-0.09303406666198416
-0.09386789494101061
-0.09471818537898603
-0.09558571180837518
-0.09647101706948742
-0.09737464460358465
-0.0982972015877905
-0.0992393304951882
-0.1002016781583055
-0.10118496303333031
-0.10218991177893245
-0.10321726498314004
-0.10426782271584793
-0.10534241090526235
-0.10644178377097867
-0.10756688670740475
-0.10871862261236355
-0.10989793611642784
-0.11110583243690271
-0.11234334560842099
-0.11361160595923032
-0.11491177155707523
-0.11624503745911835
-0.11761267802612092
-0.11901601302691542
-0.12045640942713118
-0.12193532527967375
-0.12345430976257238
-0.12501498616059875
-0.12661908576084407
-0.12826840316014582
-0.12996486475490243
-0.13171050847267868
-0.13350746251619353
-0.1353580015732863
-0.13726454517445588
-0.13922962673000666
-0.14125594952998666
-0.1433463783582864
-0.14550398011700044
-0.14773188530852216
-0.1500336204939764
-0.15241281959697664
-0.15487335533205226
-0.15741933949585735
-0.16005541499923312
-0.16278596194411682
-0.16561594918243625
-0.16855066506975053
-0.17159575293718987
-0.17475723502058346
-0.1780415248774951
-0.18145549064478012
-0.1850064696496362
-0.18870231058953033
-0.19255142012110874
-0.19656280891041628
-0.20074613895124818
-0.20511177671531666
-0.20967085936728633
-0.21443535417221166
-0.21941813299416013
-0.22463305113208945
-0.23009503495270506
-0.23582018775697253
-0.2418258635951702
-0.24813082151060126
-0.25475534069670824
-0.26172135922610745
-0.269052647902869
-0.2767749771054161
-0.284916328619342
-0.29350710625053505
-0.30258037010038474
-0.31217374445775325
-0.3223251098983969
-0.3330772576353155
-0.3444769862182836
-0.3565755061914623
-0.3694289261840819
-0.38309879941836483
-0.39765273966998615
-0.4131651223944854
-0.429720748045808
-0.4474072986408169
-0.4663246363862298
-0.4865833493904981
