-0.4996775946010727
-0.39511429762318706
-0.3152042932708418
-0.25403268863444717
-0.2071125046984327
-0.17103853821313827
-0.1432254728214565
-0.12170963667655538
-0.10499887323208525
-0.09195879892762478
-0.08172660455897629
-0.07364568795061845
-0.06721608892772986
-0.06205685730484918
-0.05787751820217529
-0.05445639523047226
-0.05162414772262783
-0.049251267489101254
-0.04723857534414575
-0.04550999786747529
-0.044007075208873835
-0.042684782406963544
-0.041508351221444584
-0.040450850485533846
-0.03949134358034195
-0.03861348352577687
-0.0378044444320576
-0.03705410407244474
-0.03635442172333073
-0.03569896344001982
-0.035082537963065104
-0.034500916596652186
-0.033950622556902725
-0.03342876947741592
-0.032932932436028205
-0.03246105784824254
-0.032011313784632144
-0.03158221067104257
-0.031172406353966647
-0.030780714488636576
-0.030406070619215134
-0.030047523203734505
-0.02970420447513481
-0.029375319950621315
-0.029060141893493235
-0.02875800067674694
-0.028468270444974665
-0.028190373741463902
-0.027923772221289247
-0.02766795793591409
-0.02742245504511562
-0.027186817421893366
-0.026960631110199643
-0.026743505549674158
-0.02653507081292008
-0.026334978150395913
-0.026142908610622673
-0.025958522410547233
-0.02578155289603101
-0.02561172262505973
-0.025448774038668603
-0.02529245375442439
-0.02514253031575083
-0.024998780478755075
-0.024860994365332876
-0.02472890062117982
-0.02460233272916743
-0.02448111324907608
-0.024365077953290435
-0.024254067164624946
-0.02414792279408506
-0.02404650037024471
-0.023949674404082296
-0.023857308538848102
-0.023769282310421476
-0.02368548469419805
-0.02360579957994593
-0.023530118417189695
-0.0234583516977525
-0.023390406726821567
-0.023326194661233524
-0.023265639381763018
-0.023208661181924637
-0.023155184562036624
-0.023105152286968033
-0.023058504662723512
-0.02301517708132333
-0.02297511904117365
-0.022938282452750505
-0.022904620058277866
-0.022874100194813965
-0.022846673994351942
-0.022822311796093304
-0.022800989881895224
-0.02278267192443456
-0.022767348332306505
-0.022754997127593452
-0.022745596944506855
-0.022739134103246104
-0.022735613464159483
-0.022735025239962455
-0.022737373132670293
-0.022742647529410544
-0.022750867858112794
-0.022762039159896625
-0.022776179883397862
-0.022793294099813465
-0.022813413866679254
-0.02283655903177485
-0.022862763735337827
-0.02289204554415593
-0.022924452840145382
-0.022960019506120664
-0.022998797908064684
-0.02304081763210713
-0.02308614692990675
-0.023134804748247896
-0.02318688072877077
-0.023242425559611975
-0.02330151620330059
-0.023364216266524043
-0.0234306098704712
-0.023500782232347736
-0.02357487718276713
-0.02365293649104063
-0.023735071549970267
-0.023821378960560698
-0.023911984253830617
-0.02400699497896001
-0.024106548806399425
-0.02421077249598764
-0.024319814221990872
-0.024433818522490696
-0.024552947977369757
-0.024677372313543496
-0.024807259957709247
-0.024942791623660084
-0.025084172883655612
-0.025231606359378995
-0.025385313884910558
-0.02554552329691307
-0.025712484616220804
-0.025886452761869114
-0.026067695774305556
-0.02625649607009526
-0.02645316544019041
-0.026658023344671506
-0.026871409815909002
-0.027093663037263602
-0.027325201018081693
-0.027566409807427375
-0.027817713937414206
-0.028079568891814302
-0.028352458857338936
-0.028636902840478668
-0.02893344400987148
-0.029242677731387695
-0.029565243860809776
-0.029901833540708387
-0.030253189538517578
-0.030620115898144333
-0.031003500286464883
-0.03140432015257564
-0.03182365095799326
-0.03226270544526757
-0.03272283625916405
-0.0332056241725313
-0.03371284141813539
-0.034246570959402825
-0.03480926038405526
-0.03540383456527998
-0.036033788642059875
-0.03670336851152219
-0.03741778325033851
-0.038183481747156106
-0.03900851513457631
-0.03990300848404538
-0.04087980543346112
-0.04195520908245388
-0.043150137382507
-0.04449143870739375
-0.04601378840937391
-0.047762159592185924
-0.04979485932004654
-0.052187765828129666
-0.05503981015074533
-0.05848019581700955
-0.06267785683984055
-0.0678540589235868
-0.07429876329583426
-0.08239234171780102
-0.09263414425829693
-0.10568015415313656
-0.12239263262096563
-0.1439055985358744
-0.17171122391060062
-0.20777384862944645
-0.25468056713108694
-0.3158400994397079
-0.39574564298738457
-0.5003224053989273
