-0.49984090757003635
-0.3945538612064517
-0.314116551177042
-0.25257202599375345
-0.20539926690322202
-0.16916571399224534
-0.14126419892601602
-0.11971370091706826
-0.10300837128686553
-0.09000307258108024
-0.0798266089507238
-0.07181587700291163
-0.06546590600021628
-0.060391921209301876
-0.05630054889911835
-0.052967946934498765
-0.050223174900036985
-0.047935568264351955
-0.04600512527097732
-0.0443552167955493
-0.042927023263878455
-0.04167531122134153
-0.04056521889837856
-0.039569808952063704
-0.03866819276479149
-0.03784411990218109
-0.03708489154754971
-0.03638053105244988
-0.03572315838604277
-0.03510650720266777
-0.034525557160469435
-0.033976246987354575
-0.033455269963392785
-0.03295990268013629
-0.03248788239645355
-0.032037298146980406
-0.031606480116292066
-0.031194081376146935
-0.030798893633470072
-0.030419858002452217
-0.030056032593784518
-0.02970658133952725
-0.02937074677675855
-0.029047841420267884
-0.028737239605245067
-0.028438367672969825
-0.028150692224673136
-0.027873722891502046
-0.027607004580558786
-0.027350106625619687
-0.027102629760978658
-0.026864198326302016
-0.02663446767927658
-0.026413110775723697
-0.0261998180709903
-0.02599429978442046
-0.02579629161060799
-0.025605507432372446
-0.025421724574577923
-0.02524471305613589
-0.02507425683210443
-0.024910145374114626
-0.02475218661497202
-0.02460019197186558
-0.024453993058978538
-0.024313385753154535
-0.02417823222588476
-0.024048381989495375
-0.02392369921399359
-0.0238040520171722
-0.023689308520611893
-0.02357934884190142
-0.023474070819643165
-0.02337336045741739
-0.023277117897365696
-0.023185251313970014
-0.02309766739735646
-0.023014273957080358
-0.022934997139803858
-0.022859761764677494
-0.022788493397478363
-0.02272113030566472
-0.02265760777305252
-0.022597862053341036
-0.022541847747790174
-0.02248951699279718
-0.0224408144201803
-0.022395700272814706
-0.022354135127001754
-0.02231607997210089
-0.022281508964842586
-0.022250381571688335
-0.022222674646404383
-0.022198368140351095
-0.022177431572372282
-0.022159858790464518
-0.022145632440240166
-0.022134733284113917
-0.022127151376010366
-0.022122891186345663
-0.02212194527830133
-0.022124317206817207
-0.022129999518134588
-0.02213900844414398
-0.022151348645196384
-0.02216703552030313
-0.022186071982183683
-0.022208485165898045
-0.022234291992112513
-0.02226352074140149
-0.02229618551995554
-0.022332326977884204
-0.022371973440189027
-0.022415168842023322
-0.022461935753906263
-0.022512332444375564
-0.022566370174755726
-0.022624128584238186
-0.022685647064317045
-0.02275098942391187
-0.022820208214418124
-0.022893373151938654
-0.022970557583367805
-0.0230518881995088
-0.02313738870412029
-0.023227153366213366
-0.023321262381946862
-0.02341982095885638
-0.023522917552072812
-0.023630667498803007
-0.023743175269258638
-0.023860564128123377
-0.02398295466378476
-0.02411048120905294
-0.024243286903134778
-0.024381508441568576
-0.02452529795584462
-0.024674827105326334
-0.024830264723648823
-0.024991796184683314
-0.025159612521542384
-0.025333920999626017
-0.025514934138273278
-0.025702879085504126
-0.025897997909331276
-0.02610054896103744
-0.02631079157964626
-0.026529013180811696
-0.026755499332658094
-0.026990606591133927
-0.027234667234749092
-0.027488038460065367
-0.027751102186286673
-0.028024270306688304
-0.028307984817279117
-0.028602713507996067
-0.028908966049905605
-0.02922729529999396
-0.029558298100709392
-0.029902619821696362
-0.030260965327928352
-0.030634113222207365
-0.031022928638665306
-0.03142837064528232
-0.031851527236454895
-0.03229362321347786
-0.03275609790622276
-0.033240583010783926
-0.033749014633234736
-0.034283682670822026
-0.03484734818816837
-0.035443343277745565
-0.036075747608191364
-0.03674960269161062
-0.03747119153605941
-0.03824840607495517
-0.039091222517280304
-0.040012352961228854
-0.04102799924442798
-0.04215902150031798
-0.043432267819740446
-0.04488249241341494
-0.046554775273544825
-0.04850773224244361
-0.05081772617868342
-0.05358440812117241
-0.056938003416473426
-0.06104887616353847
-0.06614020857832528
-0.072504533784269
-0.08052563304660909
-0.09070731907253815
-0.10371136909786409
-0.1204075129950546
-0.14193934093045657
-0.1698111876412397
-0.20600277642725154
-0.25312053425963743
-0.31459730331832636
-0.3949561714723153
-0.5001590924299637
