-0.5047266696005029
-0.4833937821082913
-0.4634229279915828
-0.44470624726109187
-0.4271459243372858
-0.4106531134051381
-0.3951469887552487
-0.3805539164801944
-0.36680671757904176
-0.3538440184385148
-0.341609674318679
-0.3300522585983546
-0.31912460792606495
-0.3087834187567654
-0.2989888840891428
-0.28970437209952987
-0.2808961340017079
-0.27253304696878144
-0.2645863804158877
-0.2570295856237051
-0.24983810701215045
-0.2429892119357076
-0.23646183111958102
-0.23023642830781996
-0.22429486953491354
-0.21862030712167746
-0.21319707671636118
-0.20801060074233782
-0.20304730776428648
-0.19829455028159687
-0.19374053258436713
-0.1893742463202847
-0.18518540999324723
-0.1811644151406753
-0.17730227546031796
-0.1735905805398994
-0.1700214544126095
-0.16658751596801746
-0.163281844839434
-0.1600979476051635
-0.1570297269963908
-0.15407145591779003
-0.15121774957026812
-0.1484635457533454
-0.14580411120706618
-0.14323492660338186
-0.14075176184052024
-0.13835063114131793
-0.1360277739435821
-0.13377964061391964
-0.13160287805115986
-0.12949432197857683
-0.1274509774717177
-0.12547001087070286
-0.12354874607723379
-0.12168464463977631
-0.11987530129364694
-0.11811843632620395
-0.11641188703870453
-0.11475360822857585
-0.11314164898574891
-0.11157416545493884
-0.11004939701074123
-0.1085656701340404
-0.10712140137942608
-0.10571507839072299
-0.10434526665035607
-0.1030105979541132
-0.10170975501681265
-0.1004415040940419
-0.09920465921831341
-0.09799808350385851
-0.09682069211688145
-0.09567145525352524
-0.09454938704749917
-0.0934536259123637
-0.09238319952953673
-0.09133717092359042
-0.09031476968018141
-0.08931525092109069
-0.0883378764041519
-0.08738190042548738
-0.08644662467004115
-0.08553140728184393
-0.08463561506680176
-0.08375863268938576
-0.08289966659665257
-0.08205835050479215
-0.08123413891415783
-0.08042655302536146
-0.07963515804222104
-0.07885940945109218
-0.07809885154602088
-0.07735304842130028
-0.07662152430533278
-0.07590390513028647
-0.07519978284114132
-0.07450878523692372
-0.07383053308402385
-0.07316468502117014
-0.07251090831377931
-0.07186887425306322
-0.07123823600953687
-0.07061871678364287
-0.07001001234215377
-0.06941184262154276
-0.06882392956131327
-0.06824599052498992
-0.06767779209893315
-0.06711906153696681
-0.06656956145171693
-0.06602907706718755
-0.0654973758963117
-0.06497422245573468
-0.06445943000066748
-0.06395275392904542
-0.06345412422061
-0.06296319953893949
-0.06247983034219151
-0.062003861524272674
-0.06153513513489759
-0.06107347012755201
-0.060618708808680234
-0.060170678135669745
-0.059729236452218504
-0.05929421473017286
-0.058865489376990134
-0.05844292123605087
-0.05802639828295519
-0.05761574067169974
-0.05721085927061439
-0.05681164807919484
-0.05641794322923062
-0.056029736606903226
-0.055646898712059745
-0.05526927427101302
-0.054896713082812396
-0.05452920939732394
-0.05416652667581694
-0.05380861521488124
-0.053455366230352595
-0.05310672901010439
-0.05276258600560007
-0.05242289442288842
-0.05208751550856411
-0.05175636630857851
-0.05142933867419543
-0.051106365343697654
-0.05078735325298965
-0.05047224600952946
-0.05016094823892251
-0.04985343249857956
-0.0495496780193153
-0.04924957003107091
-0.04895307254264512
-0.04866014125137668
-0.04837053439977631
-0.04808405887841877
-0.04780065911938421
-0.04752041868127631
-0.04724308665035988
-0.046968943199817384
-0.046698057653445514
-0.046430758008462684
-0.046166954201555616
-0.04590624803561682
-0.045648680823362896
-0.04539392040686414
-0.04514198292530351
-0.04489302760433304
-0.04464679239455148
-0.04440330975358421
-0.04416250020654492
-0.04392438993603806
-0.04368899446414763
-0.04345608591812784
-0.043225716543130954
-0.04299784714153481
-0.04277240920299736
-0.04254951695730023
-0.042328924039195526
-0.042110605721418885
-0.041894702217547805
-0.0416810622226865
-0.04146978485420618
-0.04126081475486358
-0.04105398233629138
-0.04084937522203903
-0.04064683191655197
-0.04044652114790293
-0.04024834234855879
-0.0400522212492211
-0.03985811626850369
-0.039666234094710165
-0.03947620756113968
-0.03928813360697308
-0.039101990271896855
-0.03891771700361544
-0.03873537004238401
-0.03855478318097315
-0.03837603706844983
-0.03819906637885415
-0.038023812403849076
-0.037850396235257336
-0.0376784826567162
-0.03750837641642626
-0.037339927460917924
-0.03717305111228736
-0.037008010053673795
-0.03684445656951289
-0.036682446679211674
-0.036521997219622765
-0.03636320751588933
-0.03620594469671119
-0.036050271879712104
-0.03589597612280723
-0.03574334255841586
-0.03559177551579857
-0.03544193367788057
-0.0352935396089588
-0.03514658082630385
-0.03500098733500988
-0.03485672738158326
-0.03471321635837572
-0.03457147487403464
-0.03443118835255935
-0.03429247391526063
-0.03415434438756878
-0.03401771910361897
-0.03388242253839505
-0.03374839995425286
-0.033616084696946706
-0.03348443320042036
-0.03335407890160608
-0.03322515729905255
-0.03309742704088504
-0.03297104661837411
-0.03284594723685153
-0.0327220699077594
-0.03259898359293604
-0.03247724974782
-0.03235690262910956
-0.03223789019960733
-0.032120162191864955
-0.03200332474646857
-0.031887750779642
-0.03177340155578233
-0.03166064969437736
-0.03154895650896264
-0.03143838210429493
-0.03132923410135898
-0.031221267451412214
-0.031114687701731075
-0.031009376414518446
-0.030905485826191036
-0.030802964062679856
-0.030701843098295607
-0.03060203114774415
-0.030503270827627604
-0.030395599505921276
-0.030299425312362887
-0.03020450470493471
-0.030099990121054642
-0.030007642382968318
-0.029916843160423954
-0.029827548756227642
-0.02973974398297086
-0.0296530450628737
-0.029556539893636196
-0.029461088631117544
-0.029366514434760054
-0.029272889911016068
-0.02918004009451798
-0.029088148413227113
-0.028997339502500052
-0.02890768726987099
-0.028818317807300153
-0.028729683556200137
-0.02864197070568797
-0.02855499829865848
-0.028468880610932466
-0.028383513934150152
-0.028299030675323935
-0.028215463643359796
-0.02813237960191613
-0.028049996371427063
-0.02796846781188567
-0.027887516550756945
-0.027807528568563628
-0.0277281368709016
-0.02764932382307568
-0.027571110505868794
-0.02749343975060284
-0.027416295397615437
-0.0273397146076945
-0.027263721921003882
-0.027188299678334422
-0.02711336379521203
-0.027039354227783648
-0.026965970333125748
-0.026893203634409325
-0.02682107833891989
-0.026749420596553792
-0.026678053968708728
-0.026607224355164705
-0.02653700723348028
-0.026467475440658438
-0.02639911068357346
-0.026331553660381587
-0.02626484272397586
-0.026198661062615387
-0.026133030635197754
-0.026067966554351524
-0.02600352818346507
-0.025939353717064025
-0.02587574438100077
-0.025812536602221135
-0.025749701536338574
-0.025687463016359782
-0.02562583674619071
-0.025564387421526724
-0.025503387609723104
-0.0254431615505017
-0.0253831409268507
-0.025323676234773176
-0.025270601301270602
-0.025214305867581326
-0.025157744330024955
-0.025101050613687798
-0.025044971391426404
-0.024989240225274715
-0.024934375997587615
-0.02488024907328519
-0.024826725538126378
-0.02477388471113012
-0.02472149094290747
-0.024669388249768616
-0.024617425144256046
-0.024566105761331274
-0.024515225320646393
-0.02446493762006643
-0.024415046513388976
-0.02436570950317914
-0.024316769220674602
-0.02426838342205833
-0.024220310271973727
-0.024172510839878168
-0.02412542641246357
-0.024078743341974355
-0.024032404092038395
-0.02398658532691295
-0.023941015912506643
-0.02389588831102168
-0.023851399615158187
-0.02380730148023381
-0.023763514951410703
-0.02372010332986152
-0.023677316389040855
-0.023634742472121682
-0.02359260459103498
-0.02355076104728525
-0.023509624047032756
-0.02346877459195412
-0.023428213728595496
-0.02338809529336505
-0.023348329226453465
-0.023309111298983515
-0.023270296163305264
-0.023231836555783442
-0.023194011762374907
-0.023156407373453158
-0.02311928792323977
-0.02308252654405153
-0.023046207839985088
-0.023010239235996016
-0.022974660128240135
-0.022939545503090027
-0.02290478889216895
-0.02287033379021324
-0.02283650166343396
-0.022803034507778507
-0.0227698811719825
-0.02273734762495453
-0.022705342504080323
-0.02267387320804046
-0.022642458937080025
-0.022611534686059972
-0.022580842015923613
-0.02255049576822971
-0.022520659405155536
-0.022491154660198596
-0.022462148962723267
-0.022433533505445465
-0.022405086131007827
-0.02237710943263707
-0.02234939647626467
-0.022322097151043503
-0.022295436245880186
-0.022269109155266798
-0.022242970154718083
-0.02221713031333045
-0.022191409546729445
-0.02216615685479959
-0.022141211368128664
-0.022116551724001024
-0.022092287730321864
-0.022068063686532812
-0.0220441234835342
-0.022020080272725326
-0.021996122043931927
-0.021972509237345426
-0.02194919237564795
-0.02192608040800883
-0.02190333163718103
-0.021880788357554488
-0.021858485496203006
-0.021836575184841996
-0.021815050304985692
-0.02179403931337533
-0.021773066213387548
-0.02175207654996408
-0.02173191445119451
-0.021712190777995962
-0.021692582021469065
-0.02167331764731463
-0.021653854992090864
-0.02163512036710117
-0.02161687760388773
-0.021599026597618646
-0.021581128683178682
-0.02156399512856312
-0.021547428473466905
-0.0215309230185111
-0.021514754756652172
-0.021498888696890706
-0.021483907527830637
-0.021468671354454735
-0.021453569229240826
-0.021439069506250675
-0.021424852929023287
-0.02141088468233096
-0.021397264064561033
-0.021384116083312404
-0.02137127853310707
-0.021358868137034897
-0.021346902765287407
-0.021335226546667797
-0.021323821061359723
-0.021312608322878287
-0.0213018714524001
-0.021291393768397456
-0.02128143200334399
-0.021271883178210722
-0.021262563029620644
-0.021253287102786126
-0.021244055427230527
-0.02123523694584522
-0.021226906928351122
-0.02121896020520096
-0.02121128277660549
-0.02120392984733146
-0.021196706002152184
-0.021189992810888007
-0.021183568026754286
-0.021177402949322893
-0.021171718943958022
-0.021166155212266228
-0.021161252303141434
-0.021156390178852166
-0.021151775953707163
-0.021147496101030647
-0.02114360456251332
-0.02113986047834
-0.021136394262291077
-0.021133196914951656
-0.021130236405254035
-0.021127631560614597
-0.021125081954941897
-0.02112284943262512
-0.021121076554028766
-0.021119352259443575
-0.02111797717518597
-0.021116824152068017
-0.021115836940867376
-0.021115200802463905
-0.021114579147178437
-0.021114350091214124
-0.02111436860633074
-0.021114645652864087
-0.021115224195661367
-0.021115924642800935
-0.02111668924979731
-0.021117903095781074
-0.021119326893748108
-0.021120985584287787
-0.02112292579051139
-0.02112481172394864
-0.021127067631203356
-0.021129144463563232
-0.021131773702706417
-0.021134711269863993
-0.021137601639092833
-0.02114096715756991
-0.021144298784306088
-0.021148178104543395
-0.021152101507257704
-0.021155926670478307
-0.021159930535243426
-0.021164260333856762
-0.021169162470048245
-0.021174090714070285
-0.021179467870389483
-0.02118506073281953
-0.021190840239047732
-0.0211965647284133
-0.021202463425474927
-0.021208593832552507
-0.02121481258389103
-0.021221083779407495
-0.021227745875276684
-0.021234447689031072
-0.02124108914451224
-0.02124755568664702
-0.0212542807213187
-0.02126083803442718
-0.021267326491374486
-0.021273747722017566
-0.021280588263767487
-0.021287455516694358
-0.021294242790982538
-0.021301358016427997
-0.021308478187860348
-0.021315835750151904
-0.021323375175530058
-0.021330792573724593
-0.021338466326076663
-0.02134661204388161
-0.02135513393346762
-0.021363656596926413
-0.02137254479438141
-0.0213817573984643
-0.0213912142157349
-0.02140087638002178
-0.021410897804410516
-0.021421118918178737
-0.021431706916355875
-0.021442716171113124
-0.021454041049868585
-0.021465745345122845
-0.021477601998895698
-0.02149002810356974
-0.021502768027677695
-0.021515915412355268
-0.021529441955147333
-0.02154345573765656
-0.021557796510038616
-0.02157246367682086
-0.021587614706723553
-0.021603253676901125
-0.02161928048655093
-0.021635721708157994
-0.021652577093863316
-0.02166993997410554
-0.021687644070911973
-0.021705733769970117
-0.021724071214122505
-0.021742844150437493
-0.0217620082232482
-0.021781604932590987
-0.021801529369217424
-0.021821804826791778
-0.02184257599284229
-0.02186356642360583
-0.021884943759596317
-0.021906666415571874
-0.021928842535853345
-0.02195131738079594
-0.021973945138216894
-0.021996892046985773
-0.022020116267724706
-0.02204342331174374
-0.022066955525189363
-0.02209090671348175
-0.0221152166908749
-0.02213989978240394
-0.022164813160929053
-0.022190006592223286
-0.022215615903599828
-0.02224140625560241
-0.022267609487268913
-0.022293637046366038
-0.02232035127761922
-0.02234723840870071
-0.0223746003068487
-0.022402359206919093
-0.022430364899736953
-0.022458558487555475
-0.022487444861253463
-0.02251662046030943
-0.022546024678639157
-0.022575885320319584
-0.022605915467373613
-0.022636217027697293
-0.02266716424107104
-0.022698255298756013
-0.022729733892443222
-0.022761596396953302
-0.022793643943875213
-0.022825779981576585
-0.022858150432973224
-0.022890781563405637
-0.022923977086695618
-0.022957508855869238
-0.022991292689698708
-0.023025502000630277
-0.023059830855845127
-0.023094723715205604
-0.023129794028847576
-0.02316537516281521
-0.023201280567285074
-0.023237357578382495
-0.02327396130971209
-0.02331088388558535
-0.02334818038912161
-0.023385854165319384
-0.023423818666052237
-0.023462462032989566
-0.023501244510647116
-0.023540504126016205
-0.023580325023262523
-0.02362062977359775
-0.023661380177225882
-0.023702460518579493
-0.023744030356125934
-0.023785734330078696
-0.023828171915960584
-0.023871031762004107
-0.02391417207907401
-0.023957407089865886
-0.024001340139473006
-0.024045718867097644
-0.02409040115219693
-0.02413562287419292
-0.024181382812680192
-0.024227623153756588
-0.024274384493742328
-0.024321681209498784
-0.024369319671698524
-0.024417593234613604
-0.024466322700927145
-0.024515454517193006
-0.024564979970662114
-0.024615167807516266
-0.02466581316268458
-0.024716942276797153
-0.02476862946378471
-0.024820714945646957
-0.0248732021890009
-0.024926217917851684
-0.024979717629687082
-0.025033654490242453
-0.02508801873785766
-0.02514295627755071
-0.025198399399297963
-0.025254315924460348
-0.02531069375509964
-0.02536756963414599
-0.025424943346820033
-0.025482796491307046
-0.02554115933530698
-0.025600006837470435
-0.025659365853831047
-0.025719241460597682
-0.025779645065162136
-0.025840578955515836
-0.02590202886733967
-0.025963984673085302
-0.02602646933507202
-0.02608949375167233
-0.0261530555374497
-0.02621716608576588
-0.026281823583151582
-0.02634704016889912
-0.02641281873014135
-0.02647914598598705
-0.02654603924384076
-0.02661349929371476
-0.026681566070428937
-0.026750209186315422
-0.026819403964798625
-0.02688920895720357
-0.02695961377627951
-0.027030663714681418
-0.027102319030879875
-0.027174539197427166
-0.027247404443788342
-0.027320823774111064
-0.027394795074533983
-0.02746956289048601
-0.027544850230456434
-0.027620914735506413
-0.027697632724486665
-0.02777487609878984
-0.027852920124934923
-0.027931536414435874
-0.028010810973753953
-0.02809076269545137
-0.02817141301355728
-0.028252719150968802
-0.02833472911351386
-0.028417419320604993
-0.028500828758828197
-0.02858495404735285
-0.028669794341332835
-0.028755353516657253
-0.02884163466555883
-0.028928649328845906
-0.0290164179958981
-0.029104903155875328
-0.02919416669481603
-0.029284192943263253
-0.029374985626557333
-0.029466576689547858
-0.029558966584773992
-0.02965209502254537
-0.029746006648047687
-0.029840698302056236
-0.02993618133295359
-0.03003245277501433
-0.030129657254903314
-0.03022752847869114
-0.030326245232481373
-0.030425808928664002
-0.030526221518557776
-0.03062749577440024
-0.030729653335543648
-0.030832655080367234
-0.030936603388184696
-0.031041471613125923
-0.031147109010427044
-0.03125365632007728
-0.03136112325736136
-0.03146952208417433
-0.03157885783941698
-0.031689140560357903
-0.03180037559581508
-0.03191260307387681
-0.032025798781474484
-0.03213996640212744
-0.03225515314659356
-0.03237134495980787
-0.0324885555026093
-0.03260681501521916
-0.03272610060858802
-0.03284642635619389
-0.03296782703862256
-0.033090270345096394
-0.03321378488324296
-0.03333837504775414
-0.03346402684187999
-0.033590757716581474
-0.033718599229758325
-0.03384749790363122
-0.03397750335731825
-0.03410860422675315
-0.03424082530634221
-0.034374165110926794
-0.03450877679894586
-0.034644425963747165
-0.034781326891914696
-0.03491921727866059
-0.035058367345039594
-0.03519870698427601
-0.03534023965410607
-0.035483015338569276
-0.0356271298408426
-0.03577247896056296
-0.035919121215399696
-0.03606690137998989
-0.036215955388397794
-0.036366403647532186
-0.03651814138594706
-0.03667120614051966
-0.03682572524791349
-0.036981322112603944
-0.03713830680607689
-0.03729671366489627
-0.03745666382802388
-0.03761800059329264
-0.037780737568638076
-0.03794485720716939
-0.03811027740448749
-0.03827737382068199
-0.038445865876003536
-0.03861571286297583
-0.0387870540140779
-0.0389596997060229
-0.03913388070642336
-0.03930972509655142
-0.03948682042480633
-0.039665514090978626
-0.03984583019044978
-0.040027837314179304
-0.04021130795527796
-0.04039634850202309
-0.04058297967211384
-0.04077132446527558
-0.04096514014269312
-0.04116169282993574
-0.04136021987982015
-0.04156069758685513
-0.041763059918551546
-0.041962461603466304
-0.04216837360182362
-0.04237624165833498
-0.04258607810100957
-0.04279789812701551
-0.04301183379476742
-0.04322785411045984
-0.043446002925913704
-0.04366630598676408
-0.04388879080890466
-0.04411352296609378
-0.044340522983345246
-0.04456983414532851
-0.0448014785284685
-0.045035501779199974
-0.04527193579112657
-0.04551084826245543
-0.045752275448635464
-0.0459962874722596
-0.04624286208529272
-0.04649203884090926
-0.04674393884841714
-0.04699850574365838
-0.0472558214075384
-0.047515928848756425
-0.047778867603766303
-0.04804469007246783
-0.048313461908506695
-0.04858524698835535
-0.048860049648349585
-0.04913792197751554
-0.04941892349256476
-0.04970313654961018
-0.0499905994810227
-0.050281446075938284
-0.05057568466169739
-0.05087338526147475
-0.05117461295294642
-0.05147941300144466
-0.051787883135123725
-0.05210007557334391
-0.052416061118423854
-0.05273591965948777
-0.053059720007922584
-0.05338751179265652
-0.053719397306210316
-0.054055452043450664
-0.05439576372792994
-0.05474039980003356
-0.05508944386966959
-0.055442988235295566
-0.05580113743468355
-0.056163751546398064
-0.056531017400693225
-0.05690316372787285
-0.05728027935335454
-0.05766252328760864
-0.058049966817003716
-0.05844273133456139
-0.05884094710930012
-0.05924468614111512
-0.05965405627041332
-0.060069218417769424
-0.06049028833926685
-0.060917418767812745
-0.06135074649859578
-0.06179040939097574
-0.06223654654623708
-0.06268931097249159
-0.06314888335685376
-0.0636153949122897
-0.06408899331650011
-0.06456991566840549
-0.06505822769637122
-0.06555417303300402
-0.06605797369602431
-0.06656976088376217
-0.06708975786709924
-0.06761817623256892
-0.06815524700865168
-0.06870119025411689
-0.06925624616356625
-0.06982051342370947
-0.07039422833135765
-0.07097766519975973
-0.07157111132096938
-0.07217485892834358
-0.07278918243640305
-0.07341437814515338
-0.07405073995233205
-0.07469858332993308
-0.07535823945560617
-0.07603004017362815
-0.07671432502521838
-0.0774114765958012
-0.07812184409337394
-0.07884582201748976
-0.0795838130439155
-0.08033624803198011
-0.08110357526980273
-0.08188623518228065
-0.08268469627381247
-0.0834994504596487
-0.08433100947624625
-0.0851798883168268
-0.08604665392248109
-0.08693189940767791
-0.08783621386134571
-0.08876021413442862
-0.08970456142975894
-0.0906699502596543
-0.0916570842262537
-0.09266673055808373
-0.09369965635640946
-0.09475667643809278
-0.09583865621987353
-0.09694648161660331
-0.09808108972380518
-0.09924346666996896
-0.10043464161573588
-0.10165570431919357
-0.10290777910469695
-0.10419204460733926
-0.10550974257291731
-0.10686234181842572
-0.1082511214455552
-0.10967743848924874
-0.1111428159166641
-0.11264885720249868
-0.11419724998646505
-0.11578977619600023
-0.11742830949849896
-0.11911482649032869
-0.12085141016441843
-0.12264026092917939
-0.12448370242816004
-0.1263841902698894
-0.1283443204401224
-0.13036684101517723
-0.13245465727406605
-0.13461085060546318
-0.1368386817967528
-0.1391416098154929
-0.1415233039804748
-0.14398765932315427
-0.1465388110223754
-0.14918115387940684
-0.15191936113344445
-0.15475841284413777
-0.15770359829009875
-0.16076055403583078
-0.16393528906249488
-0.16723421074486836
-0.17066416038944052
-0.17423244024214374
-0.17794685480096709
-0.1818157466324599
-0.185848038516742
-0.19005329526214584
-0.19444176263711618
-0.1990244252188293
-0.20381307096236065
-0.20882035382034703
-0.21405987403278784
-0.21954625910132383
-0.22529525029989186
-0.2313238023622428
-0.2376501898626785
-0.24429413237361552
-0.25127692086558595
-0.25862156632670935
-0.2663526849228979
-0.27449735417987037
-0.2830848307336763
-0.29214679562551615
-0.3017175870230768
-0.3118346321807452
-0.3225386635177884
-0.3338740645046514
-0.3458892504178285
-0.35863726781397065
-0.3721758684510675
-0.3865684222881316
-0.40188441505902933
-0.4182001572669114
-0.4355995775864312
-0.4541751255418892
-0.47402880112469964
-0.49527333039949706
