-0.5024034845781079
-0.48085059061642876
-0.46069528832984075
-0.44182688291848116
-0.42414501282971717
-0.40755853422070104
-0.39198454182749426
-0.3773475082394608
-0.363578533183788
-0.350614654610843
-0.3383982685024236
-0.3268766001086202
-0.31600130897845613
-0.30572793319250674
-0.29601562131040804
-0.2868267759566605
-0.27812675708298995
-0.2698836158800293
-0.2620678577480673
-0.2546522295025163
-0.2476115213763954
-0.2409223957221747
-0.23456323119546768
-0.22851397762399778
-0.2227560306372231
-0.21727210374664352
-0.21204613260236088
-0.2070631750373255
-0.2023093205076818
-0.19777161323410708
-0.1934379830699672
-0.18929715517786647
-0.18533861473186802
-0.18155254193834258
-0.17792976778240888
-0.17446180852933169
-0.17114064548778948
-0.16795879196030264
-0.16490922058534102
-0.16198534955258254
-0.15918099298679914
-0.15649036544268125
-0.15390800681050396
-0.15142882294877175
-0.14904801376539875
-0.14676104616723212
-0.14456364753055892
-0.14245183946862588
-0.14042183561491034
-0.13847004056649437
-0.13659311363283494
-0.13478791188342
-0.13305147297213576
-0.13138101111053224
-0.12977388304268947
-0.12822765365405156
-0.12673996668943857
-0.12530849255658522
-0.12393125689012935
-0.12260630672514754
-0.12133178755222714
-0.12010591832707415
-0.11892706544694952
-0.1177936424617967
-0.11670420993063664
-0.11565739133909038
-0.11465164273254776
-0.11368574760468678
-0.11275854893633662
-0.11186892839198467
-0.11101580922137522
-0.11019821722035811
-0.10941509956450104
-0.10866574643219434
-0.10794927256599235
-0.10726491808984605
-0.10661180476460848
-0.10598926945529644
-0.10539661230771288
-0.10483327073165959
-0.10429861277009896
-0.10379204996128769
-0.10331315510888796
-0.10286133934174227
-0.1024362038157498
-0.10203739272964045
-0.10166444488845473
-0.10131703278314076
-0.10099478561369164
-0.10069748589968404
-0.10042478939401017
-0.10017643120591388
-0.09995226428488142
-0.09975203183568288
-0.09957553829173307
-0.09942269028107893
-0.09929337917659625
-0.09918736429138403
-0.09910465134295542
-0.09904518459366278
-0.09900894493133433
-0.0989959024366551
-0.09900605586615929
-0.09903945178645521
-0.09909618145874319
-0.09917629744307899
-0.09927986593096642
-0.09940703429301218
-0.09955797943254714
-0.0997328480927767
-0.09993181385735007
-0.10015511889022019
-0.10040305169092673
-0.10067587329835996
-0.10097381298863842
-0.10129724840895374
-0.10164635423128487
-0.10202169544571141
-0.10242365696078153
-0.10285268991774
-0.10330927640103114
-0.10379392039794429
-0.10430727465551927
-0.10485003662893419
-0.10542262844195441
-0.10602572628043311
-0.10666002308896805
-0.10732629272979734
-0.10802528813971796
-0.10875786876898928
-0.10952492035216227
-0.11032739239908794
-0.11116627239698765
-0.11204261710066772
-0.1129575459579484
-0.11391221118553405
-0.11490785716081006
-0.11594582205714123
-0.11702749789257817
-0.11815436641482167
-0.11932800934702113
-0.12055006812744495
-0.12182223691368414
-0.12314642316937384
-0.12452462538638455
-0.12595886186248925
-0.12745134555646634
-0.12900436389835698
-0.13062033128032877
-0.13230201235507363
-0.13405213637912936
-0.13587360659896502
-0.13776956149506558
-0.13974330446750619
-0.14179834365957888
-0.1439383679271119
-0.14616734205793674
-0.1484894777111007
-0.15090925303658012
-0.15343140397301425
-0.15606100831186823
-0.158803500740647
-0.1616646637468406
-0.16465064811781094
-0.16776804511906834
-0.17102386095131236
-0.17442561780724408
-0.17798132202664751
-0.18169957193667877
-0.18558954857205787
-0.18966112489955306
-0.19392486531862765
-0.19839209418064319
-0.2030749612100611
-0.2079865206031255
-0.21314080507826702
-0.21855288594729516
-0.22423899277367984
-0.23021659781054288
-0.23650453324397763
-0.24312310206152343
-0.2500942915250352
-0.2574417193132962
-0.2651909846136216
-0.27336978917334376
-0.28200813297287386
-0.2911385359125434
-0.3007961886982599
-0.3110194621515816
-0.32185001259687473
-0.33333317993276695
-0.34551836885642384
-0.3584594776912741
-0.3722153786278735
-0.38685046211419993
-0.40243524447886386
-0.4190470433945281
-0.4367707921877434
-0.4556999058212779
-0.47593729469740936
-0.4975965154218921
