-0.49984090757371663
-0.39455386120931507
-0.3141165511793636
-0.2525720259957736
-0.20539926690514101
-0.16916571399421987
-0.14126419892816125
-0.11971370091946419
-0.1030083712895666
-0.090003072584108
-0.07982660895408115
-0.07181587700658758
-0.06546590600418509
-0.06039192121353264
-0.05630054890357356
-0.05296794693913611
-0.05022317490481138
-0.04793556826922793
-0.046005125275914514
-0.04435521680050243
-0.04292702326880524
-0.04167531122620861
-0.04056521890315708
-0.03956980895672431
-0.03866819276931207
-0.03784411990653933
-0.037084891551731544
-0.03638053105644267
-0.035723158389841136
-0.03510650720627601
-0.034525557163904826
-0.033976246990639745
-0.03345526996655554
-0.032959902683197886
-0.03248788239945556
-0.03203729814995217
-0.03160648011919952
-0.031194081379047445
-0.030798893636233664
-0.030419858005049715
-0.03005603259618896
-0.029706581341758773
-0.02937074677890389
-0.029047841422335442
-0.028737239607222763
-0.028438367674863917
-0.028150692226527333
-0.027873722893278923
-0.02760700458234517
-0.027350106627469114
-0.027102629762871068
-0.026864198328319096
-0.02663446768143739
-0.026413110777976877
-0.026199818073361487
-0.02599429978695731
-0.025796291613213583
-0.025605507434907804
-0.025421724577039975
-0.025244713058544917
-0.025074256834575228
-0.02491014537656198
-0.02475218661760488
-0.024600191974877443
-0.02445399306242952
-0.02431338575569158
-0.024178232228519062
-0.024048381991869164
-0.023923699216104388
-0.023804052019046718
-0.023689308522043578
-0.023579348842825504
-0.02347407082001108
-0.023373360457500488
-0.023277117896870553
-0.023185251313228017
-0.023097667396863523
-0.023014273956513155
-0.022934997139152848
-0.02285976176396745
-0.022788493396956166
-0.022721130305308132
-0.022657607772915495
-0.02259786205333676
-0.022541847747870856
-0.022489516992822613
-0.022440814419972626
-0.022395700272207324
-0.022354135125944086
-0.022316079970763465
-0.02228150896331912
-0.022250381570100543
-0.022222674644843232
-0.02219836813890956
-0.022177431571035376
-0.022159858789257716
-0.02214563243917131
-0.022134733283184004
-0.022127151375263634
-0.022122891185829222
-0.022121945278007652
-0.022124317206717082
-0.0221299995182123
-0.02213900844445218
-0.0221513486459022
-0.022167035521373918
-0.02218607198365422
-0.022208485166704477
-0.022234291992779855
-0.02226352074193143
-0.02229618552036949
-0.022332326978185393
-0.02237197344040195
-0.0224151688422379
-0.022461935754155612
-0.02251233244467228
-0.022566370175049814
-0.022624128584502773
-0.02268564706458306
-0.022750989424167742
-0.022820208214681455
-0.022893373152200164
-0.02297055758361029
-0.02305188819969436
-0.023137388704265162
-0.02322715336628796
-0.02332126238194694
-0.023419820958824507
-0.023522917552033628
-0.023630667498768427
-0.02374317526924362
-0.023860564128116366
-0.023982954663769925
-0.024110481209087795
-0.0242432869032193
-0.024381508441675723
-0.024525297955991086
-0.02467482710549595
-0.02483026472395068
-0.024991796185171482
-0.025159612522118905
-0.025333921000249154
-0.025514934138944734
-0.025702879086192152
-0.02589799790999221
-0.026100548961686905
-0.026310791580292762
-0.026529013181422187
-0.026755499333244243
-0.02699060659169729
-0.027234667235259018
-0.027488038460560815
-0.027751102186753765
-0.028024270307122266
-0.028307984817675554
-0.028602713508363974
-0.028908966050240775
-0.029227295300304337
-0.029558298100993013
-0.029902619821943043
-0.030260965328139235
-0.03063411322239724
-0.03102292863883392
-0.03142837064544104
-0.031851527236603165
-0.0322936232136179
-0.032756097906364176
-0.03324058301092064
-0.0337490146333681
-0.03428368267096865
-0.03484734818832488
-0.03544334327792423
-0.03607574760839766
-0.036749602691852686
-0.03747119153633671
-0.03824840607526825
-0.039091222517628615
-0.04001235296160819
-0.041027999244828355
-0.04215902150072179
-0.04343226782012011
-0.044882492413735035
-0.04655477527381256
-0.04850773224263933
-0.05081772617878816
-0.05358440812115974
-0.0569380034163218
-0.06104887616320107
-0.06614020857776645
-0.07250453378344549
-0.08052563304547554
-0.09070731907104787
-0.10371136909596852
-0.12040751299271661
-0.14193934092764252
-0.16981118763793548
-0.20600277642348636
-0.2531205342554985
-0.314597303313985
-0.3949561714680803
-0.5001590924262833
