-0.5024034469365435
-0.48085076181555114
-0.4606956551390343
-0.4418274308113184
-0.4241457266132574
-0.40755939852333223
-0.39198554147561687
-0.3773486285498414
-0.3635797601853253
-0.3506159750573207
-0.33839966865871535
-0.3268780687465054
-0.31600283523819656
-0.3057295070273108
-0.2960172335009387
-0.28682841801650577
-0.27812842157661627
-0.26988529585477333
-0.2620695469009198
-0.25465392209826626
-0.24761321224393434
-0.24092408026572848
-0.23456490519465706
-0.2285156373254523
-0.2227576727416697
-0.21727372532785705
-0.2120477307587526
-0.20706474750318832
-0.20231086528648398
-0.19777312839016026
-0.19343946674428353
-0.18929860569370582
-0.1853400307148008
-0.18155392212681756
-0.17793111176106177
-0.17446311543578769
-0.171141914637105
-0.1679600227752659
-0.16491041262235168
-0.1619865024433296
-0.1591821064485536
-0.15649143926863116
-0.15390904347495363
-0.15142981965388247
-0.14904897039566192
-0.14676196263194266
-0.14456452375302378
-0.1424526753807492
-0.1404226311549855
-0.1384707956744243
-0.1365938281917189
-0.1347885858394292
-0.13305210622474892
-0.13138160355314937
-0.12977443456378596
-0.12822816414022128
-0.12674043603405782
-0.12530892064824797
-0.12393164362907254
-0.12260665203356387
-0.12133209138282146
-0.12010618067607272
-0.11892728636835138
-0.11779382207872562
-0.11670434845471966
-0.11565748909420186
-0.11465174224133512
-0.1136858498651531
-0.1127586511152228
-0.1118690280699213
-0.11101590432944769
-0.11019830605855296
-0.10941518064433646
-0.10866581856199077
-0.10794933475952949
-0.10726496954365569
-0.10661184482219402
-0.10598929758245731
-0.1053966282417955
-0.10483327425633111
-0.10429860376237063
-0.10379202838301178
-0.10331312100437652
-0.10286129282755796
-0.10243614507502449
-0.10203732200564643
-0.101664362479196
-0.10131693904025621
-0.10099468093718433
-0.10069737074502591
-0.1004246642038054
-0.10017629646141296
-0.09995212043995017
-0.09975187938676738
-0.09957537777113724
-0.0994225222502188
-0.09929320421609718
-0.09918718299518842
-0.09910446431953318
-0.09904499246281577
-0.09900874832409676
-0.09899570199071876
-0.09900585222636277
-0.09903924560499316
-0.09909597339482945
-0.09917608816198542
-0.09927965610159104
-0.09940682459263894
-0.09955777054501809
-0.09973264064049477
-0.09993160851353454
-0.1001549163362556
-0.10040285261230604
-0.10067567838395729
-0.10097362293194158
-0.10129706390760222
-0.10164617598594314
-0.10202152416073011
-0.10242349334355444
-0.10285253467841675
-0.103309130253258
-0.10379378405778765
-0.104307148842629
-0.10484992206515906
-0.1054225258735342
-0.10602563645678774
-0.10665994676295845
-0.10732623065934409
-0.10802524108955976
-0.10875783750980705
-0.10952490566381531
-0.11032739506965727
-0.11116629322659842
-0.11204265688457414
-0.11295760550350155
-0.1139122913008129
-0.11490795865348931
-0.11594594572468124
-0.11702764453752813
-0.11815453683248324
-0.11932820432854419
-0.120550288477492
-0.1218224834451532
-0.12314669671473044
-0.12452492676182929
-0.12595919187582424
-0.12745170500863306
-0.12900475359555602
-0.13062075198780881
-0.13230246488338537
-0.13405262148605285
-0.1358741249730581
-0.13777011387139027
-0.13974389156163947
-0.1417989661635099
-0.14393902650064339
-0.14616803730465747
-0.1484902101769169
-0.15091002320943112
-0.1534322122547047
-0.15606185500115807
-0.15880438603022692
-0.1616655877085872
-0.16465161072258952
-0.16776904617749477
-0.1710249000677825
-0.17442669439217698
-0.17798243527711108
-0.18170072076305138
-0.1855907519166182
-0.18966238188963697
-0.19392617435999418
-0.198393453704909
-0.2030763688100589
-0.20798797348588502
-0.21314230094125564
-0.2185544217582429
-0.2242405652690061
-0.23021820384032962
-0.23650616861286522
-0.2431247621610945
-0.2500959712817448
-0.25744341362639406
-0.26519268738365986
-0.2733714936418669
-0.2820098316653567
-0.2911402206036483
-0.3007978503731686
-0.3110210909015045
-0.32185159776199873
-0.333334709942906
-0.3455198311111661
-0.3584608584632967
-0.3722166627871073
-0.3868516331851178
-0.40243628433169437
-0.4190479320828912
-0.43677150769970147
-0.4557004237510844
-0.47593758780415646
-0.4975965530634565
