-0.4998409075702328
-0.39455386120661434
-0.3141165511771784
-0.2525720259938688
-0.20539926690331758
-0.1691657139923223
-0.14126419892607547
-0.1197137009171113
-0.1030083712869019
-0.09000307258110604
-0.07982660895074208
-0.07181587700292431
-0.06546590600022173
-0.060391921209302535
-0.05630054889911621
-0.0529679469344941
-0.050223174900029734
-0.047935568264345356
-0.046005125270966854
-0.04435521679554083
-0.042927023263870163
-0.04167531122133467
-0.040565218898373216
-0.03956980895206046
-0.03866819276479232
-0.0378441199021841
-0.03708489154755667
-0.03638053105246095
-0.03572315838605574
-0.03510650720268373
-0.034525557160489016
-0.03397624698737736
-0.033455269963418494
-0.03295990268016441
-0.032487882396476965
-0.03203729814700794
-0.03160648011631715
-0.031194081376174947
-0.03079889363349997
-0.03041985800248221
-0.03005603259380282
-0.02970658133955086
-0.029370746776779286
-0.02904784142029542
-0.02873723960527435
-0.028438367672997865
-0.028150692224702168
-0.02787372289153184
-0.02760700458058645
-0.02735010662564646
-0.027102629761001838
-0.02686419832632292
-0.026634467679295573
-0.026413110775739487
-0.026199818071002714
-0.025994299784431362
-0.0257962916106198
-0.025605507432379975
-0.02542172457458445
-0.02524471305614677
-0.02507425683211956
-0.02491014537413853
-0.024752186615005087
-0.02460019197190039
-0.024453993059007913
-0.02431338575317938
-0.024178232225909927
-0.024048381989517417
-0.023923699214016186
-0.02380405201719389
-0.02368930852062996
-0.023579348841914954
-0.023474070819649372
-0.023373360457423005
-0.02327711789737892
-0.02318525131398241
-0.023097667397366566
-0.02301427395709208
-0.022934997139817268
-0.02285976176469378
-0.022788493397496886
-0.022721130305679925
-0.022657607773067388
-0.022597862053352402
-0.02254184774779535
-0.02248951699279658
-0.022440814420177268
-0.022395700272806476
-0.022354135126989184
-0.022316079972085578
-0.022281508964828618
-0.022250381571670804
-0.022222674646382327
-0.02219836814033251
-0.022177431572346615
-0.022159858790438504
-0.022145632440217344
-0.022134733284089016
-0.022127151375985563
-0.02212289118632184
-0.022121945278279754
-0.022124317206798645
-0.0221299995181216
-0.022139008444136816
-0.022151348645194864
-0.02216703552030646
-0.022186071982190178
-0.02220848516590408
-0.022234291992118724
-0.02226352074141127
-0.022296185519965827
-0.022332326977894366
-0.022371973440201944
-0.02241516884203971
-0.022461935753924016
-0.022512332444398448
-0.022566370174779096
-0.022624128584259415
-0.022685647064338708
-0.02275098942393641
-0.022820208214444127
-0.02289337315196679
-0.022970557583396993
-0.023051888199539277
-0.023137388704144776
-0.023227153366230147
-0.02332126238195779
-0.02341982095886225
-0.023522917552076018
-0.023630667498802535
-0.023743175269256164
-0.02386056412811963
-0.02398295466377792
-0.02411048120905087
-0.024243286903144794
-0.024381508441572452
-0.024525297955834496
-0.024674827105293277
-0.02483026472359635
-0.024991796184610667
-0.025159612521459367
-0.02533392099953882
-0.025514934138186656
-0.02570287908542389
-0.02589799790925756
-0.026100548960973073
-0.02631079157959479
-0.026529013180770535
-0.02675549933262899
-0.02699060659111606
-0.027234667234742195
-0.027488038460068993
-0.02775110218629806
-0.028024270306707826
-0.02830798481730501
-0.028602713508025866
-0.028908966049935342
-0.029227295300024176
-0.029558298100742147
-0.029902619821727816
-0.03026096532795585
-0.030634113222231044
-0.031022928638684902
-0.03142837064529701
-0.03185152723646396
-0.032293623213480914
-0.03275609790622073
-0.033240583010775177
-0.03374901463321797
-0.03428368267079788
-0.03484734818813195
-0.035443343277701295
-0.03607574760813832
-0.036749602691548595
-0.03747119153599561
-0.03824840607488042
-0.039091222517196475
-0.040012352961135894
-0.04102799924432777
-0.042159021500210364
-0.043432267819626356
-0.044882492413299134
-0.04655477527342745
-0.04850773224232094
-0.05081772617856054
-0.05358440812105117
-0.05693800341635339
-0.0610488761634241
-0.06614020857821666
-0.07250453378416796
-0.0805256330465179
-0.09070731907245964
-0.10371136909779913
-0.12040751299500296
-0.14193934093041669
-0.16981118764120448
-0.2060027764272188
-0.25312053425959646
-0.3145973033182596
-0.39495617147219697
-0.5001590924297672
