-0.4962766016775368
-0.39684084672411
-0.32090921265882344
-0.2628072687509254
-0.21823944732720724
-0.18395261615202116
-0.15748205518513875
-0.13695956269577467
-0.12096843906016186
-0.10843384849278745
-0.09853989951855684
-0.09066690767309725
-0.08434391304392143
-0.07921273241306637
-0.0750007328755093
-0.07150019916339198
-0.06855270655250921
-0.06603726781848979
-0.06386134802539925
-0.061954045892180405
-0.06026092217309811
-0.05874007179301611
-0.05735914827378291
-0.056093085107141206
-0.05492238762638526
-0.053831817361802974
-0.052809398368470595
-0.05184565590421771
-0.050933042587774424
-0.05006549629631461
-0.04923810434798246
-0.04844684257304802
-0.0476883927412899
-0.04695997339913041
-0.046259236425933895
-0.04558417491245581
-0.044933050587563576
-0.04430435323759273
-0.04369674245028236
-0.043109026112149396
-0.04254013186035915
-0.04198908680866739
-0.041455001142348916
-0.040937055211013484
-0.04043448980852292
-0.03994659309115013
-0.03947269807560162
-0.03901217618701903
-0.038564432724227715
-0.03812890493607574
-0.03770506017752657
-0.0372923962970466
-0.03689044155675796
-0.03649875566264415
-0.03611693029015193
-0.03574458888790052
-0.035381384543050405
-0.035026996802279955
-0.03468112699534132
-0.034343493084905904
-0.03401382394301277
-0.033691855846224396
-0.03337732905953947
-0.03306998662446443
-0.032769574748612626
-0.03247584308157438
-0.0321885464844323
-0.03190744761828953
-0.03163231368753761
-0.031362923770410535
-0.031099069142744764
-0.030840551249128437
-0.030587181674698073
-0.03033878218410868
-0.030095182957209636
-0.029856231036366688
-0.029621772510635393
-0.029391649294554536
-0.029165738824085692
-0.028943914555778643
-0.028726060359077116
-0.02851204833439373
-0.028301768855498052
-0.028095112280100698
-0.027891990389607924
-0.027692313261252367
-0.027495955567818843
-0.02730285331083742
-0.027112923775671177
-0.026926068688665
-0.026742264888779968
-0.026561386084829296
-0.02638336053812588
-0.026208129640605763
-0.026035592602924772
-0.025865707898218016
-0.0256984173364502
-0.025533667779729652
-0.025371396980796095
-0.02521152279308244
-0.025053997294434086
-0.024898786466041357
-0.024745818083278928
-0.024595043064853727
-0.024446412214302788
-0.024299880727592912
-0.02415539750855655
-0.024012919512074474
-0.02387240900764266
-0.023733814252567112
-0.023597097230672822
-0.023462219907279654
-0.02332913862245274
-0.02319782270297064
-0.023068231232834396
-0.02294032291101097
-0.02281407839734439
-0.022689451416106197
-0.02256640927913948
-0.022444924355657453
-0.022324967867817676
-0.022206509547242397
-0.022089520431110114
-0.021973971610420927
-0.021859835282652746
-0.021747085825197004
-0.021635697584728438
-0.02152564354388761
-0.021416900403274722
-0.021309442641147355
-0.021203249901028436
-0.021098296659136023
-0.02099456199740629
-0.020892027771357086
-0.02079067104163206
-0.02069046714185578
-0.020591394952949708
-0.02049344272066315
-0.020396582647567527
-0.020300798011075684
-0.020206075743680697
-0.020112395346500247
-0.020019742176407163
-0.019928093687284237
-0.01983743639810607
-0.01974775009537549
-0.019659023766652163
-0.019571245273290558
-0.019484402495983162
-0.019398482679369045
-0.01931347123736504
-0.019229357067850627
-0.01914613308180534
-0.01906378231053826
-0.01898229144936199
-0.018901649960005013
-0.01882183492023755
-0.018742828762454117
-0.01866461890224275
-0.018587196677829872
-0.018510542931193197
-0.018434649107739384
-0.018359505681637654
-0.01828510591619912
-0.018211431626837637
-0.018138448232870773
-0.01806615642881934
-0.017994534499014697
-0.017923574877156255
-0.017853285271295156
-0.017783643787883396
-0.017714648435494786
-0.017646282165013044
-0.017578539977365186
-0.017511414299186873
-0.017444890022067342
-0.017378970793471674
-0.01731364401598148
-0.017248924907857024
-0.017184793672327395
-0.017121230364768886
-0.017058222095897586
-0.016995771322158425
-0.016933868994769084
-0.01687251041644409
-0.01681169862576937
-0.016751411720881394
-0.01669165340496996
-0.016632417127503255
-0.016573696924727002
-0.01651548716355962
-0.016457781668505637
-0.01640057004076852
-0.01634385341145568
-0.01628761752089513
-0.01623186779559336
-0.01617658963322569
-0.016121773369402934
-0.016067419609941635
-0.01601353542681802
-0.015960103051784795
-0.01590711893997733
-0.015854574919941276
-0.015802473972721907
-0.015750805489734676
-0.01569955787771285
-0.01564873243571491
-0.015598323368238303
-0.01554833171238778
-0.015498745860934785
-0.015449560793414982
-0.015400777784202466
-0.015352394292091318
-0.015304398158518355
-0.01525678678119144
-0.01520955410189712
-0.01516270126098662
-0.015116222186122694
-0.015070105669017501
-0.015024359858253919
-0.01497898327321705
-0.014933967429923234
-0.014889301969296146
-0.014844984163098821
-0.01480104029153749
-0.014757417866078112
-0.014714147702299889
-0.014671198639099436
-0.014628598621436773
-0.014586338213362693
-0.014544412492453904
-0.014502807982275429
-0.014461501702283271
-0.014420549210743497
-0.014379925040087437
-0.014339576060645686
-0.01429959287507139
-0.014259902387271496
-0.014220516496151756
-0.014181417981318898
-0.014142644271667108
-0.014104171256610527
-0.014066016113154133
-0.014028149688269827
-0.01399060177903829
-0.013953353914137108
-0.013916396372003053
-0.013879758649553143
-0.01384338808589892
-0.013807322877846804
-0.013771561603793597
-0.013736076289930807
-0.01370088579436568
-0.013665977732160463
-0.013631351310798623
-0.013597010020813817
-0.013562948363377372
-0.013529161470295878
-0.013495623917441735
-0.013461585207786432
-0.013428754520853882
-0.013396142004830322
-0.013362987732495606
-0.01333104214606971
-0.013299307325617758
-0.013267820019878848
-0.013236572789718478
-0.013205532144238797
-0.013173894584234326
-0.013142596721937468
-0.013111580282181269
-0.01308080467476736
-0.013050258706237466
-0.013019954177874033
-0.01298994122406346
-0.012960158149327708
-0.01293056744901083
-0.01290120414442594
-0.01287208294582968
-0.012843215658527583
-0.012814593740241907
-0.01278622543736995
-0.012758027462648156
-0.012729995078480438
-0.012702202772466897
-0.01267464676713989
-0.012647303670271889
-0.012620129577837192
-0.012593240565917131
-0.012566510208454377
-0.012539939043070353
-0.012513573484315388
-0.012487383118513856
-0.012461375718690201
-0.012435544468738334
-0.012409894369891645
-0.012384455720777746
-0.012359223325403778
-0.012334262282836387
-0.012309514519474775
-0.012284978011200381
-0.012260645024681584
-0.012236510762617303
-0.012212532527545233
-0.012188759341609907
-0.012165175591407899
-0.012141794632974807
-0.0121186139578705
-0.012095625910805041
-0.012072822277932478
-0.012050221945137756
-0.012027791075811338
-0.012005522442599479
-0.011983451003011878
-0.011961539169600195
-0.011939827339064686
-0.011918244131732966
-0.011896868554953248
-0.01187559225191644
-0.011854527225724576
-0.011833575529498496
-0.011812809507901326
-0.011792268624178986
-0.01177191762698621
-0.011751736279126535
-0.011732081030466128
-0.011712280150400862
-0.011692589515675514
-0.011673011275322769
-0.011653605741377741
-0.011634355894606966
-0.011615288160184135
-0.011596443868975
-0.011577697336228267
-0.011559121762600643
-0.011540729820398304
-0.011522470103765224
-0.011504322831616311
-0.011486366648551098
-0.011468542921368412
-0.011450870417852142
-0.011433336487371349
-0.011415948900183076
-0.011398699672377218
-0.01138159629263539
-0.011364627014883702
-0.01134778792768309
-0.01133109897019858
-0.011314550261088227
-0.01129813130617573
-0.011281855392625802
-0.011265708957589365
-0.011249710361705044
-0.01123386105717219
-0.011218137177372273
-0.011202542059273683
-0.011187073382354812
-0.01117174916677798
-0.011156549492097951
-0.011141482396559294
-0.011126546473838242
-0.011111749388104648
-0.01109708076022968
-0.011082530115367032
-0.011068106643404081
-0.011053807934664964
-0.011039646139284978
-0.011025610261974373
-0.011011698744256832
-0.010997915641462378
-0.010984256756554268
-0.010970725959120936
-0.010957324195437173
-0.010944049327231142
-0.010930903625908537
-0.010917876393400987
-0.010904981213343191
-0.010892211819876202
-0.010879508706147387
-0.010866988737326413
-0.010854567029143124
-0.010842214597696909
-0.010830012293390465
-0.010817943818006605
-0.010806010499095646
-0.010794187165491223
-0.010782475906836448
-0.010770875398032564
-0.010759372295802361
-0.010747983804795174
-0.010736707139089665
-0.010725568644892216
-0.01071454311875303
-0.010703615147198727
-0.01069280366910505
-0.010682102992873057
-0.010671511156123886
-0.010661039011898835
-0.0106506757513274
-0.010640409054901214
-0.01063024713680771
-0.010620185810083171
-0.010610234671497487
-0.010600393946949805
-0.010590657845425674
-0.010581031896570706
-0.010571509334628689
-0.010562130447263028
-0.010552848996243031
-0.010543648062259027
-0.010534553496513638
-0.010525559020500874
-0.010516633534417457
-0.010507821179715375
-0.010499114006657422
-0.010490498487155612
-0.01048198659085343
-0.010473584124333486
-0.010465295284488139
-0.010457092968913772
-0.010448969589153548
-0.010440974727140725
-0.010433091576394151
-0.010425286884988455
-0.010417583806215026
-0.010409955607554268
-0.010402447831276541
-0.010395048384475958
-0.010387773346704281
-0.010380577938688617
-0.010373534425937272
-0.010366609981808423
-0.010359754803570594
-0.01035300765445813
-0.010346362748910492
-0.010339845330983437
-0.0103333852540833
-0.010326995274964248
-0.010320751014122604
-0.010314609352010704
-0.010308564644941568
-0.0103026188299824
-0.010296785507016185
-0.010291047368290507
-0.010285401050027194
-0.010279889313525116
-0.010274469226456676
-0.010269149852257506
-0.01026392523571064
-0.010258812676764074
-0.010253797254803708
-0.010248905857004626
-0.010244115021063841
-0.010239417773088346
-0.010234783787106324
-0.010230208305768014
-0.01022572323619535
-0.010221360739233732
-0.010217103977037763
-0.010212931221315207
-0.010208837123680635
-0.010204843798509293
-0.010200952870475835
-0.010197157067466652
-0.010193460880825756
-0.010189883455855243
-0.010186384775179556
-0.010183002175686538
-0.010179694203007622
-0.010176470833391552
-0.010173351242528682
-0.010170322746700268
-0.010167382516918438
-0.01016453541013943
-0.010161776170290834
-0.010159104618569656
-0.01015653433576649
-0.010154026257856445
-0.010151620094413425
-0.010149308660213581
-0.010147077290726508
-0.010144940340138981
-0.010142892906974807
-0.010140936094249164
-0.01013907260202595
-0.010137295853856533
-0.010135606650805179
-0.010134013782191767
-0.010132513098038757
-0.010131105593484886
-0.010129786538054113
-0.010128554933067848
-0.010127418786988314
-0.010126378452013857
-0.010125431568645198
-0.010124577254953812
-0.010123805066665952
-0.010123130111282377
-0.010122529107662209
-0.01012202963662689
-0.010121630247345989
-0.010121310407806857
-0.010121100641039627
-0.010120970746330615
-0.010120947987673719
-0.010121011136167896
-0.0101211575012233
-0.0101213956446137
-0.010121733066388139
-0.010122176542775904
-0.010122698911392022
-0.010123324965735654
-0.010124045378901896
-0.010124858466105625
-0.010125741348682974
-0.010126708432276726
-0.01012777673781778
-0.01012893823404779
-0.010130177095472466
-0.010131517120423393
-0.01013294506400348
-0.0101344597781898
-0.01013606061646264
-0.010137746349951684
-0.01013951072498561
-0.010141353191190439
-0.010143276132821167
-0.010145305996959153
-0.010147412195940519
-0.010149607921414311
-0.010151908026103218
-0.010154299536659365
-0.010156785085526917
-0.010159367582145869
-0.010162030789985267
-0.01016480154614665
-0.010167668792704306
-0.010170636558138713
-0.01017368679253147
-0.010176845386766062
-0.010180104989562209
-0.01018345483935247
-0.010186909357987613
-0.01019045410854948
-0.010194101362539999
-0.01019783944778284
-0.01020167236971564
-0.010205605636463383
-0.0102096370726737
-0.010213763477497454
-0.010218002633624747
-0.010222329821041832
-0.010226760114455247
-0.01023130014474081
-0.010235943942040892
-0.010240683637042778
-0.010245523526333886
-0.010250464851607542
-0.010255521119338612
-0.010260667677819182
-0.01026591446633098
-0.010271275006211686
-0.01027674336953835
-0.010282310639529552
-0.010287985468475962
-0.01029375122285233
-0.010299630364881292
-0.010305620224872912
-0.01031171108618684
-0.010317907913771865
-0.010324221898650746
-0.010330646998526172
-0.010337179528948076
-0.010343814966965056
-0.010350561617491415
-0.010357414860029715
-0.01036437789715328
-0.010371440038935234
-0.010378616545797607
-0.010385902307979467
-0.010393284626067801
-0.010400763451957784
-0.010408354582623116
-0.010416042104062634
-0.010423826376274849
-0.010431724236477325
-0.010439724495360105
-0.010447841239473236
-0.010456060627793903
-0.010464401804489796
-0.010472802852727992
-0.010481338773490128
-0.010489990607989748
-0.010498743792662166
-0.010507623922891026
-0.010516597535793752
-0.010525669225234435
-0.010534868487713475
-0.010544181123148012
-0.01055362788440401
-0.010563202318830442
-0.010572892536123828
-0.010582686896974999
-0.010592631083212834
-0.010602724165257676
-0.010612944445092014
-0.010623287637483693
-0.01063372248962451
-0.010644257356947621
-0.010654907896700252
-0.010665678640504401
-0.010676616989900224
-0.010687672732357515
-0.010698852310086826
-0.010710162774749314
-0.0107215931701322
-0.010733157412303362
-0.010744842405988447
-0.010756663152819495
-0.010768610304643348
-0.010780680158958372
-0.010792887540739777
-0.01080522827825718
-0.010817683908796734
-0.010830283148296104
-0.010842974248387195
-0.010855810240899277
-0.010868768379502698
-0.010881867536183872
-0.010895106539115516
-0.01090847268963715
-0.01092199632992467
-0.010935656875571678
-0.010949446280236532
-0.010963387819419284
-0.010977465085685246
-0.010991681281175381
-0.011006036554983648
-0.011020498512424664
-0.01103509412696908
-0.011049825117474989
-0.01106467846331117
-0.011079665137492839
-0.011094779863115033
-0.01111003220723323
-0.0111254216316579
-0.011140923626975023
-0.011156568482260366
-0.011172338914613812
-0.011188223782754483
-0.011204217303932966
-0.01122032401593311
-0.011236564390965532
-0.011252922565622513
-0.011269388892619244
-0.011285969192113006
-0.01130267323166889
-0.011319480095404857
-0.011336405160210214
-0.011353437610712011
-0.011370575645089058
-0.01138782839467313
-0.011405189574000928
-0.01142265552381324
-0.011440230018696915
-0.011457910493273717
-0.01147569572921002
-0.011493589242915722
-0.01151159132181813
-0.011529705051963244
-0.011547917946592913
-0.011566241078086176
-0.011584674218352397
-0.011603217570121662
-0.011621871629922268
-0.011640640252803076
-0.011659522676640123
-0.011678522420790793
-0.01169764430042533
-0.011716887976584472
-0.011736257773568043
-0.011755756411646176
-0.01177538838459088
-0.011795156900595636
-0.011815061278410267
-0.01183510913544774
-0.011855295760773018
-0.01187564788279747
-0.01189615201478902
-0.011916811183620993
-0.011937639390038213
-0.011958643963823923
-0.011979822958569638
-0.012001182759365996
-0.012022727354305549
-0.012044468638303331
-0.012066392497413578
-0.012088499175948456
-0.0121108105964889
-0.012133317152901935
-0.012156045075509315
-0.012178990803532328
-0.012202162719342054
-0.012225553166798403
-0.012249179301678657
-0.01227301552135025
-0.01229706090391068
-0.012321337708162418
-0.012345856320973052
-0.012370613981744312
-0.012395612700007861
-0.012420854186478843
-0.012446338683458597
-0.012472068355526115
-0.012498040289314078
-0.012524268706291067
-0.012550745610416855
-0.012577470473629813
-0.012604448622912524
-0.012631681344557378
-0.012659167055088662
-0.01268691092150823
-0.012714910901722054
-0.012743167615300598
-0.012771681647385553
-0.012800453522404024
-0.01282948377918879
-0.012858772132849252
-0.012888316599804458
-0.012918128655606773
-0.012948186186044127
-0.01297849973802021
-0.013009076339451909
-0.013039917178362557
-0.013071017159830077
-0.013102388308744954
-0.013134027259676025
-0.013165932008881
-0.013198081594372921
-0.013230492486922341
-0.013263173941540581
-0.013296114985348497
-0.013329323489012678
-0.013362794197781804
-0.013396538106615912
-0.013430555763231
-0.013464846626325721
-0.013499408582077224
-0.013534244408799048
-0.013569355081106871
-0.013604743775917067
-0.013640411514757289
-0.013676360816516131
-0.013712593784337127
-0.01374911317224139
-0.013785921245163278
-0.013823020760814667
-0.013860416979995835
-0.013898110995319317
-0.013936102551178376
-0.01397439313396281
-0.014012980663480995
-0.014051871150332722
-0.014091066775382043
-0.014130573537571337
-0.01417039162968889
-0.014210532116365584
-0.014250999095983966
-0.014291782340275628
-0.014332891935414415
-0.014374316312135009
-0.014416068146549475
-0.014458161885119886
-0.014500592288969126
-0.014543364779863486
-0.014586480309738794
-0.014629942777832085
-0.014673758793974307
-0.014717916493970173
-0.01476242836528928
-0.01480730155412705
-0.014852547521469037
-0.01489817448541861
-0.014944173515728536
-0.014990537427811371
-0.015037281877370683
-0.015084419061510366
-0.015131950827710884
-0.015179875154235205
-0.015228199455019046
-0.015276920584213304
-0.015326028028500707
-0.015375549962597648
-0.015425482165670976
-0.01547583596544952
-0.015526614762190935
-0.01557781672549529
-0.01562946189512265
-0.015681553302400737
-0.01573406774765502
-0.01578701031758095
-0.01584040286078326
-0.015894247587726625
-0.015948534992064625
-0.016003270459989095
-0.016058459068147325
-0.016114098664738615
-0.016170587114474392
-0.016227542257586047
-0.01628492127300621
-0.016342775704507064
-0.016401130107771684
-0.016459478083068906
-0.016518931290399004
-0.016578817917857622
-0.01663920590968895
-0.016700120648435696
-0.01676157344350021
-0.016823575255706925
-0.016886137742360474
-0.016949272150598063
-0.01701299155703959
-0.01707730864682768
-0.017142231347150143
-0.017207766820304372
-0.017273913045176423
-0.01734068127149051
-0.01740807358260129
-0.017476108070585323
-0.01754479892991258
-0.017614150583194085
-0.017684170526209023
-0.017754870227434855
-0.017826256992027632
-0.01789833917294142
-0.01797112981497558
-0.018044640562162702
-0.01811888128751917
-0.018193862637007036
-0.01826959625476016
-0.018346086697506356
-0.018423348965986436
-0.018501393743681458
-0.018580234592261102
-0.018659886887296542
-0.018740342217852538
-0.018821616665955117
-0.018903724582664445
-0.01898668045100325
-0.019070498034726057
-0.019155189098654237
-0.019240767602003998
-0.01932724456424118
-0.019414629919136246
-0.01950293918740623
-0.01959218207692174
-0.01968237044772694
-0.019773520733724365
-0.019865651924469967
-0.019958794859915013
-0.020052990375483717
-0.020148299666442646
-0.020244830785829518
-0.020342964059772223
-0.020441838269702715
-0.02054180260052864
-0.020642904117170482
-0.02074518124083022
-0.02084867052117337
-0.020953398449368086
-0.02105938868513779
-0.021166666153870056
-0.0212752479635098
-0.021385161213571462
-0.021496430449547105
-0.02160907902120086
-0.02172313125499386
-0.021838612441953148
-0.021955550597466
-0.02207397178107138
-0.0221939043611867
-0.022315378043860894
-0.022438423382646566
-0.02256306522712866
-0.022689335431498238
-0.022817268045843726
-0.022946896524353586
-0.023078257623544342
-0.023211384324452057
-0.02334631289040867
-0.023483078795828664
-0.02362172091183807
-0.023762277421675495
-0.023904786745721017
-0.024049281221483785
-0.024195793583537722
-0.02434436540292981
-0.024495040307819006
-0.024647861813913624
-0.024802872401256087
-0.02496011505585246
-0.02511963109107137
-0.025281461887380945
-0.025445649024581865
-0.02561223428401812
-0.025781258488827518
-0.025952761844555562
-0.026126783580530714
-0.026303365431528645
-0.02648254801248086
-0.0266643737082091
-0.026848886769432017
-0.027036133725820206
-0.02722616925633469
-0.027419057775393035
-0.027614880576541063
-0.027813743844008715
-0.028015795989166547
-0.028221245027018525
-0.028430388116005272
-0.028643648984525268
-0.028861613671047635
-0.029085011461212774
-0.02931455210569713
-0.029550556146218078
-0.029792659551695515
-0.03004009817099895
-0.03029227442192214
-0.030548981449494073
-0.030810295571941315
-0.03107643296482429
-0.03134766697691749
-0.03162429258218475
-0.0319066073860886
-0.03219490613471415
-0.0324894799637739
-0.03279061493214767
-0.03309863126895786
-0.033413764913293745
-0.03373630404651087
-0.03406654230463413
-0.03440478168758264
-0.03475133479962142
-0.035106525768709165
-0.035470692225719566
-0.03584418618901533
-0.03622737575696108
-0.036620646471190975
-0.03702440317201867
-0.03743907122085939
-0.03786509797485189
-0.03830295492533757
-0.0387531404812837
-0.03921618241676257
-0.03969264125106033
-0.04018311360470714
-0.04068823641050443
-0.04120869188154172
-0.04174521328907511
-0.04229859225429666
-0.042869688969396
-0.04345943682227656
-0.04406886050900514
-0.04469909099963276
-0.04535138574162336
-0.04602715404381386
-0.04672799249340025
-0.04745571999543874
-0.048212439126859664
-0.04900060169936461
-0.04982310200040759
-0.05068337470866337
-0.05158558103681437
-0.05253478172313113
-0.053537203628841894
-0.05460057997038551
-0.05573459442144608
-0.05695146430297155
-0.058266705514427294
-0.059700140788357406
-0.061277222528167086
-0.0630307682452495
-0.0650032512997137
-0.06724978953194319
-0.06984217139322865
-0.07287406200270648
-0.07646786981443274
-0.08078385497765728
-0.08603211608922465
-0.09248840792857521
-0.1005150147117448
-0.11058831000416257
-0.12333518912974692
-0.13958106658736558
-0.16041353017263427
-0.1872663342040088
-0.2220305317320177
-0.2672015097071991
-0.3260736151290832
-0.4029978698662206
-0.5037233983224632
