-0.499461286469355
-0.3945913415301182
-0.31447985524607314
-0.25318113041021467
-0.20618612733721134
-0.17007386034180566
-0.14224773951537875
-0.12073605732718247
-0.10404094831229224
-0.09102398716609454
-0.08081951389455067
-0.07276893175174529
-0.066370896511709
-0.061243512056619855
-0.057095666031392225
-0.053705265420381926
-0.05090270757874275
-0.04855833123587737
-0.04657288027290976
-0.0448702567479919
-0.04339201086393502
-0.042093151115198686
-0.040938956999786585
-0.039902553475880995
-0.03896306406027263
-0.03810420258700723
-0.03731320313796878
-0.03658000120054819
-0.03589661017382886
-0.035256646622522175
-0.03465496589223905
-0.0340873819300448
-0.03355045686443817
-0.033041339357052855
-0.03255763905641874
-0.03209732733530308
-0.031658608452454155
-0.031240011021628076
-0.030840215514065124
-0.03045805649674418
-0.030092489943101243
-0.02974258187985668
-0.029407482138232913
-0.029086413302176466
-0.028778663085178652
-0.028483576951560105
-0.02820054281790372
-0.027928996445340998
-0.02766841168811423
-0.02741829457031661
-0.02717818138506337
-0.0269476391613171
-0.026726265326868785
-0.026513681667313303
-0.026309530524477598
-0.026113474417105348
-0.02592520644370744
-0.025744397360118673
-0.025570801324764292
-0.025404154296159484
-0.025244208602688348
-0.02509072310654515
-0.024943479311636204
-0.024802263909313255
-0.02466687697301054
-0.024537039865920526
-0.024412594479431907
-0.024293374316886253
-0.024179221806253443
-0.024069985029024868
-0.023965513282690764
-0.023865669149556377
-0.023770332689809638
-0.023679374617382894
-0.023592680560859412
-0.023510146946683953
-0.023431664721507067
-0.023357131398637786
-0.023286461822187323
-0.0232195690208083
-0.023156368529617652
-0.023096788584704625
-0.02304075502875381
-0.022988194940820952
-0.022939055286450263
-0.0228932801773642
-0.02285080688599919
-0.02281158823425087
-0.022775578850057727
-0.022742733819925674
-0.02271302297259188
-0.02268639995806874
-0.022662837177357065
-0.022642311811396105
-0.022624789678650198
-0.022610262192921216
-0.022598708015785854
-0.02259010750686526
-0.02258444725919611
-0.022581731966297276
-0.022581952710931743
-0.022585113446380117
-0.022591205542969676
-0.022600247836887095
-0.022612245404582093
-0.0226272158478613
-0.02264516255660915
-0.022666115595944572
-0.022690094329807738
-0.022717130654370827
-0.022747240756823082
-0.022780470719175716
-0.02281685259352722
-0.02285643610092434
-0.02289924716796701
-0.022945351250736937
-0.022994764195951086
-0.023047572550655666
-0.02310382371790531
-0.023163589966873406
-0.023226930693950158
-0.02329392452471804
-0.02336465177764267
-0.023439249767610734
-0.023517758290922924
-0.02360028225016402
-0.02368691269184284
-0.023777767824907876
-0.02387294860892653
-0.023972584666698188
-0.024076796190616177
-0.02418572373751125
-0.02429950445313646
-0.02441829196558593
-0.024542247717413354
-0.02467153086227025
-0.024806312692887213
-0.024946788898470514
-0.0250931521054226
-0.0252456136710301
-0.025404391349366277
-0.0255697237634929
-0.02574185525144421
-0.025921043666227318
-0.026107561243324355
-0.026301707372034095
-0.026503787344988584
-0.026714131070464997
-0.026933064767761025
-0.027160996466584125
-0.027398302381210177
-0.02764539491148853
-0.02790271756908914
-0.028170744751714556
-0.028449985281108425
-0.028740975043895504
-0.029044299271845098
-0.029360588388808333
-0.029690524452312538
-0.0300348409979446
-0.030394332217987815
-0.03076987881990119
-0.031162450452388905
-0.03157311576402311
-0.03200308017759138
-0.03245368917069132
-0.03292651876344694
-0.03342333050000396
-0.03394619753699956
-0.03449755764129575
-0.03508032392606928
-0.035697977312937695
-0.03635474728868479
-0.03705582377775207
-0.037807633262002496
-0.03861820251050689
-0.0394976322605729
-0.04045874253795971
-0.04151781304868657
-0.042695746198307086
-0.0440193826207384
-0.04552341228957158
-0.04725284438190231
-0.04926606267083436
-0.05163907332092726
-0.054471007788848363
-0.057891365389363174
-0.062069510343730386
-0.06722731155409978
-0.0736555718522412
-0.08173581882959757
-0.09196897809879528
-0.10501316425802677
-0.12173351001146487
-0.14326788337444288
-0.17111359302039172
-0.20724182105646513
-0.25424872690286243
-0.3155550227998192
-0.39566970358059617
-0.5005387135306449
