-0.5134166751897498
-0.4922952436362458
-0.4725002044991695
-0.4539294296026165
-0.43648984959128606
-0.42009655156102194
-0.40467197268613975
-0.3901451883613712
-0.376451272415961
-0.3635307272711646
-0.3513289714584268
-0.33979588651129855
-0.3288854035114239
-0.3185551371728223
-0.3087660533938242
-0.2994821715525483
-0.29067029507930003
-0.2822997698915494
-0.2743422652313651
-0.26677157443903193
-0.25956342804777216
-0.2526953552893704
-0.2461465123644576
-0.23989755723038814
-0.2339305251560116
-0.22822871955098883
-0.22277661142612967
-0.21755974658585933
-0.2125646602718205
-0.20777880304077967
-0.20319046951003605
-0.1987887325970243
-0.19456338649445948
-0.19050489189802
-0.18660433036332066
-0.18285334393557126
-0.17924411787067604
-0.17576932774217396
-0.17242210646232645
-0.16919600316574457
-0.16608496430860414
-0.16308330615793953
-0.1601856871523508
-0.15738708502240845
-0.1546827702541561
-0.15206829248944842
-0.14953945241653266
-0.14709229586886466
-0.1447230928465661
-0.14242832478541378
-0.1402046688868839
-0.1380489820507913
-0.13595829364904713
-0.13392980973768556
-0.13196087987860464
-0.13004897614407587
-0.12819173279395682
-0.12638687379324232
-0.12463227924186861
-0.12292591423837451
-0.12126584383499776
-0.11965024264951853
-0.11807737356998
-0.11654559598251844
-0.11505330961999585
-0.11359900790244609
-0.11218128891701624
-0.11079883583382824
-0.10945033811065465
-0.108134559475955
-0.1068503584048161
-0.10559661094647835
-0.10437208108164496
-0.10317590630256325
-0.10200712982382237
-0.1008647753151784
-0.09974790161192501
-0.09865572894793277
-0.09758750223777535
-0.0965424049088678
-0.09551961362953001
-0.09451849352390267
-0.09353834522057453
-0.09257849586323416
-0.09163835311184527
-0.09071730521426288
-0.08981481695827255
-0.0889302774501563
-0.0880632070780511
-0.08721302140144244
-0.08637933426491536
-0.08556164266528095
-0.08475952927944734
-0.08397255741129102
-0.08320028928205546
-0.08244233292851987
-0.08169837187070081
-0.08096785594752161
-0.08025058399764501
-0.07954624463817209
-0.07885454060844796
-0.07817515158343342
-0.07750784838221333
-0.07685223411800557
-0.0762080625858288
-0.07557515666791312
-0.07495319743363915
-0.07434194497552786
-0.07374118257805341
-0.07315068937832553
-0.07257035881557578
-0.07199990648960738
-0.07143787214212813
-0.07088566256425645
-0.07034262444194705
-0.06980885125142507
-0.06928397479535446
-0.06876803057557385
-0.06826043739092177
-0.06776145612568306
-0.0672710590594928
-0.06678888982085208
-0.06631451081210527
-0.0658485073791188
-0.06539098243444262
-0.06493594805955107
-0.06449288555964044
-0.06405139209066041
-0.06361413147791288
-0.06318378897292773
-0.06275983976171196
-0.06234247478173669
-0.0619314777153128
-0.061526783410074275
-0.06112811473505748
-0.06073511184929093
-0.06034799924066888
-0.059966553614734436
-0.05959064614392275
-0.05922008974492503
-0.05885469228997735
-0.05849426428250617
-0.058138714871131675
-0.05778782776222996
-0.05744128479658496
-0.05709887831053042
-0.056760317230717075
-0.05642542428201459
-0.05609412714642324
-0.05576609218499632
-0.05544082959478185
-0.05511817050517515
-0.05479806726880251
-0.05448000120751896
-0.05416398817477209
-0.05384977538303526
-0.05353714826258538
-0.053226276197269974
-0.05291701904970842
-0.05260938998301486
-0.05230379901403141
-0.05200019732439745
-0.05169866801088723
-0.051399112760172394
-0.05110189948241133
-0.050807104333559165
-0.05051472313869736
-0.05022476242402213
-0.049937227718655934
-0.049652195356720025
-0.049369719084972515
-0.04908971292768523
-0.04881235412257906
-0.04853755394676415
-0.04826550833824849
-0.047996040894630596
-0.047729661170258
-0.047465946902323176
-0.04720511607001894
-0.046947386741205625
-0.04669251311920555
-0.04644052749639523
-0.04619141690524554
-0.04594517349873479
-0.04570187279176335
-0.04546137173754908
-0.045224026491965746
-0.04498969061840134
-0.0447582610518042
-0.04452983984820649
-0.044304375776686625
-0.04408186211416659
-0.04386223431677986
-0.043645502545445185
-0.043431523811956176
-0.04321996702932438
-0.043011411676505074
-0.04280568442859312
-0.04260265656623655
-0.04240154119230235
-0.04220295239870964
-0.04200622678288635
-0.041812579873817514
-0.04162159179110921
-0.04143294009083398
-0.04124626332853024
-0.04106185214441146
-0.04087943143121551
-0.04069905101961103
-0.040520685545938885
-0.040344382088030525
-0.04017029865130611
-0.03999782923634255
-0.03982733104083651
-0.03965872850088547
-0.039491870643322234
-0.0393270480941105
-0.039160837433708066
-0.03899931887864589
-0.03883942137124821
-0.0386795475614772
-0.03852271062462015
-0.03836736001884676
-0.038214082588569516
-0.038061303532735936
-0.037910944241449925
-0.03776168906390572
-0.037614456397125996
-0.03746837369310217
-0.03732303872998068
-0.037180129551746766
-0.03703897774321768
-0.036897379831299065
-0.0367548657131096
-0.0366172721564888
-0.03648042243007152
-0.03634232281006887
-0.036206525334327194
-0.03607102181884561
-0.03593740777128202
-0.035808400086012535
-0.035677336152510924
-0.03554754550574141
-0.0354224788370796
-0.035297130611092895
-0.03517027051612698
-0.03504419939490128
-0.034923050454398995
-0.034799267625106226
-0.03467655850244783
-0.034557410083918265
-0.034439171575143694
-0.03432231400226623
-0.03420700728835334
-0.03409161696072492
-0.03397751030838458
-0.03386442827485962
-0.03375222516312276
-0.033641075912303336
-0.033530235965614
-0.033419589694171574
-0.033310902406161025
-0.03320331158111425
-0.03309775031394563
-0.03299142347587354
-0.03288582854445917
-0.03278109589476991
-0.03267809700120865
-0.032576055490687414
-0.03247603279750123
-0.03237657912644441
-0.03227781478362507
-0.03217887009939083
-0.03208151561118234
-0.03198486298974928
-0.03189011142730162
-0.03179528689672885
-0.031703013164976285
-0.031611491952576454
-0.03152054104878468
-0.031429363665422
-0.03133983476165341
-0.031249912583643083
-0.03116126883966571
-0.031073392005360963
-0.030986065749170993
-0.030900201583447678
-0.03081606947617489
-0.030732283325521033
-0.030648587466117108
-0.0305659869523452
-0.03048327610055565
-0.03040190894944342
-0.030321622614544637
-0.03024199148398889
-0.030163621187131284
-0.030085010479904414
-0.03000700057782882
-0.029929793783918537
-0.029853299835334184
-0.029777198673430566
-0.029702254590948468
-0.02962815929067201
-0.029554692603552313
-0.029482320166464664
-0.029410146927124774
-0.029338257362251458
-0.029268138791899954
-0.029199031073789742
-0.029130016605729777
-0.029061484117504907
-0.0289934519607184
-0.02892616436491906
-0.028859353435053393
-0.028793103158130585
-0.028727949193501842
-0.02866321530591561
-0.02859921728381548
-0.028535972750301352
-0.028473134262093545
-0.028411027784391932
-0.028349483947581026
-0.028288507031035123
-0.028228025497264775
-0.028167987550077676
-0.02810864439449092
-0.028050053232095508
-0.027991788819149266
-0.027934336447915965
-0.027877407505175898
-0.027820992104713962
-0.027765427585246517
-0.02771042115730099
-0.02765591456491457
-0.02760191674777266
-0.027548717951658263
-0.027495859959338113
-0.02744355936870037
-0.0273916635864943
-0.027340121790013352
-0.027289355385417744
-0.027238847300581247
-0.027189213370282145
-0.02714021814437761
-0.02709158680550718
-0.02704369977682892
-0.026996385182471314
-0.026949243119004766
-0.026902642895250645
-0.02685692487545082
-0.02681170575689297
-0.026766766872554224
-0.02672248601372242
-0.026678711793494087
-0.02663492601119846
-0.026592031788775644
-0.02654990767955856
-0.026508259102524925
-0.026467130350402383
-0.026426325771682864
-0.026385947771374443
-0.026346073857725884
-0.026306614105346845
-0.02626756664480132
-0.026228906274255854
-0.026190729884253156
-0.026152817895552297
-0.026115317507536425
-0.026078177498623106
-0.026041400096596647
-0.026004854983102677
-0.0259684988608852
-0.025932432669536626
-0.025897158593627647
-0.02586212885731895
-0.02582760877716359
-0.025793276052237052
-0.025759485680764617
-0.025725918111902
-0.025692972418236534
-0.02566039798589651
-0.025628040820098928
-0.025595899413253374
-0.025564175572214208
-0.025532878641253896
-0.025502056025563574
-0.025471239694357942
-0.02544070743669647
-0.025410533124219748
-0.025380687540474647
-0.02535115329745982
-0.025321909766410307
-0.025292904141772436
-0.025264209002063092
-0.025235738524124644
-0.02520752981813501
-0.025179612514264888
-0.025151963693721274
-0.0251247660577294
-0.025097796557766
-0.025070942782179063
-0.025044474047732867
-0.025018131352753478
-0.02499205888330057
-0.024966098588830674
-0.024940148328953103
-0.024914422752288463
-0.024888823930935042
-0.024863407505331236
-0.024838358430903394
-0.02481361186720707
-0.02478919116241902
-0.024765004381827573
-0.02474117286809618
-0.024717712082828854
-0.024694436746267406
-0.024671750958043123
-0.02464965507181589
-0.024628259145891736
-0.024607626788386325
-0.024587989886999142
-0.024569374798127146
-0.024551838217398224
-0.024535372392018
-0.024519863808700144
-0.02450541451199366
-0.024491886878103022
-0.024479270322219405
-0.024467529694628645
-0.02445680309303896
-0.024446815164004532
-0.02443762079444386
-0.024429144478195667
-0.024421318911791424
-0.02441398411448454
-0.024407197727461832
-0.024400831251598382
-0.024394942119864843
-0.02438933405328926
-0.024384327225148546
-0.024379589992258213
-0.024375111929968815
-0.024370999359258322
-0.02436729281268839
-0.02436370907541942
-0.02436053330651382
-0.024357379035692097
-0.02435466415880209
-0.024352181069652677
-0.02434994953948201
-0.024347943064772764
-0.024346163627116373
-0.02434459492805614
-0.024343199416487184
-0.024342073101674255
-0.024341227224976895
-0.024340561016532623
-0.02434021126747661
-0.024340086538241153
-0.024340256986896746
-0.02434079990247516
-0.02434163863500367
-0.024342864303209574
-0.024344053777112264
-0.024345480937950557
-0.02434702053844141
-0.024349050288366876
-0.024351391395891275
-0.02435400088983133
-0.024356770037158245
-0.024359784417413318
-0.024363149118200433
-0.024366791924849147
-0.024370708895834953
-0.024374887023351763
-0.024379373816751055
-0.024384190212085034
-0.02438932929066019
-0.024394749680609992
-0.02440036246443209
-0.02440634538772886
-0.024412645760941407
-0.024419277945150607
-0.02442620971367876
-0.02443344120517577
-0.024440987830923893
-0.024448855575464647
-0.02445706178035622
-0.024465598526941718
-0.024474523643583705
-0.024483811984249017
-0.024493432382630593
-0.024503360360781146
-0.024513617077308498
-0.024524230311521338
-0.02453509013908807
-0.02454633525737155
-0.02455799876465375
-0.02456999119625778
-0.024582366693813557
-0.02459500104080557
-0.024607913685644623
-0.02462119128206041
-0.024634804327206654
-0.024648791402476163
-0.02466310731792639
-0.024677807486490084
-0.024692846110228057
-0.024708221056823753
-0.024723924102199705
-0.024739940170801014
-0.02475632381573377
-0.024773048114443925
-0.02479002669348985
-0.024807451864405236
-0.024825215495772154
-0.02484320416115453
-0.02486174169622893
-0.024880435045448852
-0.024899691096150384
-0.024919222183719895
-0.02493910295107052
-0.02495935671262065
-0.024979915912726733
-0.02500084517262888
-0.025022079137623002
-0.025043511380043734
-0.025065287162350142
-0.02508731392950019
-0.02510964406199267
-0.025132246103098835
-0.025155161552790496
-0.02517837357075937
-0.025201991919207058
-0.02522579404925204
-0.025250042978679537
-0.025274656192231005
-0.025299603885280988
-0.025324866998298078
-0.02535026802282658
-0.02537617419590188
-0.025402312816934416
-0.025428815526798525
-0.025455562847474803
-0.02548257493836786
-0.025510018419857606
-0.025537599645594426
-0.02556550328760228
-0.025593764078928143
-0.02562246838916374
-0.025651585888357743
-0.02568102036937211
-0.025710808013024437
-0.025740877621248718
-0.025771429773044873
-0.02580221055464955
-0.02583327919776314
-0.025864680360028636
-0.025896419002456754
-0.025928456642428755
-0.025960764802801118
-0.025993509966483648
-0.026026622813060334
-0.026060083874959866
-0.0260939061273952
-0.026128007534603193
-0.026162481154792864
-0.026197294755111043
-0.02623254482275501
-0.02626842481992085
-0.02630450839236846
-0.026341061794757967
-0.026377842356781474
-0.026415139572710775
-0.02645257806415705
-0.026490563811237638
-0.026528913238964964
-0.02656765668424296
-0.026606775671420772
-0.026646289314086108
-0.026686189567202655
-0.026726443191655062
-0.02676713533902194
-0.026808282211710117
-0.02684977645121273
-0.026891501546977382
-0.02693369764164441
-0.026976366149335157
-0.02701952867268437
-0.027063095377817002
-0.027106966905719464
-0.02715127501075809
-0.0271963540440783
-0.027240962355741454
-0.027285495467745623
-0.027330337606022236
-0.02737517124538835
-0.027420325246943177
-0.027465820093016576
-0.027511665649598564
-0.027558237715953116
-0.027604946872217373
-0.02765207226488426
-0.02769941023810668
-0.027747050118825365
-0.027795119476153776
-0.027843548022539175
-0.02789230587003406
-0.027941452590560596
-0.027990937036369293
-0.028040849658510815
-0.028091235138305824
-0.02814191005712978
-0.028192956158149422
-0.028244378436815154
-0.028296136359285226
-0.028348391451283535
-0.0284009515832426
-0.028453985823752834
-0.02850739376539375
-0.028561170050236395
-0.028615348376031653
-0.02867023255736698
-0.028725339575295557
-0.028780724320366744
-0.028836478501219735
-0.0288928343857062
-0.028949566914623904
-0.029006624771271486
-0.02906404083652394
-0.029121861949367576
-0.029180214434740386
-0.029238917555038397
-0.029298138329947366
-0.02935772797495809
-0.029417948090715774
-0.029478390493513747
-0.029539315347164197
-0.02960062276008749
-0.02966237021597473
-0.029724509594887868
-0.029787157732083347
-0.029850305177873807
-0.029913750241377907
-0.02997785082992285
-0.03004231727032044
-0.030107295592460327
-0.030172651901940538
-0.03023849754606605
-0.030304751831266213
-0.030371443585431153
-0.030438864305479027
-0.030506570049694006
-0.03057465721533434
-0.030643273409749563
-0.030712297973839245
-0.030781847021552153
-0.030851745314539932
-0.030922054660772868
-0.03099283267128992
-0.031064132836938815
-0.03113587943868783
-0.031208083292419486
-0.03128076057072601
-0.03135393080224975
-0.031427546442804676
-0.031501806360656186
-0.031576425713324516
-0.03165153257119621
-0.03172715293843342
-0.03180328993778226
-0.03188022060436333
-0.031957284689751404
-0.0320350178621504
-0.03211315051946185
-0.03219175219393299
-0.032271017606256114
-0.032350769968717996
-0.0324310499781201
-0.03251187955751324
-0.032593230096711535
-0.032675262923429774
-0.03275745457691182
-0.03284018584009463
-0.03292378738315675
-0.033007792139039475
-0.033092447805155134
-0.03317780335420094
-0.03326363771099707
-0.03334989975866396
-0.033436850385740666
-0.03352441890364411
-0.0336124323945503
-0.033700824428294716
-0.033790118242056064
-0.03387986168038729
-0.03397025179361032
-0.03406121477254512
-0.03415277822474497
-0.03424493662024288
-0.03433772935599712
-0.034430805873248156
-0.034524743164703324
-0.03461908833124354
-0.034714458478380485
-0.03480999367041739
-0.03490601801212801
-0.03500276084298041
-0.0351000120961492
-0.03519789441414267
-0.0352963796516968
-0.03539567622082114
-0.035495584356967015
-0.03559658003593021
-0.03569793114560714
-0.03580027005873969
-0.03590335997361376
-0.03600696177695419
-0.03611130835325861
-0.03621639739884754
-0.036322283064093956
-0.036428801827712826
-0.03653594657315142
-0.03664383189225718
-0.036752252451919966
-0.036861495491568794
-0.036971475601896425
-0.03708220163796197
-0.03719402518302342
-0.03730614485005467
-0.03741924700104862
-0.03753367266798682
-0.03764891212360534
-0.03776436997300572
-0.03788042355643121
-0.03799736215333806
-0.0381155176087855
-0.03823431209903354
-0.03835588733733669
-0.038476174248686414
-0.038599396733606274
-0.0387232697146636
-0.038846480774861115
-0.03897072633892928
-0.039096871100781964
-0.03922303335363517
-0.03935004711525932
-0.03947954955380215
-0.03960847320947238
-0.0397379800270785
-0.03986838085521663
-0.04000019980473135
-0.04013447982282968
-0.04026960348408044
-0.04040534133782935
-0.04054150473701992
-0.04067975837063972
-0.04081888829410382
-0.0409592012266461
-0.04110055725311333
-0.04124228459323676
-0.04138575438293871
-0.04153040079152397
-0.04167610512213585
-0.041822540146243904
-0.04197038328633584
-0.0421194476811738
-0.0422696348212202
-0.04242099811635322
-0.042573588933086326
-0.042727323343297346
-0.04288232897053399
-0.043038573063532745
-0.043196005799800506
-0.043354606575796345
-0.04351449320730629
-0.043675714665851836
-0.043838348007983
-0.04400226527062704
-0.04416762756814311
-0.044334341565092424
-0.04450231291435953
-0.04467175909469491
-0.04484257975881516
-0.04501485332883709
-0.04518855385963566
-0.045363725999751296
-0.045540367179719085
-0.045718519014427264
-0.04589817201601707
-0.046079325357927026
-0.04626204355266579
-0.046446290675953975
-0.04663211255496585
-0.04681959822925471
-0.04700872588520476
-0.04719948536993825
-0.04739198034507746
-0.04758616128760293
-0.047782053723290537
-0.04797968297981158
-0.048179122124507985
-0.04838034105741077
-0.04858338806293855
-0.04878824762915748
-0.04899490673964114
-0.04920346485947371
-0.04941390334821939
-0.04962625286340419
-0.04984056477592864
-0.05005683563536472
-0.05027513235323072
-0.0504954657599671
-0.050717893907772614
-0.05094236285461193
-0.05116893704251727
-0.051397590321239764
-0.05162836095404599
-0.051861339415675924
-0.052096511887992664
-0.052333895766957975
-0.05257352745212905
-0.05281543320965001
-0.05305962097783098
-0.053306179359565616
-0.053555217868926926
-0.053806650582580974
-0.05406052489635913
-0.054316858008455884
-0.05457567654678103
-0.05483698329255682
-0.055100825304501645
-0.055367248607935196
-0.05563622527939413
-0.05590781090930682
-0.05618200709832339
-0.05645881965559276
-0.056738334431817784
-0.057020543833865484
-0.05730549865480136
-0.0575931811484818
-0.057883618041387565
-0.05817688107666203
-0.058472985859505236
-0.058771937593564604
-0.05907378395551992
-0.05937846046783743
-0.059686205482828276
-0.05999685254775119
-0.060310573860934864
-0.06062739856004317
-0.06094741355627281
-0.0612706584772587
-0.06159720766036202
-0.06192716775775325
-0.062260579504858804
-0.06259751540000467
-0.06293804959361667
-0.06328232042218128
-0.06363047957430373
-0.06398262225915709
-0.06433891090357265
-0.06469943777580826
-0.06506433158388217
-0.06543370233194581
-0.0658076817596196
-0.06618640595613569
-0.06656995379079235
-0.06695847942605354
-0.06735208719633852
-0.06775088101318318
-0.06815499757197674
-0.06856441157387191
-0.06897934516118222
-0.06940000292920782
-0.06982651467091255
-0.07025902400794572
-0.0706977081250052
-0.07114270197986668
-0.07159414395702318
-0.07205224222426562
-0.07251714492772608
-0.07298900924655972
-0.07346801561752256
-0.0739542718350018
-0.07444807673639602
-0.07494941757024799
-0.0754587409215443
-0.07597604151730634
-0.07650160972570044
-0.07703566465720789
-0.07757839733390373
-0.07812997538983613
-0.0786906036648208
-0.07926054976610927
-0.0798401355531202
-0.08042955988648726
-0.08102904260047061
-0.08163884813223833
-0.08225926385955351
-0.08289048780201638
-0.08353278234736103
-0.08418649064287029
-0.08485179968987829
-0.08552904606002396
-0.08621853852224601
-0.0869206180736336
-0.08763558248449532
-0.0883638613823521
-0.08910575868720236
-0.08986172404539541
-0.09063209009753673
-0.09141727360427597
-0.092217798226186
-0.09303404802655138
-0.09386787613692067
-0.09471816640324944
-0.0955856926575168
-0.09647099773957311
-0.09737462509031954
-0.09829718188649746
-0.09923931060079023
-0.10020165806576736
-0.10118494273858562
-0.10218989127809668
-0.10321724427227996
-0.10426780179101913
-0.10534238976255882
-0.1064417624064868
-0.10756686511718871
-0.1087186007924234
-0.10989791406157101
-0.11110581012693281
-0.11234332303778105
-0.11361158312329486
-0.11491174845136536
-0.11624501407877866
-0.1176126543662124
-0.11901598908280683
-0.1204563851705116
-0.12193530073621803
-0.12345428492619251
-0.12501496102500081
-0.12661906031950437
-0.1282683774063454
-0.12996483868175165
-0.13171048207324454
-0.1335074357751065
-0.13535797448454523
-0.13726451773172724
-0.1392295989266422
-0.14125592136202986
-0.14334634981557637
-0.1455039512011568
-0.14773185601254724
-0.15003359080999606
-0.15241278951692844
-0.154873324847635
-0.1574193085986413
-0.16005538368066072
-0.1627859301954814
-0.16561591699506423
-0.1685506324350824
-0.17159571984687336
-0.174757201466578
-0.17804149085219362
-0.18145545614114036
-0.18500643466132846
-0.18870227511109752
-0.19255138414814416
-0.19656277243976222
-0.20074610198113294
-0.2051117392485839
-0.20967082140491491
-0.21443531571782032
-0.21941809405422552
-0.2246330117176968
-0.2300949950762601
-0.235820147435136
-0.2418258228494225
-0.24813078036764386
-0.25475529918908657
-0.26172131739320664
-0.2690526057912906
-0.27677493477021325
-0.28491628612646386
-0.29350706367524243
-0.3025803275259175
-0.3121737019854844
-0.3223250676464519
-0.33307721574069415
-0.3444769448372036
-0.3565754655029474
-0.36942888639472093
-0.38309876076363986
-0.3976527024199961
-0.41316508685912257
-0.4297207145800278
-0.4474072676494983
-0.4663246083339458
-0.48658332481025024
